"LocID","VarID","Time"
4,3,"2015-2020"
4,3,"2020-2025"
4,3,"2025-2030"
4,3,"2030-2035"
4,3,"2035-2040"
4,3,"2040-2045"
4,3,"2045-2050"
4,3,"2050-2055"
4,3,"2055-2060"
4,3,"2060-2065"
4,3,"2065-2070"
4,3,"2070-2075"
4,3,"2075-2080"
4,3,"2080-2085"
4,3,"2085-2090"
4,3,"2090-2095"
4,3,"2095-2100"
4,4,"2015-2020"
4,4,"2020-2025"
4,4,"2025-2030"
4,4,"2030-2035"
4,4,"2035-2040"
4,4,"2040-2045"
4,4,"2045-2050"
4,4,"2050-2055"
4,4,"2055-2060"
4,4,"2060-2065"
4,4,"2065-2070"
4,4,"2070-2075"
4,4,"2075-2080"
4,4,"2080-2085"
4,4,"2085-2090"
4,4,"2090-2095"
4,4,"2095-2100"
4,5,"2015-2020"
4,5,"2020-2025"
4,5,"2025-2030"
4,5,"2030-2035"
4,5,"2035-2040"
4,5,"2040-2045"
4,5,"2045-2050"
4,5,"2050-2055"
4,5,"2055-2060"
4,5,"2060-2065"
4,5,"2065-2070"
4,5,"2070-2075"
4,5,"2075-2080"
4,5,"2080-2085"
4,5,"2085-2090"
4,5,"2090-2095"
4,5,"2095-2100"
4,6,"2015-2020"
4,6,"2020-2025"
4,6,"2025-2030"
4,6,"2030-2035"
4,6,"2035-2040"
4,6,"2040-2045"
4,6,"2045-2050"
4,6,"2050-2055"
4,6,"2055-2060"
4,6,"2060-2065"
4,6,"2065-2070"
4,6,"2070-2075"
4,6,"2075-2080"
4,6,"2080-2085"
4,6,"2085-2090"
4,6,"2090-2095"
4,6,"2095-2100"
4,7,"2015-2020"
4,7,"2020-2025"
4,7,"2025-2030"
4,7,"2030-2035"
4,7,"2035-2040"
4,7,"2040-2045"
4,7,"2045-2050"
4,7,"2050-2055"
4,7,"2055-2060"
4,7,"2060-2065"
4,7,"2065-2070"
4,7,"2070-2075"
4,7,"2075-2080"
4,7,"2080-2085"
4,7,"2085-2090"
4,7,"2090-2095"
4,7,"2095-2100"
4,8,"2015-2020"
4,8,"2020-2025"
4,8,"2025-2030"
4,8,"2030-2035"
4,8,"2035-2040"
4,8,"2040-2045"
4,8,"2045-2050"
4,8,"2050-2055"
4,8,"2055-2060"
4,8,"2060-2065"
4,8,"2065-2070"
4,8,"2070-2075"
4,8,"2075-2080"
4,8,"2080-2085"
4,8,"2085-2090"
4,8,"2090-2095"
4,8,"2095-2100"
4,9,"2015-2020"
4,9,"2020-2025"
4,9,"2025-2030"
4,9,"2030-2035"
4,9,"2035-2040"
4,9,"2040-2045"
4,9,"2045-2050"
4,9,"2050-2055"
4,9,"2055-2060"
4,9,"2060-2065"
4,9,"2065-2070"
4,9,"2070-2075"
4,9,"2075-2080"
4,9,"2080-2085"
4,9,"2085-2090"
4,9,"2090-2095"
4,9,"2095-2100"
4,202,"2015-2020"
4,202,"2020-2025"
4,202,"2025-2030"
4,202,"2030-2035"
4,202,"2035-2040"
4,202,"2040-2045"
4,202,"2045-2050"
4,202,"2050-2055"
4,202,"2055-2060"
4,202,"2060-2065"
4,202,"2065-2070"
4,202,"2070-2075"
4,202,"2075-2080"
4,202,"2080-2085"
4,202,"2085-2090"
4,202,"2090-2095"
4,202,"2095-2100"
903,3,"2015-2020"
903,3,"2020-2025"
903,3,"2025-2030"
903,3,"2030-2035"
903,3,"2035-2040"
903,3,"2040-2045"
903,3,"2045-2050"
903,3,"2050-2055"
903,3,"2055-2060"
903,3,"2060-2065"
903,3,"2065-2070"
903,3,"2070-2075"
903,3,"2075-2080"
903,3,"2080-2085"
903,3,"2085-2090"
903,3,"2090-2095"
903,3,"2095-2100"
903,4,"2015-2020"
903,4,"2020-2025"
903,4,"2025-2030"
903,4,"2030-2035"
903,4,"2035-2040"
903,4,"2040-2045"
903,4,"2045-2050"
903,4,"2050-2055"
903,4,"2055-2060"
903,4,"2060-2065"
903,4,"2065-2070"
903,4,"2070-2075"
903,4,"2075-2080"
903,4,"2080-2085"
903,4,"2085-2090"
903,4,"2090-2095"
903,4,"2095-2100"
903,5,"2015-2020"
903,5,"2020-2025"
903,5,"2025-2030"
903,5,"2030-2035"
903,5,"2035-2040"
903,5,"2040-2045"
903,5,"2045-2050"
903,5,"2050-2055"
903,5,"2055-2060"
903,5,"2060-2065"
903,5,"2065-2070"
903,5,"2070-2075"
903,5,"2075-2080"
903,5,"2080-2085"
903,5,"2085-2090"
903,5,"2090-2095"
903,5,"2095-2100"
903,6,"2015-2020"
903,6,"2020-2025"
903,6,"2025-2030"
903,6,"2030-2035"
903,6,"2035-2040"
903,6,"2040-2045"
903,6,"2045-2050"
903,6,"2050-2055"
903,6,"2055-2060"
903,6,"2060-2065"
903,6,"2065-2070"
903,6,"2070-2075"
903,6,"2075-2080"
903,6,"2080-2085"
903,6,"2085-2090"
903,6,"2090-2095"
903,6,"2095-2100"
903,7,"2015-2020"
903,7,"2020-2025"
903,7,"2025-2030"
903,7,"2030-2035"
903,7,"2035-2040"
903,7,"2040-2045"
903,7,"2045-2050"
903,7,"2050-2055"
903,7,"2055-2060"
903,7,"2060-2065"
903,7,"2065-2070"
903,7,"2070-2075"
903,7,"2075-2080"
903,7,"2080-2085"
903,7,"2085-2090"
903,7,"2090-2095"
903,7,"2095-2100"
903,8,"2015-2020"
903,8,"2020-2025"
903,8,"2025-2030"
903,8,"2030-2035"
903,8,"2035-2040"
903,8,"2040-2045"
903,8,"2045-2050"
903,8,"2050-2055"
903,8,"2055-2060"
903,8,"2060-2065"
903,8,"2065-2070"
903,8,"2070-2075"
903,8,"2075-2080"
903,8,"2080-2085"
903,8,"2085-2090"
903,8,"2090-2095"
903,8,"2095-2100"
903,9,"2015-2020"
903,9,"2020-2025"
903,9,"2025-2030"
903,9,"2030-2035"
903,9,"2035-2040"
903,9,"2040-2045"
903,9,"2045-2050"
903,9,"2050-2055"
903,9,"2055-2060"
903,9,"2060-2065"
903,9,"2065-2070"
903,9,"2070-2075"
903,9,"2075-2080"
903,9,"2080-2085"
903,9,"2085-2090"
903,9,"2090-2095"
903,9,"2095-2100"
8,3,"2015-2020"
8,3,"2020-2025"
8,3,"2025-2030"
8,3,"2030-2035"
8,3,"2035-2040"
8,3,"2040-2045"
8,3,"2045-2050"
8,3,"2050-2055"
8,3,"2055-2060"
8,3,"2060-2065"
8,3,"2065-2070"
8,3,"2070-2075"
8,3,"2075-2080"
8,3,"2080-2085"
8,3,"2085-2090"
8,3,"2090-2095"
8,3,"2095-2100"
8,4,"2015-2020"
8,4,"2020-2025"
8,4,"2025-2030"
8,4,"2030-2035"
8,4,"2035-2040"
8,4,"2040-2045"
8,4,"2045-2050"
8,4,"2050-2055"
8,4,"2055-2060"
8,4,"2060-2065"
8,4,"2065-2070"
8,4,"2070-2075"
8,4,"2075-2080"
8,4,"2080-2085"
8,4,"2085-2090"
8,4,"2090-2095"
8,4,"2095-2100"
8,5,"2015-2020"
8,5,"2020-2025"
8,5,"2025-2030"
8,5,"2030-2035"
8,5,"2035-2040"
8,5,"2040-2045"
8,5,"2045-2050"
8,5,"2050-2055"
8,5,"2055-2060"
8,5,"2060-2065"
8,5,"2065-2070"
8,5,"2070-2075"
8,5,"2075-2080"
8,5,"2080-2085"
8,5,"2085-2090"
8,5,"2090-2095"
8,5,"2095-2100"
8,6,"2015-2020"
8,6,"2020-2025"
8,6,"2025-2030"
8,6,"2030-2035"
8,6,"2035-2040"
8,6,"2040-2045"
8,6,"2045-2050"
8,6,"2050-2055"
8,6,"2055-2060"
8,6,"2060-2065"
8,6,"2065-2070"
8,6,"2070-2075"
8,6,"2075-2080"
8,6,"2080-2085"
8,6,"2085-2090"
8,6,"2090-2095"
8,6,"2095-2100"
8,7,"2015-2020"
8,7,"2020-2025"
8,7,"2025-2030"
8,7,"2030-2035"
8,7,"2035-2040"
8,7,"2040-2045"
8,7,"2045-2050"
8,7,"2050-2055"
8,7,"2055-2060"
8,7,"2060-2065"
8,7,"2065-2070"
8,7,"2070-2075"
8,7,"2075-2080"
8,7,"2080-2085"
8,7,"2085-2090"
8,7,"2090-2095"
8,7,"2095-2100"
8,8,"2015-2020"
8,8,"2020-2025"
8,8,"2025-2030"
8,8,"2030-2035"
8,8,"2035-2040"
8,8,"2040-2045"
8,8,"2045-2050"
8,8,"2050-2055"
8,8,"2055-2060"
8,8,"2060-2065"
8,8,"2065-2070"
8,8,"2070-2075"
8,8,"2075-2080"
8,8,"2080-2085"
8,8,"2085-2090"
8,8,"2090-2095"
8,8,"2095-2100"
8,9,"2015-2020"
8,9,"2020-2025"
8,9,"2025-2030"
8,9,"2030-2035"
8,9,"2035-2040"
8,9,"2040-2045"
8,9,"2045-2050"
8,9,"2050-2055"
8,9,"2055-2060"
8,9,"2060-2065"
8,9,"2065-2070"
8,9,"2070-2075"
8,9,"2075-2080"
8,9,"2080-2085"
8,9,"2085-2090"
8,9,"2090-2095"
8,9,"2095-2100"
8,202,"2015-2020"
8,202,"2020-2025"
8,202,"2025-2030"
8,202,"2030-2035"
8,202,"2035-2040"
8,202,"2040-2045"
8,202,"2045-2050"
8,202,"2050-2055"
8,202,"2055-2060"
8,202,"2060-2065"
8,202,"2065-2070"
8,202,"2070-2075"
8,202,"2075-2080"
8,202,"2080-2085"
8,202,"2085-2090"
8,202,"2090-2095"
8,202,"2095-2100"
12,3,"2015-2020"
12,3,"2020-2025"
12,3,"2025-2030"
12,3,"2030-2035"
12,3,"2035-2040"
12,3,"2040-2045"
12,3,"2045-2050"
12,3,"2050-2055"
12,3,"2055-2060"
12,3,"2060-2065"
12,3,"2065-2070"
12,3,"2070-2075"
12,3,"2075-2080"
12,3,"2080-2085"
12,3,"2085-2090"
12,3,"2090-2095"
12,3,"2095-2100"
12,4,"2015-2020"
12,4,"2020-2025"
12,4,"2025-2030"
12,4,"2030-2035"
12,4,"2035-2040"
12,4,"2040-2045"
12,4,"2045-2050"
12,4,"2050-2055"
12,4,"2055-2060"
12,4,"2060-2065"
12,4,"2065-2070"
12,4,"2070-2075"
12,4,"2075-2080"
12,4,"2080-2085"
12,4,"2085-2090"
12,4,"2090-2095"
12,4,"2095-2100"
12,5,"2015-2020"
12,5,"2020-2025"
12,5,"2025-2030"
12,5,"2030-2035"
12,5,"2035-2040"
12,5,"2040-2045"
12,5,"2045-2050"
12,5,"2050-2055"
12,5,"2055-2060"
12,5,"2060-2065"
12,5,"2065-2070"
12,5,"2070-2075"
12,5,"2075-2080"
12,5,"2080-2085"
12,5,"2085-2090"
12,5,"2090-2095"
12,5,"2095-2100"
12,6,"2015-2020"
12,6,"2020-2025"
12,6,"2025-2030"
12,6,"2030-2035"
12,6,"2035-2040"
12,6,"2040-2045"
12,6,"2045-2050"
12,6,"2050-2055"
12,6,"2055-2060"
12,6,"2060-2065"
12,6,"2065-2070"
12,6,"2070-2075"
12,6,"2075-2080"
12,6,"2080-2085"
12,6,"2085-2090"
12,6,"2090-2095"
12,6,"2095-2100"
12,7,"2015-2020"
12,7,"2020-2025"
12,7,"2025-2030"
12,7,"2030-2035"
12,7,"2035-2040"
12,7,"2040-2045"
12,7,"2045-2050"
12,7,"2050-2055"
12,7,"2055-2060"
12,7,"2060-2065"
12,7,"2065-2070"
12,7,"2070-2075"
12,7,"2075-2080"
12,7,"2080-2085"
12,7,"2085-2090"
12,7,"2090-2095"
12,7,"2095-2100"
12,8,"2015-2020"
12,8,"2020-2025"
12,8,"2025-2030"
12,8,"2030-2035"
12,8,"2035-2040"
12,8,"2040-2045"
12,8,"2045-2050"
12,8,"2050-2055"
12,8,"2055-2060"
12,8,"2060-2065"
12,8,"2065-2070"
12,8,"2070-2075"
12,8,"2075-2080"
12,8,"2080-2085"
12,8,"2085-2090"
12,8,"2090-2095"
12,8,"2095-2100"
12,9,"2015-2020"
12,9,"2020-2025"
12,9,"2025-2030"
12,9,"2030-2035"
12,9,"2035-2040"
12,9,"2040-2045"
12,9,"2045-2050"
12,9,"2050-2055"
12,9,"2055-2060"
12,9,"2060-2065"
12,9,"2065-2070"
12,9,"2070-2075"
12,9,"2075-2080"
12,9,"2080-2085"
12,9,"2085-2090"
12,9,"2090-2095"
12,9,"2095-2100"
12,202,"2015-2020"
12,202,"2020-2025"
12,202,"2025-2030"
12,202,"2030-2035"
12,202,"2035-2040"
12,202,"2040-2045"
12,202,"2045-2050"
12,202,"2050-2055"
12,202,"2055-2060"
12,202,"2060-2065"
12,202,"2065-2070"
12,202,"2070-2075"
12,202,"2075-2080"
12,202,"2080-2085"
12,202,"2085-2090"
12,202,"2090-2095"
12,202,"2095-2100"
16,3,"2015-2020"
16,3,"2020-2025"
16,3,"2025-2030"
16,3,"2030-2035"
16,3,"2035-2040"
16,3,"2040-2045"
16,3,"2045-2050"
16,3,"2050-2055"
16,3,"2055-2060"
16,3,"2060-2065"
16,3,"2065-2070"
16,3,"2070-2075"
16,3,"2075-2080"
16,3,"2080-2085"
16,3,"2085-2090"
16,3,"2090-2095"
16,3,"2095-2100"
16,4,"2015-2020"
16,4,"2020-2025"
16,4,"2025-2030"
16,4,"2030-2035"
16,4,"2035-2040"
16,4,"2040-2045"
16,4,"2045-2050"
16,4,"2050-2055"
16,4,"2055-2060"
16,4,"2060-2065"
16,4,"2065-2070"
16,4,"2070-2075"
16,4,"2075-2080"
16,4,"2080-2085"
16,4,"2085-2090"
16,4,"2090-2095"
16,4,"2095-2100"
16,5,"2015-2020"
16,5,"2020-2025"
16,5,"2025-2030"
16,5,"2030-2035"
16,5,"2035-2040"
16,5,"2040-2045"
16,5,"2045-2050"
16,5,"2050-2055"
16,5,"2055-2060"
16,5,"2060-2065"
16,5,"2065-2070"
16,5,"2070-2075"
16,5,"2075-2080"
16,5,"2080-2085"
16,5,"2085-2090"
16,5,"2090-2095"
16,5,"2095-2100"
16,6,"2015-2020"
16,6,"2020-2025"
16,6,"2025-2030"
16,6,"2030-2035"
16,6,"2035-2040"
16,6,"2040-2045"
16,6,"2045-2050"
16,6,"2050-2055"
16,6,"2055-2060"
16,6,"2060-2065"
16,6,"2065-2070"
16,6,"2070-2075"
16,6,"2075-2080"
16,6,"2080-2085"
16,6,"2085-2090"
16,6,"2090-2095"
16,6,"2095-2100"
16,7,"2015-2020"
16,7,"2020-2025"
16,7,"2025-2030"
16,7,"2030-2035"
16,7,"2035-2040"
16,7,"2040-2045"
16,7,"2045-2050"
16,7,"2050-2055"
16,7,"2055-2060"
16,7,"2060-2065"
16,7,"2065-2070"
16,7,"2070-2075"
16,7,"2075-2080"
16,7,"2080-2085"
16,7,"2085-2090"
16,7,"2090-2095"
16,7,"2095-2100"
16,8,"2015-2020"
16,8,"2020-2025"
16,8,"2025-2030"
16,8,"2030-2035"
16,8,"2035-2040"
16,8,"2040-2045"
16,8,"2045-2050"
16,8,"2050-2055"
16,8,"2055-2060"
16,8,"2060-2065"
16,8,"2065-2070"
16,8,"2070-2075"
16,8,"2075-2080"
16,8,"2080-2085"
16,8,"2085-2090"
16,8,"2090-2095"
16,8,"2095-2100"
16,9,"2015-2020"
16,9,"2020-2025"
16,9,"2025-2030"
16,9,"2030-2035"
16,9,"2035-2040"
16,9,"2040-2045"
16,9,"2045-2050"
16,9,"2050-2055"
16,9,"2055-2060"
16,9,"2060-2065"
16,9,"2065-2070"
16,9,"2070-2075"
16,9,"2075-2080"
16,9,"2080-2085"
16,9,"2085-2090"
16,9,"2090-2095"
16,9,"2095-2100"
20,3,"2015-2020"
20,3,"2020-2025"
20,3,"2025-2030"
20,3,"2030-2035"
20,3,"2035-2040"
20,3,"2040-2045"
20,3,"2045-2050"
20,3,"2050-2055"
20,3,"2055-2060"
20,3,"2060-2065"
20,3,"2065-2070"
20,3,"2070-2075"
20,3,"2075-2080"
20,3,"2080-2085"
20,3,"2085-2090"
20,3,"2090-2095"
20,3,"2095-2100"
20,4,"2015-2020"
20,4,"2020-2025"
20,4,"2025-2030"
20,4,"2030-2035"
20,4,"2035-2040"
20,4,"2040-2045"
20,4,"2045-2050"
20,4,"2050-2055"
20,4,"2055-2060"
20,4,"2060-2065"
20,4,"2065-2070"
20,4,"2070-2075"
20,4,"2075-2080"
20,4,"2080-2085"
20,4,"2085-2090"
20,4,"2090-2095"
20,4,"2095-2100"
20,5,"2015-2020"
20,5,"2020-2025"
20,5,"2025-2030"
20,5,"2030-2035"
20,5,"2035-2040"
20,5,"2040-2045"
20,5,"2045-2050"
20,5,"2050-2055"
20,5,"2055-2060"
20,5,"2060-2065"
20,5,"2065-2070"
20,5,"2070-2075"
20,5,"2075-2080"
20,5,"2080-2085"
20,5,"2085-2090"
20,5,"2090-2095"
20,5,"2095-2100"
20,6,"2015-2020"
20,6,"2020-2025"
20,6,"2025-2030"
20,6,"2030-2035"
20,6,"2035-2040"
20,6,"2040-2045"
20,6,"2045-2050"
20,6,"2050-2055"
20,6,"2055-2060"
20,6,"2060-2065"
20,6,"2065-2070"
20,6,"2070-2075"
20,6,"2075-2080"
20,6,"2080-2085"
20,6,"2085-2090"
20,6,"2090-2095"
20,6,"2095-2100"
20,7,"2015-2020"
20,7,"2020-2025"
20,7,"2025-2030"
20,7,"2030-2035"
20,7,"2035-2040"
20,7,"2040-2045"
20,7,"2045-2050"
20,7,"2050-2055"
20,7,"2055-2060"
20,7,"2060-2065"
20,7,"2065-2070"
20,7,"2070-2075"
20,7,"2075-2080"
20,7,"2080-2085"
20,7,"2085-2090"
20,7,"2090-2095"
20,7,"2095-2100"
20,8,"2015-2020"
20,8,"2020-2025"
20,8,"2025-2030"
20,8,"2030-2035"
20,8,"2035-2040"
20,8,"2040-2045"
20,8,"2045-2050"
20,8,"2050-2055"
20,8,"2055-2060"
20,8,"2060-2065"
20,8,"2065-2070"
20,8,"2070-2075"
20,8,"2075-2080"
20,8,"2080-2085"
20,8,"2085-2090"
20,8,"2090-2095"
20,8,"2095-2100"
20,9,"2015-2020"
20,9,"2020-2025"
20,9,"2025-2030"
20,9,"2030-2035"
20,9,"2035-2040"
20,9,"2040-2045"
20,9,"2045-2050"
20,9,"2050-2055"
20,9,"2055-2060"
20,9,"2060-2065"
20,9,"2065-2070"
20,9,"2070-2075"
20,9,"2075-2080"
20,9,"2080-2085"
20,9,"2085-2090"
20,9,"2090-2095"
20,9,"2095-2100"
24,3,"2015-2020"
24,3,"2020-2025"
24,3,"2025-2030"
24,3,"2030-2035"
24,3,"2035-2040"
24,3,"2040-2045"
24,3,"2045-2050"
24,3,"2050-2055"
24,3,"2055-2060"
24,3,"2060-2065"
24,3,"2065-2070"
24,3,"2070-2075"
24,3,"2075-2080"
24,3,"2080-2085"
24,3,"2085-2090"
24,3,"2090-2095"
24,3,"2095-2100"
24,4,"2015-2020"
24,4,"2020-2025"
24,4,"2025-2030"
24,4,"2030-2035"
24,4,"2035-2040"
24,4,"2040-2045"
24,4,"2045-2050"
24,4,"2050-2055"
24,4,"2055-2060"
24,4,"2060-2065"
24,4,"2065-2070"
24,4,"2070-2075"
24,4,"2075-2080"
24,4,"2080-2085"
24,4,"2085-2090"
24,4,"2090-2095"
24,4,"2095-2100"
24,5,"2015-2020"
24,5,"2020-2025"
24,5,"2025-2030"
24,5,"2030-2035"
24,5,"2035-2040"
24,5,"2040-2045"
24,5,"2045-2050"
24,5,"2050-2055"
24,5,"2055-2060"
24,5,"2060-2065"
24,5,"2065-2070"
24,5,"2070-2075"
24,5,"2075-2080"
24,5,"2080-2085"
24,5,"2085-2090"
24,5,"2090-2095"
24,5,"2095-2100"
24,6,"2015-2020"
24,6,"2020-2025"
24,6,"2025-2030"
24,6,"2030-2035"
24,6,"2035-2040"
24,6,"2040-2045"
24,6,"2045-2050"
24,6,"2050-2055"
24,6,"2055-2060"
24,6,"2060-2065"
24,6,"2065-2070"
24,6,"2070-2075"
24,6,"2075-2080"
24,6,"2080-2085"
24,6,"2085-2090"
24,6,"2090-2095"
24,6,"2095-2100"
24,7,"2015-2020"
24,7,"2020-2025"
24,7,"2025-2030"
24,7,"2030-2035"
24,7,"2035-2040"
24,7,"2040-2045"
24,7,"2045-2050"
24,7,"2050-2055"
24,7,"2055-2060"
24,7,"2060-2065"
24,7,"2065-2070"
24,7,"2070-2075"
24,7,"2075-2080"
24,7,"2080-2085"
24,7,"2085-2090"
24,7,"2090-2095"
24,7,"2095-2100"
24,8,"2015-2020"
24,8,"2020-2025"
24,8,"2025-2030"
24,8,"2030-2035"
24,8,"2035-2040"
24,8,"2040-2045"
24,8,"2045-2050"
24,8,"2050-2055"
24,8,"2055-2060"
24,8,"2060-2065"
24,8,"2065-2070"
24,8,"2070-2075"
24,8,"2075-2080"
24,8,"2080-2085"
24,8,"2085-2090"
24,8,"2090-2095"
24,8,"2095-2100"
24,9,"2015-2020"
24,9,"2020-2025"
24,9,"2025-2030"
24,9,"2030-2035"
24,9,"2035-2040"
24,9,"2040-2045"
24,9,"2045-2050"
24,9,"2050-2055"
24,9,"2055-2060"
24,9,"2060-2065"
24,9,"2065-2070"
24,9,"2070-2075"
24,9,"2075-2080"
24,9,"2080-2085"
24,9,"2085-2090"
24,9,"2090-2095"
24,9,"2095-2100"
24,202,"2015-2020"
24,202,"2020-2025"
24,202,"2025-2030"
24,202,"2030-2035"
24,202,"2035-2040"
24,202,"2040-2045"
24,202,"2045-2050"
24,202,"2050-2055"
24,202,"2055-2060"
24,202,"2060-2065"
24,202,"2065-2070"
24,202,"2070-2075"
24,202,"2075-2080"
24,202,"2080-2085"
24,202,"2085-2090"
24,202,"2090-2095"
24,202,"2095-2100"
660,3,"2015-2020"
660,3,"2020-2025"
660,3,"2025-2030"
660,3,"2030-2035"
660,3,"2035-2040"
660,3,"2040-2045"
660,3,"2045-2050"
660,3,"2050-2055"
660,3,"2055-2060"
660,3,"2060-2065"
660,3,"2065-2070"
660,3,"2070-2075"
660,3,"2075-2080"
660,3,"2080-2085"
660,3,"2085-2090"
660,3,"2090-2095"
660,3,"2095-2100"
660,4,"2015-2020"
660,4,"2020-2025"
660,4,"2025-2030"
660,4,"2030-2035"
660,4,"2035-2040"
660,4,"2040-2045"
660,4,"2045-2050"
660,4,"2050-2055"
660,4,"2055-2060"
660,4,"2060-2065"
660,4,"2065-2070"
660,4,"2070-2075"
660,4,"2075-2080"
660,4,"2080-2085"
660,4,"2085-2090"
660,4,"2090-2095"
660,4,"2095-2100"
660,5,"2015-2020"
660,5,"2020-2025"
660,5,"2025-2030"
660,5,"2030-2035"
660,5,"2035-2040"
660,5,"2040-2045"
660,5,"2045-2050"
660,5,"2050-2055"
660,5,"2055-2060"
660,5,"2060-2065"
660,5,"2065-2070"
660,5,"2070-2075"
660,5,"2075-2080"
660,5,"2080-2085"
660,5,"2085-2090"
660,5,"2090-2095"
660,5,"2095-2100"
660,6,"2015-2020"
660,6,"2020-2025"
660,6,"2025-2030"
660,6,"2030-2035"
660,6,"2035-2040"
660,6,"2040-2045"
660,6,"2045-2050"
660,6,"2050-2055"
660,6,"2055-2060"
660,6,"2060-2065"
660,6,"2065-2070"
660,6,"2070-2075"
660,6,"2075-2080"
660,6,"2080-2085"
660,6,"2085-2090"
660,6,"2090-2095"
660,6,"2095-2100"
660,7,"2015-2020"
660,7,"2020-2025"
660,7,"2025-2030"
660,7,"2030-2035"
660,7,"2035-2040"
660,7,"2040-2045"
660,7,"2045-2050"
660,7,"2050-2055"
660,7,"2055-2060"
660,7,"2060-2065"
660,7,"2065-2070"
660,7,"2070-2075"
660,7,"2075-2080"
660,7,"2080-2085"
660,7,"2085-2090"
660,7,"2090-2095"
660,7,"2095-2100"
660,8,"2015-2020"
660,8,"2020-2025"
660,8,"2025-2030"
660,8,"2030-2035"
660,8,"2035-2040"
660,8,"2040-2045"
660,8,"2045-2050"
660,8,"2050-2055"
660,8,"2055-2060"
660,8,"2060-2065"
660,8,"2065-2070"
660,8,"2070-2075"
660,8,"2075-2080"
660,8,"2080-2085"
660,8,"2085-2090"
660,8,"2090-2095"
660,8,"2095-2100"
660,9,"2015-2020"
660,9,"2020-2025"
660,9,"2025-2030"
660,9,"2030-2035"
660,9,"2035-2040"
660,9,"2040-2045"
660,9,"2045-2050"
660,9,"2050-2055"
660,9,"2055-2060"
660,9,"2060-2065"
660,9,"2065-2070"
660,9,"2070-2075"
660,9,"2075-2080"
660,9,"2080-2085"
660,9,"2085-2090"
660,9,"2090-2095"
660,9,"2095-2100"
28,3,"2015-2020"
28,3,"2020-2025"
28,3,"2025-2030"
28,3,"2030-2035"
28,3,"2035-2040"
28,3,"2040-2045"
28,3,"2045-2050"
28,3,"2050-2055"
28,3,"2055-2060"
28,3,"2060-2065"
28,3,"2065-2070"
28,3,"2070-2075"
28,3,"2075-2080"
28,3,"2080-2085"
28,3,"2085-2090"
28,3,"2090-2095"
28,3,"2095-2100"
28,4,"2015-2020"
28,4,"2020-2025"
28,4,"2025-2030"
28,4,"2030-2035"
28,4,"2035-2040"
28,4,"2040-2045"
28,4,"2045-2050"
28,4,"2050-2055"
28,4,"2055-2060"
28,4,"2060-2065"
28,4,"2065-2070"
28,4,"2070-2075"
28,4,"2075-2080"
28,4,"2080-2085"
28,4,"2085-2090"
28,4,"2090-2095"
28,4,"2095-2100"
28,5,"2015-2020"
28,5,"2020-2025"
28,5,"2025-2030"
28,5,"2030-2035"
28,5,"2035-2040"
28,5,"2040-2045"
28,5,"2045-2050"
28,5,"2050-2055"
28,5,"2055-2060"
28,5,"2060-2065"
28,5,"2065-2070"
28,5,"2070-2075"
28,5,"2075-2080"
28,5,"2080-2085"
28,5,"2085-2090"
28,5,"2090-2095"
28,5,"2095-2100"
28,6,"2015-2020"
28,6,"2020-2025"
28,6,"2025-2030"
28,6,"2030-2035"
28,6,"2035-2040"
28,6,"2040-2045"
28,6,"2045-2050"
28,6,"2050-2055"
28,6,"2055-2060"
28,6,"2060-2065"
28,6,"2065-2070"
28,6,"2070-2075"
28,6,"2075-2080"
28,6,"2080-2085"
28,6,"2085-2090"
28,6,"2090-2095"
28,6,"2095-2100"
28,7,"2015-2020"
28,7,"2020-2025"
28,7,"2025-2030"
28,7,"2030-2035"
28,7,"2035-2040"
28,7,"2040-2045"
28,7,"2045-2050"
28,7,"2050-2055"
28,7,"2055-2060"
28,7,"2060-2065"
28,7,"2065-2070"
28,7,"2070-2075"
28,7,"2075-2080"
28,7,"2080-2085"
28,7,"2085-2090"
28,7,"2090-2095"
28,7,"2095-2100"
28,8,"2015-2020"
28,8,"2020-2025"
28,8,"2025-2030"
28,8,"2030-2035"
28,8,"2035-2040"
28,8,"2040-2045"
28,8,"2045-2050"
28,8,"2050-2055"
28,8,"2055-2060"
28,8,"2060-2065"
28,8,"2065-2070"
28,8,"2070-2075"
28,8,"2075-2080"
28,8,"2080-2085"
28,8,"2085-2090"
28,8,"2090-2095"
28,8,"2095-2100"
28,9,"2015-2020"
28,9,"2020-2025"
28,9,"2025-2030"
28,9,"2030-2035"
28,9,"2035-2040"
28,9,"2040-2045"
28,9,"2045-2050"
28,9,"2050-2055"
28,9,"2055-2060"
28,9,"2060-2065"
28,9,"2065-2070"
28,9,"2070-2075"
28,9,"2075-2080"
28,9,"2080-2085"
28,9,"2085-2090"
28,9,"2090-2095"
28,9,"2095-2100"
28,202,"2015-2020"
28,202,"2020-2025"
28,202,"2025-2030"
28,202,"2030-2035"
28,202,"2035-2040"
28,202,"2040-2045"
28,202,"2045-2050"
28,202,"2050-2055"
28,202,"2055-2060"
28,202,"2060-2065"
28,202,"2065-2070"
28,202,"2070-2075"
28,202,"2075-2080"
28,202,"2080-2085"
28,202,"2085-2090"
28,202,"2090-2095"
28,202,"2095-2100"
32,3,"2015-2020"
32,3,"2020-2025"
32,3,"2025-2030"
32,3,"2030-2035"
32,3,"2035-2040"
32,3,"2040-2045"
32,3,"2045-2050"
32,3,"2050-2055"
32,3,"2055-2060"
32,3,"2060-2065"
32,3,"2065-2070"
32,3,"2070-2075"
32,3,"2075-2080"
32,3,"2080-2085"
32,3,"2085-2090"
32,3,"2090-2095"
32,3,"2095-2100"
32,4,"2015-2020"
32,4,"2020-2025"
32,4,"2025-2030"
32,4,"2030-2035"
32,4,"2035-2040"
32,4,"2040-2045"
32,4,"2045-2050"
32,4,"2050-2055"
32,4,"2055-2060"
32,4,"2060-2065"
32,4,"2065-2070"
32,4,"2070-2075"
32,4,"2075-2080"
32,4,"2080-2085"
32,4,"2085-2090"
32,4,"2090-2095"
32,4,"2095-2100"
32,5,"2015-2020"
32,5,"2020-2025"
32,5,"2025-2030"
32,5,"2030-2035"
32,5,"2035-2040"
32,5,"2040-2045"
32,5,"2045-2050"
32,5,"2050-2055"
32,5,"2055-2060"
32,5,"2060-2065"
32,5,"2065-2070"
32,5,"2070-2075"
32,5,"2075-2080"
32,5,"2080-2085"
32,5,"2085-2090"
32,5,"2090-2095"
32,5,"2095-2100"
32,6,"2015-2020"
32,6,"2020-2025"
32,6,"2025-2030"
32,6,"2030-2035"
32,6,"2035-2040"
32,6,"2040-2045"
32,6,"2045-2050"
32,6,"2050-2055"
32,6,"2055-2060"
32,6,"2060-2065"
32,6,"2065-2070"
32,6,"2070-2075"
32,6,"2075-2080"
32,6,"2080-2085"
32,6,"2085-2090"
32,6,"2090-2095"
32,6,"2095-2100"
32,7,"2015-2020"
32,7,"2020-2025"
32,7,"2025-2030"
32,7,"2030-2035"
32,7,"2035-2040"
32,7,"2040-2045"
32,7,"2045-2050"
32,7,"2050-2055"
32,7,"2055-2060"
32,7,"2060-2065"
32,7,"2065-2070"
32,7,"2070-2075"
32,7,"2075-2080"
32,7,"2080-2085"
32,7,"2085-2090"
32,7,"2090-2095"
32,7,"2095-2100"
32,8,"2015-2020"
32,8,"2020-2025"
32,8,"2025-2030"
32,8,"2030-2035"
32,8,"2035-2040"
32,8,"2040-2045"
32,8,"2045-2050"
32,8,"2050-2055"
32,8,"2055-2060"
32,8,"2060-2065"
32,8,"2065-2070"
32,8,"2070-2075"
32,8,"2075-2080"
32,8,"2080-2085"
32,8,"2085-2090"
32,8,"2090-2095"
32,8,"2095-2100"
32,9,"2015-2020"
32,9,"2020-2025"
32,9,"2025-2030"
32,9,"2030-2035"
32,9,"2035-2040"
32,9,"2040-2045"
32,9,"2045-2050"
32,9,"2050-2055"
32,9,"2055-2060"
32,9,"2060-2065"
32,9,"2065-2070"
32,9,"2070-2075"
32,9,"2075-2080"
32,9,"2080-2085"
32,9,"2085-2090"
32,9,"2090-2095"
32,9,"2095-2100"
32,202,"2015-2020"
32,202,"2020-2025"
32,202,"2025-2030"
32,202,"2030-2035"
32,202,"2035-2040"
32,202,"2040-2045"
32,202,"2045-2050"
32,202,"2050-2055"
32,202,"2055-2060"
32,202,"2060-2065"
32,202,"2065-2070"
32,202,"2070-2075"
32,202,"2075-2080"
32,202,"2080-2085"
32,202,"2085-2090"
32,202,"2090-2095"
32,202,"2095-2100"
51,3,"2015-2020"
51,3,"2020-2025"
51,3,"2025-2030"
51,3,"2030-2035"
51,3,"2035-2040"
51,3,"2040-2045"
51,3,"2045-2050"
51,3,"2050-2055"
51,3,"2055-2060"
51,3,"2060-2065"
51,3,"2065-2070"
51,3,"2070-2075"
51,3,"2075-2080"
51,3,"2080-2085"
51,3,"2085-2090"
51,3,"2090-2095"
51,3,"2095-2100"
51,4,"2015-2020"
51,4,"2020-2025"
51,4,"2025-2030"
51,4,"2030-2035"
51,4,"2035-2040"
51,4,"2040-2045"
51,4,"2045-2050"
51,4,"2050-2055"
51,4,"2055-2060"
51,4,"2060-2065"
51,4,"2065-2070"
51,4,"2070-2075"
51,4,"2075-2080"
51,4,"2080-2085"
51,4,"2085-2090"
51,4,"2090-2095"
51,4,"2095-2100"
51,5,"2015-2020"
51,5,"2020-2025"
51,5,"2025-2030"
51,5,"2030-2035"
51,5,"2035-2040"
51,5,"2040-2045"
51,5,"2045-2050"
51,5,"2050-2055"
51,5,"2055-2060"
51,5,"2060-2065"
51,5,"2065-2070"
51,5,"2070-2075"
51,5,"2075-2080"
51,5,"2080-2085"
51,5,"2085-2090"
51,5,"2090-2095"
51,5,"2095-2100"
51,6,"2015-2020"
51,6,"2020-2025"
51,6,"2025-2030"
51,6,"2030-2035"
51,6,"2035-2040"
51,6,"2040-2045"
51,6,"2045-2050"
51,6,"2050-2055"
51,6,"2055-2060"
51,6,"2060-2065"
51,6,"2065-2070"
51,6,"2070-2075"
51,6,"2075-2080"
51,6,"2080-2085"
51,6,"2085-2090"
51,6,"2090-2095"
51,6,"2095-2100"
51,7,"2015-2020"
51,7,"2020-2025"
51,7,"2025-2030"
51,7,"2030-2035"
51,7,"2035-2040"
51,7,"2040-2045"
51,7,"2045-2050"
51,7,"2050-2055"
51,7,"2055-2060"
51,7,"2060-2065"
51,7,"2065-2070"
51,7,"2070-2075"
51,7,"2075-2080"
51,7,"2080-2085"
51,7,"2085-2090"
51,7,"2090-2095"
51,7,"2095-2100"
51,8,"2015-2020"
51,8,"2020-2025"
51,8,"2025-2030"
51,8,"2030-2035"
51,8,"2035-2040"
51,8,"2040-2045"
51,8,"2045-2050"
51,8,"2050-2055"
51,8,"2055-2060"
51,8,"2060-2065"
51,8,"2065-2070"
51,8,"2070-2075"
51,8,"2075-2080"
51,8,"2080-2085"
51,8,"2085-2090"
51,8,"2090-2095"
51,8,"2095-2100"
51,9,"2015-2020"
51,9,"2020-2025"
51,9,"2025-2030"
51,9,"2030-2035"
51,9,"2035-2040"
51,9,"2040-2045"
51,9,"2045-2050"
51,9,"2050-2055"
51,9,"2055-2060"
51,9,"2060-2065"
51,9,"2065-2070"
51,9,"2070-2075"
51,9,"2075-2080"
51,9,"2080-2085"
51,9,"2085-2090"
51,9,"2090-2095"
51,9,"2095-2100"
51,202,"2015-2020"
51,202,"2020-2025"
51,202,"2025-2030"
51,202,"2030-2035"
51,202,"2035-2040"
51,202,"2040-2045"
51,202,"2045-2050"
51,202,"2050-2055"
51,202,"2055-2060"
51,202,"2060-2065"
51,202,"2065-2070"
51,202,"2070-2075"
51,202,"2075-2080"
51,202,"2080-2085"
51,202,"2085-2090"
51,202,"2090-2095"
51,202,"2095-2100"
533,3,"2015-2020"
533,3,"2020-2025"
533,3,"2025-2030"
533,3,"2030-2035"
533,3,"2035-2040"
533,3,"2040-2045"
533,3,"2045-2050"
533,3,"2050-2055"
533,3,"2055-2060"
533,3,"2060-2065"
533,3,"2065-2070"
533,3,"2070-2075"
533,3,"2075-2080"
533,3,"2080-2085"
533,3,"2085-2090"
533,3,"2090-2095"
533,3,"2095-2100"
533,4,"2015-2020"
533,4,"2020-2025"
533,4,"2025-2030"
533,4,"2030-2035"
533,4,"2035-2040"
533,4,"2040-2045"
533,4,"2045-2050"
533,4,"2050-2055"
533,4,"2055-2060"
533,4,"2060-2065"
533,4,"2065-2070"
533,4,"2070-2075"
533,4,"2075-2080"
533,4,"2080-2085"
533,4,"2085-2090"
533,4,"2090-2095"
533,4,"2095-2100"
533,5,"2015-2020"
533,5,"2020-2025"
533,5,"2025-2030"
533,5,"2030-2035"
533,5,"2035-2040"
533,5,"2040-2045"
533,5,"2045-2050"
533,5,"2050-2055"
533,5,"2055-2060"
533,5,"2060-2065"
533,5,"2065-2070"
533,5,"2070-2075"
533,5,"2075-2080"
533,5,"2080-2085"
533,5,"2085-2090"
533,5,"2090-2095"
533,5,"2095-2100"
533,6,"2015-2020"
533,6,"2020-2025"
533,6,"2025-2030"
533,6,"2030-2035"
533,6,"2035-2040"
533,6,"2040-2045"
533,6,"2045-2050"
533,6,"2050-2055"
533,6,"2055-2060"
533,6,"2060-2065"
533,6,"2065-2070"
533,6,"2070-2075"
533,6,"2075-2080"
533,6,"2080-2085"
533,6,"2085-2090"
533,6,"2090-2095"
533,6,"2095-2100"
533,7,"2015-2020"
533,7,"2020-2025"
533,7,"2025-2030"
533,7,"2030-2035"
533,7,"2035-2040"
533,7,"2040-2045"
533,7,"2045-2050"
533,7,"2050-2055"
533,7,"2055-2060"
533,7,"2060-2065"
533,7,"2065-2070"
533,7,"2070-2075"
533,7,"2075-2080"
533,7,"2080-2085"
533,7,"2085-2090"
533,7,"2090-2095"
533,7,"2095-2100"
533,8,"2015-2020"
533,8,"2020-2025"
533,8,"2025-2030"
533,8,"2030-2035"
533,8,"2035-2040"
533,8,"2040-2045"
533,8,"2045-2050"
533,8,"2050-2055"
533,8,"2055-2060"
533,8,"2060-2065"
533,8,"2065-2070"
533,8,"2070-2075"
533,8,"2075-2080"
533,8,"2080-2085"
533,8,"2085-2090"
533,8,"2090-2095"
533,8,"2095-2100"
533,9,"2015-2020"
533,9,"2020-2025"
533,9,"2025-2030"
533,9,"2030-2035"
533,9,"2035-2040"
533,9,"2040-2045"
533,9,"2045-2050"
533,9,"2050-2055"
533,9,"2055-2060"
533,9,"2060-2065"
533,9,"2065-2070"
533,9,"2070-2075"
533,9,"2075-2080"
533,9,"2080-2085"
533,9,"2085-2090"
533,9,"2090-2095"
533,9,"2095-2100"
533,202,"2015-2020"
533,202,"2020-2025"
533,202,"2025-2030"
533,202,"2030-2035"
533,202,"2035-2040"
533,202,"2040-2045"
533,202,"2045-2050"
533,202,"2050-2055"
533,202,"2055-2060"
533,202,"2060-2065"
533,202,"2065-2070"
533,202,"2070-2075"
533,202,"2075-2080"
533,202,"2080-2085"
533,202,"2085-2090"
533,202,"2090-2095"
533,202,"2095-2100"
935,3,"2015-2020"
935,3,"2020-2025"
935,3,"2025-2030"
935,3,"2030-2035"
935,3,"2035-2040"
935,3,"2040-2045"
935,3,"2045-2050"
935,3,"2050-2055"
935,3,"2055-2060"
935,3,"2060-2065"
935,3,"2065-2070"
935,3,"2070-2075"
935,3,"2075-2080"
935,3,"2080-2085"
935,3,"2085-2090"
935,3,"2090-2095"
935,3,"2095-2100"
935,4,"2015-2020"
935,4,"2020-2025"
935,4,"2025-2030"
935,4,"2030-2035"
935,4,"2035-2040"
935,4,"2040-2045"
935,4,"2045-2050"
935,4,"2050-2055"
935,4,"2055-2060"
935,4,"2060-2065"
935,4,"2065-2070"
935,4,"2070-2075"
935,4,"2075-2080"
935,4,"2080-2085"
935,4,"2085-2090"
935,4,"2090-2095"
935,4,"2095-2100"
935,5,"2015-2020"
935,5,"2020-2025"
935,5,"2025-2030"
935,5,"2030-2035"
935,5,"2035-2040"
935,5,"2040-2045"
935,5,"2045-2050"
935,5,"2050-2055"
935,5,"2055-2060"
935,5,"2060-2065"
935,5,"2065-2070"
935,5,"2070-2075"
935,5,"2075-2080"
935,5,"2080-2085"
935,5,"2085-2090"
935,5,"2090-2095"
935,5,"2095-2100"
935,6,"2015-2020"
935,6,"2020-2025"
935,6,"2025-2030"
935,6,"2030-2035"
935,6,"2035-2040"
935,6,"2040-2045"
935,6,"2045-2050"
935,6,"2050-2055"
935,6,"2055-2060"
935,6,"2060-2065"
935,6,"2065-2070"
935,6,"2070-2075"
935,6,"2075-2080"
935,6,"2080-2085"
935,6,"2085-2090"
935,6,"2090-2095"
935,6,"2095-2100"
935,7,"2015-2020"
935,7,"2020-2025"
935,7,"2025-2030"
935,7,"2030-2035"
935,7,"2035-2040"
935,7,"2040-2045"
935,7,"2045-2050"
935,7,"2050-2055"
935,7,"2055-2060"
935,7,"2060-2065"
935,7,"2065-2070"
935,7,"2070-2075"
935,7,"2075-2080"
935,7,"2080-2085"
935,7,"2085-2090"
935,7,"2090-2095"
935,7,"2095-2100"
935,8,"2015-2020"
935,8,"2020-2025"
935,8,"2025-2030"
935,8,"2030-2035"
935,8,"2035-2040"
935,8,"2040-2045"
935,8,"2045-2050"
935,8,"2050-2055"
935,8,"2055-2060"
935,8,"2060-2065"
935,8,"2065-2070"
935,8,"2070-2075"
935,8,"2075-2080"
935,8,"2080-2085"
935,8,"2085-2090"
935,8,"2090-2095"
935,8,"2095-2100"
935,9,"2015-2020"
935,9,"2020-2025"
935,9,"2025-2030"
935,9,"2030-2035"
935,9,"2035-2040"
935,9,"2040-2045"
935,9,"2045-2050"
935,9,"2050-2055"
935,9,"2055-2060"
935,9,"2060-2065"
935,9,"2065-2070"
935,9,"2070-2075"
935,9,"2075-2080"
935,9,"2080-2085"
935,9,"2085-2090"
935,9,"2090-2095"
935,9,"2095-2100"
36,3,"2015-2020"
36,3,"2020-2025"
36,3,"2025-2030"
36,3,"2030-2035"
36,3,"2035-2040"
36,3,"2040-2045"
36,3,"2045-2050"
36,3,"2050-2055"
36,3,"2055-2060"
36,3,"2060-2065"
36,3,"2065-2070"
36,3,"2070-2075"
36,3,"2075-2080"
36,3,"2080-2085"
36,3,"2085-2090"
36,3,"2090-2095"
36,3,"2095-2100"
36,4,"2015-2020"
36,4,"2020-2025"
36,4,"2025-2030"
36,4,"2030-2035"
36,4,"2035-2040"
36,4,"2040-2045"
36,4,"2045-2050"
36,4,"2050-2055"
36,4,"2055-2060"
36,4,"2060-2065"
36,4,"2065-2070"
36,4,"2070-2075"
36,4,"2075-2080"
36,4,"2080-2085"
36,4,"2085-2090"
36,4,"2090-2095"
36,4,"2095-2100"
36,5,"2015-2020"
36,5,"2020-2025"
36,5,"2025-2030"
36,5,"2030-2035"
36,5,"2035-2040"
36,5,"2040-2045"
36,5,"2045-2050"
36,5,"2050-2055"
36,5,"2055-2060"
36,5,"2060-2065"
36,5,"2065-2070"
36,5,"2070-2075"
36,5,"2075-2080"
36,5,"2080-2085"
36,5,"2085-2090"
36,5,"2090-2095"
36,5,"2095-2100"
36,6,"2015-2020"
36,6,"2020-2025"
36,6,"2025-2030"
36,6,"2030-2035"
36,6,"2035-2040"
36,6,"2040-2045"
36,6,"2045-2050"
36,6,"2050-2055"
36,6,"2055-2060"
36,6,"2060-2065"
36,6,"2065-2070"
36,6,"2070-2075"
36,6,"2075-2080"
36,6,"2080-2085"
36,6,"2085-2090"
36,6,"2090-2095"
36,6,"2095-2100"
36,7,"2015-2020"
36,7,"2020-2025"
36,7,"2025-2030"
36,7,"2030-2035"
36,7,"2035-2040"
36,7,"2040-2045"
36,7,"2045-2050"
36,7,"2050-2055"
36,7,"2055-2060"
36,7,"2060-2065"
36,7,"2065-2070"
36,7,"2070-2075"
36,7,"2075-2080"
36,7,"2080-2085"
36,7,"2085-2090"
36,7,"2090-2095"
36,7,"2095-2100"
36,8,"2015-2020"
36,8,"2020-2025"
36,8,"2025-2030"
36,8,"2030-2035"
36,8,"2035-2040"
36,8,"2040-2045"
36,8,"2045-2050"
36,8,"2050-2055"
36,8,"2055-2060"
36,8,"2060-2065"
36,8,"2065-2070"
36,8,"2070-2075"
36,8,"2075-2080"
36,8,"2080-2085"
36,8,"2085-2090"
36,8,"2090-2095"
36,8,"2095-2100"
36,9,"2015-2020"
36,9,"2020-2025"
36,9,"2025-2030"
36,9,"2030-2035"
36,9,"2035-2040"
36,9,"2040-2045"
36,9,"2045-2050"
36,9,"2050-2055"
36,9,"2055-2060"
36,9,"2060-2065"
36,9,"2065-2070"
36,9,"2070-2075"
36,9,"2075-2080"
36,9,"2080-2085"
36,9,"2085-2090"
36,9,"2090-2095"
36,9,"2095-2100"
36,202,"2015-2020"
36,202,"2020-2025"
36,202,"2025-2030"
36,202,"2030-2035"
36,202,"2035-2040"
36,202,"2040-2045"
36,202,"2045-2050"
36,202,"2050-2055"
36,202,"2055-2060"
36,202,"2060-2065"
36,202,"2065-2070"
36,202,"2070-2075"
36,202,"2075-2080"
36,202,"2080-2085"
36,202,"2085-2090"
36,202,"2090-2095"
36,202,"2095-2100"
927,3,"2015-2020"
927,3,"2020-2025"
927,3,"2025-2030"
927,3,"2030-2035"
927,3,"2035-2040"
927,3,"2040-2045"
927,3,"2045-2050"
927,3,"2050-2055"
927,3,"2055-2060"
927,3,"2060-2065"
927,3,"2065-2070"
927,3,"2070-2075"
927,3,"2075-2080"
927,3,"2080-2085"
927,3,"2085-2090"
927,3,"2090-2095"
927,3,"2095-2100"
927,4,"2015-2020"
927,4,"2020-2025"
927,4,"2025-2030"
927,4,"2030-2035"
927,4,"2035-2040"
927,4,"2040-2045"
927,4,"2045-2050"
927,4,"2050-2055"
927,4,"2055-2060"
927,4,"2060-2065"
927,4,"2065-2070"
927,4,"2070-2075"
927,4,"2075-2080"
927,4,"2080-2085"
927,4,"2085-2090"
927,4,"2090-2095"
927,4,"2095-2100"
927,5,"2015-2020"
927,5,"2020-2025"
927,5,"2025-2030"
927,5,"2030-2035"
927,5,"2035-2040"
927,5,"2040-2045"
927,5,"2045-2050"
927,5,"2050-2055"
927,5,"2055-2060"
927,5,"2060-2065"
927,5,"2065-2070"
927,5,"2070-2075"
927,5,"2075-2080"
927,5,"2080-2085"
927,5,"2085-2090"
927,5,"2090-2095"
927,5,"2095-2100"
927,6,"2015-2020"
927,6,"2020-2025"
927,6,"2025-2030"
927,6,"2030-2035"
927,6,"2035-2040"
927,6,"2040-2045"
927,6,"2045-2050"
927,6,"2050-2055"
927,6,"2055-2060"
927,6,"2060-2065"
927,6,"2065-2070"
927,6,"2070-2075"
927,6,"2075-2080"
927,6,"2080-2085"
927,6,"2085-2090"
927,6,"2090-2095"
927,6,"2095-2100"
927,7,"2015-2020"
927,7,"2020-2025"
927,7,"2025-2030"
927,7,"2030-2035"
927,7,"2035-2040"
927,7,"2040-2045"
927,7,"2045-2050"
927,7,"2050-2055"
927,7,"2055-2060"
927,7,"2060-2065"
927,7,"2065-2070"
927,7,"2070-2075"
927,7,"2075-2080"
927,7,"2080-2085"
927,7,"2085-2090"
927,7,"2090-2095"
927,7,"2095-2100"
927,8,"2015-2020"
927,8,"2020-2025"
927,8,"2025-2030"
927,8,"2030-2035"
927,8,"2035-2040"
927,8,"2040-2045"
927,8,"2045-2050"
927,8,"2050-2055"
927,8,"2055-2060"
927,8,"2060-2065"
927,8,"2065-2070"
927,8,"2070-2075"
927,8,"2075-2080"
927,8,"2080-2085"
927,8,"2085-2090"
927,8,"2090-2095"
927,8,"2095-2100"
927,9,"2015-2020"
927,9,"2020-2025"
927,9,"2025-2030"
927,9,"2030-2035"
927,9,"2035-2040"
927,9,"2040-2045"
927,9,"2045-2050"
927,9,"2050-2055"
927,9,"2055-2060"
927,9,"2060-2065"
927,9,"2065-2070"
927,9,"2070-2075"
927,9,"2075-2080"
927,9,"2080-2085"
927,9,"2085-2090"
927,9,"2090-2095"
927,9,"2095-2100"
40,3,"2015-2020"
40,3,"2020-2025"
40,3,"2025-2030"
40,3,"2030-2035"
40,3,"2035-2040"
40,3,"2040-2045"
40,3,"2045-2050"
40,3,"2050-2055"
40,3,"2055-2060"
40,3,"2060-2065"
40,3,"2065-2070"
40,3,"2070-2075"
40,3,"2075-2080"
40,3,"2080-2085"
40,3,"2085-2090"
40,3,"2090-2095"
40,3,"2095-2100"
40,4,"2015-2020"
40,4,"2020-2025"
40,4,"2025-2030"
40,4,"2030-2035"
40,4,"2035-2040"
40,4,"2040-2045"
40,4,"2045-2050"
40,4,"2050-2055"
40,4,"2055-2060"
40,4,"2060-2065"
40,4,"2065-2070"
40,4,"2070-2075"
40,4,"2075-2080"
40,4,"2080-2085"
40,4,"2085-2090"
40,4,"2090-2095"
40,4,"2095-2100"
40,5,"2015-2020"
40,5,"2020-2025"
40,5,"2025-2030"
40,5,"2030-2035"
40,5,"2035-2040"
40,5,"2040-2045"
40,5,"2045-2050"
40,5,"2050-2055"
40,5,"2055-2060"
40,5,"2060-2065"
40,5,"2065-2070"
40,5,"2070-2075"
40,5,"2075-2080"
40,5,"2080-2085"
40,5,"2085-2090"
40,5,"2090-2095"
40,5,"2095-2100"
40,6,"2015-2020"
40,6,"2020-2025"
40,6,"2025-2030"
40,6,"2030-2035"
40,6,"2035-2040"
40,6,"2040-2045"
40,6,"2045-2050"
40,6,"2050-2055"
40,6,"2055-2060"
40,6,"2060-2065"
40,6,"2065-2070"
40,6,"2070-2075"
40,6,"2075-2080"
40,6,"2080-2085"
40,6,"2085-2090"
40,6,"2090-2095"
40,6,"2095-2100"
40,7,"2015-2020"
40,7,"2020-2025"
40,7,"2025-2030"
40,7,"2030-2035"
40,7,"2035-2040"
40,7,"2040-2045"
40,7,"2045-2050"
40,7,"2050-2055"
40,7,"2055-2060"
40,7,"2060-2065"
40,7,"2065-2070"
40,7,"2070-2075"
40,7,"2075-2080"
40,7,"2080-2085"
40,7,"2085-2090"
40,7,"2090-2095"
40,7,"2095-2100"
40,8,"2015-2020"
40,8,"2020-2025"
40,8,"2025-2030"
40,8,"2030-2035"
40,8,"2035-2040"
40,8,"2040-2045"
40,8,"2045-2050"
40,8,"2050-2055"
40,8,"2055-2060"
40,8,"2060-2065"
40,8,"2065-2070"
40,8,"2070-2075"
40,8,"2075-2080"
40,8,"2080-2085"
40,8,"2085-2090"
40,8,"2090-2095"
40,8,"2095-2100"
40,9,"2015-2020"
40,9,"2020-2025"
40,9,"2025-2030"
40,9,"2030-2035"
40,9,"2035-2040"
40,9,"2040-2045"
40,9,"2045-2050"
40,9,"2050-2055"
40,9,"2055-2060"
40,9,"2060-2065"
40,9,"2065-2070"
40,9,"2070-2075"
40,9,"2075-2080"
40,9,"2080-2085"
40,9,"2085-2090"
40,9,"2090-2095"
40,9,"2095-2100"
40,202,"2015-2020"
40,202,"2020-2025"
40,202,"2025-2030"
40,202,"2030-2035"
40,202,"2035-2040"
40,202,"2040-2045"
40,202,"2045-2050"
40,202,"2050-2055"
40,202,"2055-2060"
40,202,"2060-2065"
40,202,"2065-2070"
40,202,"2070-2075"
40,202,"2075-2080"
40,202,"2080-2085"
40,202,"2085-2090"
40,202,"2090-2095"
40,202,"2095-2100"
31,3,"2015-2020"
31,3,"2020-2025"
31,3,"2025-2030"
31,3,"2030-2035"
31,3,"2035-2040"
31,3,"2040-2045"
31,3,"2045-2050"
31,3,"2050-2055"
31,3,"2055-2060"
31,3,"2060-2065"
31,3,"2065-2070"
31,3,"2070-2075"
31,3,"2075-2080"
31,3,"2080-2085"
31,3,"2085-2090"
31,3,"2090-2095"
31,3,"2095-2100"
31,4,"2015-2020"
31,4,"2020-2025"
31,4,"2025-2030"
31,4,"2030-2035"
31,4,"2035-2040"
31,4,"2040-2045"
31,4,"2045-2050"
31,4,"2050-2055"
31,4,"2055-2060"
31,4,"2060-2065"
31,4,"2065-2070"
31,4,"2070-2075"
31,4,"2075-2080"
31,4,"2080-2085"
31,4,"2085-2090"
31,4,"2090-2095"
31,4,"2095-2100"
31,5,"2015-2020"
31,5,"2020-2025"
31,5,"2025-2030"
31,5,"2030-2035"
31,5,"2035-2040"
31,5,"2040-2045"
31,5,"2045-2050"
31,5,"2050-2055"
31,5,"2055-2060"
31,5,"2060-2065"
31,5,"2065-2070"
31,5,"2070-2075"
31,5,"2075-2080"
31,5,"2080-2085"
31,5,"2085-2090"
31,5,"2090-2095"
31,5,"2095-2100"
31,6,"2015-2020"
31,6,"2020-2025"
31,6,"2025-2030"
31,6,"2030-2035"
31,6,"2035-2040"
31,6,"2040-2045"
31,6,"2045-2050"
31,6,"2050-2055"
31,6,"2055-2060"
31,6,"2060-2065"
31,6,"2065-2070"
31,6,"2070-2075"
31,6,"2075-2080"
31,6,"2080-2085"
31,6,"2085-2090"
31,6,"2090-2095"
31,6,"2095-2100"
31,7,"2015-2020"
31,7,"2020-2025"
31,7,"2025-2030"
31,7,"2030-2035"
31,7,"2035-2040"
31,7,"2040-2045"
31,7,"2045-2050"
31,7,"2050-2055"
31,7,"2055-2060"
31,7,"2060-2065"
31,7,"2065-2070"
31,7,"2070-2075"
31,7,"2075-2080"
31,7,"2080-2085"
31,7,"2085-2090"
31,7,"2090-2095"
31,7,"2095-2100"
31,8,"2015-2020"
31,8,"2020-2025"
31,8,"2025-2030"
31,8,"2030-2035"
31,8,"2035-2040"
31,8,"2040-2045"
31,8,"2045-2050"
31,8,"2050-2055"
31,8,"2055-2060"
31,8,"2060-2065"
31,8,"2065-2070"
31,8,"2070-2075"
31,8,"2075-2080"
31,8,"2080-2085"
31,8,"2085-2090"
31,8,"2090-2095"
31,8,"2095-2100"
31,9,"2015-2020"
31,9,"2020-2025"
31,9,"2025-2030"
31,9,"2030-2035"
31,9,"2035-2040"
31,9,"2040-2045"
31,9,"2045-2050"
31,9,"2050-2055"
31,9,"2055-2060"
31,9,"2060-2065"
31,9,"2065-2070"
31,9,"2070-2075"
31,9,"2075-2080"
31,9,"2080-2085"
31,9,"2085-2090"
31,9,"2090-2095"
31,9,"2095-2100"
31,202,"2015-2020"
31,202,"2020-2025"
31,202,"2025-2030"
31,202,"2030-2035"
31,202,"2035-2040"
31,202,"2040-2045"
31,202,"2045-2050"
31,202,"2050-2055"
31,202,"2055-2060"
31,202,"2060-2065"
31,202,"2065-2070"
31,202,"2070-2075"
31,202,"2075-2080"
31,202,"2080-2085"
31,202,"2085-2090"
31,202,"2090-2095"
31,202,"2095-2100"
44,3,"2015-2020"
44,3,"2020-2025"
44,3,"2025-2030"
44,3,"2030-2035"
44,3,"2035-2040"
44,3,"2040-2045"
44,3,"2045-2050"
44,3,"2050-2055"
44,3,"2055-2060"
44,3,"2060-2065"
44,3,"2065-2070"
44,3,"2070-2075"
44,3,"2075-2080"
44,3,"2080-2085"
44,3,"2085-2090"
44,3,"2090-2095"
44,3,"2095-2100"
44,4,"2015-2020"
44,4,"2020-2025"
44,4,"2025-2030"
44,4,"2030-2035"
44,4,"2035-2040"
44,4,"2040-2045"
44,4,"2045-2050"
44,4,"2050-2055"
44,4,"2055-2060"
44,4,"2060-2065"
44,4,"2065-2070"
44,4,"2070-2075"
44,4,"2075-2080"
44,4,"2080-2085"
44,4,"2085-2090"
44,4,"2090-2095"
44,4,"2095-2100"
44,5,"2015-2020"
44,5,"2020-2025"
44,5,"2025-2030"
44,5,"2030-2035"
44,5,"2035-2040"
44,5,"2040-2045"
44,5,"2045-2050"
44,5,"2050-2055"
44,5,"2055-2060"
44,5,"2060-2065"
44,5,"2065-2070"
44,5,"2070-2075"
44,5,"2075-2080"
44,5,"2080-2085"
44,5,"2085-2090"
44,5,"2090-2095"
44,5,"2095-2100"
44,6,"2015-2020"
44,6,"2020-2025"
44,6,"2025-2030"
44,6,"2030-2035"
44,6,"2035-2040"
44,6,"2040-2045"
44,6,"2045-2050"
44,6,"2050-2055"
44,6,"2055-2060"
44,6,"2060-2065"
44,6,"2065-2070"
44,6,"2070-2075"
44,6,"2075-2080"
44,6,"2080-2085"
44,6,"2085-2090"
44,6,"2090-2095"
44,6,"2095-2100"
44,7,"2015-2020"
44,7,"2020-2025"
44,7,"2025-2030"
44,7,"2030-2035"
44,7,"2035-2040"
44,7,"2040-2045"
44,7,"2045-2050"
44,7,"2050-2055"
44,7,"2055-2060"
44,7,"2060-2065"
44,7,"2065-2070"
44,7,"2070-2075"
44,7,"2075-2080"
44,7,"2080-2085"
44,7,"2085-2090"
44,7,"2090-2095"
44,7,"2095-2100"
44,8,"2015-2020"
44,8,"2020-2025"
44,8,"2025-2030"
44,8,"2030-2035"
44,8,"2035-2040"
44,8,"2040-2045"
44,8,"2045-2050"
44,8,"2050-2055"
44,8,"2055-2060"
44,8,"2060-2065"
44,8,"2065-2070"
44,8,"2070-2075"
44,8,"2075-2080"
44,8,"2080-2085"
44,8,"2085-2090"
44,8,"2090-2095"
44,8,"2095-2100"
44,9,"2015-2020"
44,9,"2020-2025"
44,9,"2025-2030"
44,9,"2030-2035"
44,9,"2035-2040"
44,9,"2040-2045"
44,9,"2045-2050"
44,9,"2050-2055"
44,9,"2055-2060"
44,9,"2060-2065"
44,9,"2065-2070"
44,9,"2070-2075"
44,9,"2075-2080"
44,9,"2080-2085"
44,9,"2085-2090"
44,9,"2090-2095"
44,9,"2095-2100"
44,202,"2015-2020"
44,202,"2020-2025"
44,202,"2025-2030"
44,202,"2030-2035"
44,202,"2035-2040"
44,202,"2040-2045"
44,202,"2045-2050"
44,202,"2050-2055"
44,202,"2055-2060"
44,202,"2060-2065"
44,202,"2065-2070"
44,202,"2070-2075"
44,202,"2075-2080"
44,202,"2080-2085"
44,202,"2085-2090"
44,202,"2090-2095"
44,202,"2095-2100"
48,3,"2015-2020"
48,3,"2020-2025"
48,3,"2025-2030"
48,3,"2030-2035"
48,3,"2035-2040"
48,3,"2040-2045"
48,3,"2045-2050"
48,3,"2050-2055"
48,3,"2055-2060"
48,3,"2060-2065"
48,3,"2065-2070"
48,3,"2070-2075"
48,3,"2075-2080"
48,3,"2080-2085"
48,3,"2085-2090"
48,3,"2090-2095"
48,3,"2095-2100"
48,4,"2015-2020"
48,4,"2020-2025"
48,4,"2025-2030"
48,4,"2030-2035"
48,4,"2035-2040"
48,4,"2040-2045"
48,4,"2045-2050"
48,4,"2050-2055"
48,4,"2055-2060"
48,4,"2060-2065"
48,4,"2065-2070"
48,4,"2070-2075"
48,4,"2075-2080"
48,4,"2080-2085"
48,4,"2085-2090"
48,4,"2090-2095"
48,4,"2095-2100"
48,5,"2015-2020"
48,5,"2020-2025"
48,5,"2025-2030"
48,5,"2030-2035"
48,5,"2035-2040"
48,5,"2040-2045"
48,5,"2045-2050"
48,5,"2050-2055"
48,5,"2055-2060"
48,5,"2060-2065"
48,5,"2065-2070"
48,5,"2070-2075"
48,5,"2075-2080"
48,5,"2080-2085"
48,5,"2085-2090"
48,5,"2090-2095"
48,5,"2095-2100"
48,6,"2015-2020"
48,6,"2020-2025"
48,6,"2025-2030"
48,6,"2030-2035"
48,6,"2035-2040"
48,6,"2040-2045"
48,6,"2045-2050"
48,6,"2050-2055"
48,6,"2055-2060"
48,6,"2060-2065"
48,6,"2065-2070"
48,6,"2070-2075"
48,6,"2075-2080"
48,6,"2080-2085"
48,6,"2085-2090"
48,6,"2090-2095"
48,6,"2095-2100"
48,7,"2015-2020"
48,7,"2020-2025"
48,7,"2025-2030"
48,7,"2030-2035"
48,7,"2035-2040"
48,7,"2040-2045"
48,7,"2045-2050"
48,7,"2050-2055"
48,7,"2055-2060"
48,7,"2060-2065"
48,7,"2065-2070"
48,7,"2070-2075"
48,7,"2075-2080"
48,7,"2080-2085"
48,7,"2085-2090"
48,7,"2090-2095"
48,7,"2095-2100"
48,8,"2015-2020"
48,8,"2020-2025"
48,8,"2025-2030"
48,8,"2030-2035"
48,8,"2035-2040"
48,8,"2040-2045"
48,8,"2045-2050"
48,8,"2050-2055"
48,8,"2055-2060"
48,8,"2060-2065"
48,8,"2065-2070"
48,8,"2070-2075"
48,8,"2075-2080"
48,8,"2080-2085"
48,8,"2085-2090"
48,8,"2090-2095"
48,8,"2095-2100"
48,9,"2015-2020"
48,9,"2020-2025"
48,9,"2025-2030"
48,9,"2030-2035"
48,9,"2035-2040"
48,9,"2040-2045"
48,9,"2045-2050"
48,9,"2050-2055"
48,9,"2055-2060"
48,9,"2060-2065"
48,9,"2065-2070"
48,9,"2070-2075"
48,9,"2075-2080"
48,9,"2080-2085"
48,9,"2085-2090"
48,9,"2090-2095"
48,9,"2095-2100"
48,202,"2015-2020"
48,202,"2020-2025"
48,202,"2025-2030"
48,202,"2030-2035"
48,202,"2035-2040"
48,202,"2040-2045"
48,202,"2045-2050"
48,202,"2050-2055"
48,202,"2055-2060"
48,202,"2060-2065"
48,202,"2065-2070"
48,202,"2070-2075"
48,202,"2075-2080"
48,202,"2080-2085"
48,202,"2085-2090"
48,202,"2090-2095"
48,202,"2095-2100"
50,3,"2015-2020"
50,3,"2020-2025"
50,3,"2025-2030"
50,3,"2030-2035"
50,3,"2035-2040"
50,3,"2040-2045"
50,3,"2045-2050"
50,3,"2050-2055"
50,3,"2055-2060"
50,3,"2060-2065"
50,3,"2065-2070"
50,3,"2070-2075"
50,3,"2075-2080"
50,3,"2080-2085"
50,3,"2085-2090"
50,3,"2090-2095"
50,3,"2095-2100"
50,4,"2015-2020"
50,4,"2020-2025"
50,4,"2025-2030"
50,4,"2030-2035"
50,4,"2035-2040"
50,4,"2040-2045"
50,4,"2045-2050"
50,4,"2050-2055"
50,4,"2055-2060"
50,4,"2060-2065"
50,4,"2065-2070"
50,4,"2070-2075"
50,4,"2075-2080"
50,4,"2080-2085"
50,4,"2085-2090"
50,4,"2090-2095"
50,4,"2095-2100"
50,5,"2015-2020"
50,5,"2020-2025"
50,5,"2025-2030"
50,5,"2030-2035"
50,5,"2035-2040"
50,5,"2040-2045"
50,5,"2045-2050"
50,5,"2050-2055"
50,5,"2055-2060"
50,5,"2060-2065"
50,5,"2065-2070"
50,5,"2070-2075"
50,5,"2075-2080"
50,5,"2080-2085"
50,5,"2085-2090"
50,5,"2090-2095"
50,5,"2095-2100"
50,6,"2015-2020"
50,6,"2020-2025"
50,6,"2025-2030"
50,6,"2030-2035"
50,6,"2035-2040"
50,6,"2040-2045"
50,6,"2045-2050"
50,6,"2050-2055"
50,6,"2055-2060"
50,6,"2060-2065"
50,6,"2065-2070"
50,6,"2070-2075"
50,6,"2075-2080"
50,6,"2080-2085"
50,6,"2085-2090"
50,6,"2090-2095"
50,6,"2095-2100"
50,7,"2015-2020"
50,7,"2020-2025"
50,7,"2025-2030"
50,7,"2030-2035"
50,7,"2035-2040"
50,7,"2040-2045"
50,7,"2045-2050"
50,7,"2050-2055"
50,7,"2055-2060"
50,7,"2060-2065"
50,7,"2065-2070"
50,7,"2070-2075"
50,7,"2075-2080"
50,7,"2080-2085"
50,7,"2085-2090"
50,7,"2090-2095"
50,7,"2095-2100"
50,8,"2015-2020"
50,8,"2020-2025"
50,8,"2025-2030"
50,8,"2030-2035"
50,8,"2035-2040"
50,8,"2040-2045"
50,8,"2045-2050"
50,8,"2050-2055"
50,8,"2055-2060"
50,8,"2060-2065"
50,8,"2065-2070"
50,8,"2070-2075"
50,8,"2075-2080"
50,8,"2080-2085"
50,8,"2085-2090"
50,8,"2090-2095"
50,8,"2095-2100"
50,9,"2015-2020"
50,9,"2020-2025"
50,9,"2025-2030"
50,9,"2030-2035"
50,9,"2035-2040"
50,9,"2040-2045"
50,9,"2045-2050"
50,9,"2050-2055"
50,9,"2055-2060"
50,9,"2060-2065"
50,9,"2065-2070"
50,9,"2070-2075"
50,9,"2075-2080"
50,9,"2080-2085"
50,9,"2085-2090"
50,9,"2090-2095"
50,9,"2095-2100"
50,202,"2015-2020"
50,202,"2020-2025"
50,202,"2025-2030"
50,202,"2030-2035"
50,202,"2035-2040"
50,202,"2040-2045"
50,202,"2045-2050"
50,202,"2050-2055"
50,202,"2055-2060"
50,202,"2060-2065"
50,202,"2065-2070"
50,202,"2070-2075"
50,202,"2075-2080"
50,202,"2080-2085"
50,202,"2085-2090"
50,202,"2090-2095"
50,202,"2095-2100"
52,3,"2015-2020"
52,3,"2020-2025"
52,3,"2025-2030"
52,3,"2030-2035"
52,3,"2035-2040"
52,3,"2040-2045"
52,3,"2045-2050"
52,3,"2050-2055"
52,3,"2055-2060"
52,3,"2060-2065"
52,3,"2065-2070"
52,3,"2070-2075"
52,3,"2075-2080"
52,3,"2080-2085"
52,3,"2085-2090"
52,3,"2090-2095"
52,3,"2095-2100"
52,4,"2015-2020"
52,4,"2020-2025"
52,4,"2025-2030"
52,4,"2030-2035"
52,4,"2035-2040"
52,4,"2040-2045"
52,4,"2045-2050"
52,4,"2050-2055"
52,4,"2055-2060"
52,4,"2060-2065"
52,4,"2065-2070"
52,4,"2070-2075"
52,4,"2075-2080"
52,4,"2080-2085"
52,4,"2085-2090"
52,4,"2090-2095"
52,4,"2095-2100"
52,5,"2015-2020"
52,5,"2020-2025"
52,5,"2025-2030"
52,5,"2030-2035"
52,5,"2035-2040"
52,5,"2040-2045"
52,5,"2045-2050"
52,5,"2050-2055"
52,5,"2055-2060"
52,5,"2060-2065"
52,5,"2065-2070"
52,5,"2070-2075"
52,5,"2075-2080"
52,5,"2080-2085"
52,5,"2085-2090"
52,5,"2090-2095"
52,5,"2095-2100"
52,6,"2015-2020"
52,6,"2020-2025"
52,6,"2025-2030"
52,6,"2030-2035"
52,6,"2035-2040"
52,6,"2040-2045"
52,6,"2045-2050"
52,6,"2050-2055"
52,6,"2055-2060"
52,6,"2060-2065"
52,6,"2065-2070"
52,6,"2070-2075"
52,6,"2075-2080"
52,6,"2080-2085"
52,6,"2085-2090"
52,6,"2090-2095"
52,6,"2095-2100"
52,7,"2015-2020"
52,7,"2020-2025"
52,7,"2025-2030"
52,7,"2030-2035"
52,7,"2035-2040"
52,7,"2040-2045"
52,7,"2045-2050"
52,7,"2050-2055"
52,7,"2055-2060"
52,7,"2060-2065"
52,7,"2065-2070"
52,7,"2070-2075"
52,7,"2075-2080"
52,7,"2080-2085"
52,7,"2085-2090"
52,7,"2090-2095"
52,7,"2095-2100"
52,8,"2015-2020"
52,8,"2020-2025"
52,8,"2025-2030"
52,8,"2030-2035"
52,8,"2035-2040"
52,8,"2040-2045"
52,8,"2045-2050"
52,8,"2050-2055"
52,8,"2055-2060"
52,8,"2060-2065"
52,8,"2065-2070"
52,8,"2070-2075"
52,8,"2075-2080"
52,8,"2080-2085"
52,8,"2085-2090"
52,8,"2090-2095"
52,8,"2095-2100"
52,9,"2015-2020"
52,9,"2020-2025"
52,9,"2025-2030"
52,9,"2030-2035"
52,9,"2035-2040"
52,9,"2040-2045"
52,9,"2045-2050"
52,9,"2050-2055"
52,9,"2055-2060"
52,9,"2060-2065"
52,9,"2065-2070"
52,9,"2070-2075"
52,9,"2075-2080"
52,9,"2080-2085"
52,9,"2085-2090"
52,9,"2090-2095"
52,9,"2095-2100"
52,202,"2015-2020"
52,202,"2020-2025"
52,202,"2025-2030"
52,202,"2030-2035"
52,202,"2035-2040"
52,202,"2040-2045"
52,202,"2045-2050"
52,202,"2050-2055"
52,202,"2055-2060"
52,202,"2060-2065"
52,202,"2065-2070"
52,202,"2070-2075"
52,202,"2075-2080"
52,202,"2080-2085"
52,202,"2085-2090"
52,202,"2090-2095"
52,202,"2095-2100"
112,3,"2015-2020"
112,3,"2020-2025"
112,3,"2025-2030"
112,3,"2030-2035"
112,3,"2035-2040"
112,3,"2040-2045"
112,3,"2045-2050"
112,3,"2050-2055"
112,3,"2055-2060"
112,3,"2060-2065"
112,3,"2065-2070"
112,3,"2070-2075"
112,3,"2075-2080"
112,3,"2080-2085"
112,3,"2085-2090"
112,3,"2090-2095"
112,3,"2095-2100"
112,4,"2015-2020"
112,4,"2020-2025"
112,4,"2025-2030"
112,4,"2030-2035"
112,4,"2035-2040"
112,4,"2040-2045"
112,4,"2045-2050"
112,4,"2050-2055"
112,4,"2055-2060"
112,4,"2060-2065"
112,4,"2065-2070"
112,4,"2070-2075"
112,4,"2075-2080"
112,4,"2080-2085"
112,4,"2085-2090"
112,4,"2090-2095"
112,4,"2095-2100"
112,5,"2015-2020"
112,5,"2020-2025"
112,5,"2025-2030"
112,5,"2030-2035"
112,5,"2035-2040"
112,5,"2040-2045"
112,5,"2045-2050"
112,5,"2050-2055"
112,5,"2055-2060"
112,5,"2060-2065"
112,5,"2065-2070"
112,5,"2070-2075"
112,5,"2075-2080"
112,5,"2080-2085"
112,5,"2085-2090"
112,5,"2090-2095"
112,5,"2095-2100"
112,6,"2015-2020"
112,6,"2020-2025"
112,6,"2025-2030"
112,6,"2030-2035"
112,6,"2035-2040"
112,6,"2040-2045"
112,6,"2045-2050"
112,6,"2050-2055"
112,6,"2055-2060"
112,6,"2060-2065"
112,6,"2065-2070"
112,6,"2070-2075"
112,6,"2075-2080"
112,6,"2080-2085"
112,6,"2085-2090"
112,6,"2090-2095"
112,6,"2095-2100"
112,7,"2015-2020"
112,7,"2020-2025"
112,7,"2025-2030"
112,7,"2030-2035"
112,7,"2035-2040"
112,7,"2040-2045"
112,7,"2045-2050"
112,7,"2050-2055"
112,7,"2055-2060"
112,7,"2060-2065"
112,7,"2065-2070"
112,7,"2070-2075"
112,7,"2075-2080"
112,7,"2080-2085"
112,7,"2085-2090"
112,7,"2090-2095"
112,7,"2095-2100"
112,8,"2015-2020"
112,8,"2020-2025"
112,8,"2025-2030"
112,8,"2030-2035"
112,8,"2035-2040"
112,8,"2040-2045"
112,8,"2045-2050"
112,8,"2050-2055"
112,8,"2055-2060"
112,8,"2060-2065"
112,8,"2065-2070"
112,8,"2070-2075"
112,8,"2075-2080"
112,8,"2080-2085"
112,8,"2085-2090"
112,8,"2090-2095"
112,8,"2095-2100"
112,9,"2015-2020"
112,9,"2020-2025"
112,9,"2025-2030"
112,9,"2030-2035"
112,9,"2035-2040"
112,9,"2040-2045"
112,9,"2045-2050"
112,9,"2050-2055"
112,9,"2055-2060"
112,9,"2060-2065"
112,9,"2065-2070"
112,9,"2070-2075"
112,9,"2075-2080"
112,9,"2080-2085"
112,9,"2085-2090"
112,9,"2090-2095"
112,9,"2095-2100"
112,202,"2015-2020"
112,202,"2020-2025"
112,202,"2025-2030"
112,202,"2030-2035"
112,202,"2035-2040"
112,202,"2040-2045"
112,202,"2045-2050"
112,202,"2050-2055"
112,202,"2055-2060"
112,202,"2060-2065"
112,202,"2065-2070"
112,202,"2070-2075"
112,202,"2075-2080"
112,202,"2080-2085"
112,202,"2085-2090"
112,202,"2090-2095"
112,202,"2095-2100"
56,3,"2015-2020"
56,3,"2020-2025"
56,3,"2025-2030"
56,3,"2030-2035"
56,3,"2035-2040"
56,3,"2040-2045"
56,3,"2045-2050"
56,3,"2050-2055"
56,3,"2055-2060"
56,3,"2060-2065"
56,3,"2065-2070"
56,3,"2070-2075"
56,3,"2075-2080"
56,3,"2080-2085"
56,3,"2085-2090"
56,3,"2090-2095"
56,3,"2095-2100"
56,4,"2015-2020"
56,4,"2020-2025"
56,4,"2025-2030"
56,4,"2030-2035"
56,4,"2035-2040"
56,4,"2040-2045"
56,4,"2045-2050"
56,4,"2050-2055"
56,4,"2055-2060"
56,4,"2060-2065"
56,4,"2065-2070"
56,4,"2070-2075"
56,4,"2075-2080"
56,4,"2080-2085"
56,4,"2085-2090"
56,4,"2090-2095"
56,4,"2095-2100"
56,5,"2015-2020"
56,5,"2020-2025"
56,5,"2025-2030"
56,5,"2030-2035"
56,5,"2035-2040"
56,5,"2040-2045"
56,5,"2045-2050"
56,5,"2050-2055"
56,5,"2055-2060"
56,5,"2060-2065"
56,5,"2065-2070"
56,5,"2070-2075"
56,5,"2075-2080"
56,5,"2080-2085"
56,5,"2085-2090"
56,5,"2090-2095"
56,5,"2095-2100"
56,6,"2015-2020"
56,6,"2020-2025"
56,6,"2025-2030"
56,6,"2030-2035"
56,6,"2035-2040"
56,6,"2040-2045"
56,6,"2045-2050"
56,6,"2050-2055"
56,6,"2055-2060"
56,6,"2060-2065"
56,6,"2065-2070"
56,6,"2070-2075"
56,6,"2075-2080"
56,6,"2080-2085"
56,6,"2085-2090"
56,6,"2090-2095"
56,6,"2095-2100"
56,7,"2015-2020"
56,7,"2020-2025"
56,7,"2025-2030"
56,7,"2030-2035"
56,7,"2035-2040"
56,7,"2040-2045"
56,7,"2045-2050"
56,7,"2050-2055"
56,7,"2055-2060"
56,7,"2060-2065"
56,7,"2065-2070"
56,7,"2070-2075"
56,7,"2075-2080"
56,7,"2080-2085"
56,7,"2085-2090"
56,7,"2090-2095"
56,7,"2095-2100"
56,8,"2015-2020"
56,8,"2020-2025"
56,8,"2025-2030"
56,8,"2030-2035"
56,8,"2035-2040"
56,8,"2040-2045"
56,8,"2045-2050"
56,8,"2050-2055"
56,8,"2055-2060"
56,8,"2060-2065"
56,8,"2065-2070"
56,8,"2070-2075"
56,8,"2075-2080"
56,8,"2080-2085"
56,8,"2085-2090"
56,8,"2090-2095"
56,8,"2095-2100"
56,9,"2015-2020"
56,9,"2020-2025"
56,9,"2025-2030"
56,9,"2030-2035"
56,9,"2035-2040"
56,9,"2040-2045"
56,9,"2045-2050"
56,9,"2050-2055"
56,9,"2055-2060"
56,9,"2060-2065"
56,9,"2065-2070"
56,9,"2070-2075"
56,9,"2075-2080"
56,9,"2080-2085"
56,9,"2085-2090"
56,9,"2090-2095"
56,9,"2095-2100"
56,202,"2015-2020"
56,202,"2020-2025"
56,202,"2025-2030"
56,202,"2030-2035"
56,202,"2035-2040"
56,202,"2040-2045"
56,202,"2045-2050"
56,202,"2050-2055"
56,202,"2055-2060"
56,202,"2060-2065"
56,202,"2065-2070"
56,202,"2070-2075"
56,202,"2075-2080"
56,202,"2080-2085"
56,202,"2085-2090"
56,202,"2090-2095"
56,202,"2095-2100"
84,3,"2015-2020"
84,3,"2020-2025"
84,3,"2025-2030"
84,3,"2030-2035"
84,3,"2035-2040"
84,3,"2040-2045"
84,3,"2045-2050"
84,3,"2050-2055"
84,3,"2055-2060"
84,3,"2060-2065"
84,3,"2065-2070"
84,3,"2070-2075"
84,3,"2075-2080"
84,3,"2080-2085"
84,3,"2085-2090"
84,3,"2090-2095"
84,3,"2095-2100"
84,4,"2015-2020"
84,4,"2020-2025"
84,4,"2025-2030"
84,4,"2030-2035"
84,4,"2035-2040"
84,4,"2040-2045"
84,4,"2045-2050"
84,4,"2050-2055"
84,4,"2055-2060"
84,4,"2060-2065"
84,4,"2065-2070"
84,4,"2070-2075"
84,4,"2075-2080"
84,4,"2080-2085"
84,4,"2085-2090"
84,4,"2090-2095"
84,4,"2095-2100"
84,5,"2015-2020"
84,5,"2020-2025"
84,5,"2025-2030"
84,5,"2030-2035"
84,5,"2035-2040"
84,5,"2040-2045"
84,5,"2045-2050"
84,5,"2050-2055"
84,5,"2055-2060"
84,5,"2060-2065"
84,5,"2065-2070"
84,5,"2070-2075"
84,5,"2075-2080"
84,5,"2080-2085"
84,5,"2085-2090"
84,5,"2090-2095"
84,5,"2095-2100"
84,6,"2015-2020"
84,6,"2020-2025"
84,6,"2025-2030"
84,6,"2030-2035"
84,6,"2035-2040"
84,6,"2040-2045"
84,6,"2045-2050"
84,6,"2050-2055"
84,6,"2055-2060"
84,6,"2060-2065"
84,6,"2065-2070"
84,6,"2070-2075"
84,6,"2075-2080"
84,6,"2080-2085"
84,6,"2085-2090"
84,6,"2090-2095"
84,6,"2095-2100"
84,7,"2015-2020"
84,7,"2020-2025"
84,7,"2025-2030"
84,7,"2030-2035"
84,7,"2035-2040"
84,7,"2040-2045"
84,7,"2045-2050"
84,7,"2050-2055"
84,7,"2055-2060"
84,7,"2060-2065"
84,7,"2065-2070"
84,7,"2070-2075"
84,7,"2075-2080"
84,7,"2080-2085"
84,7,"2085-2090"
84,7,"2090-2095"
84,7,"2095-2100"
84,8,"2015-2020"
84,8,"2020-2025"
84,8,"2025-2030"
84,8,"2030-2035"
84,8,"2035-2040"
84,8,"2040-2045"
84,8,"2045-2050"
84,8,"2050-2055"
84,8,"2055-2060"
84,8,"2060-2065"
84,8,"2065-2070"
84,8,"2070-2075"
84,8,"2075-2080"
84,8,"2080-2085"
84,8,"2085-2090"
84,8,"2090-2095"
84,8,"2095-2100"
84,9,"2015-2020"
84,9,"2020-2025"
84,9,"2025-2030"
84,9,"2030-2035"
84,9,"2035-2040"
84,9,"2040-2045"
84,9,"2045-2050"
84,9,"2050-2055"
84,9,"2055-2060"
84,9,"2060-2065"
84,9,"2065-2070"
84,9,"2070-2075"
84,9,"2075-2080"
84,9,"2080-2085"
84,9,"2085-2090"
84,9,"2090-2095"
84,9,"2095-2100"
84,202,"2015-2020"
84,202,"2020-2025"
84,202,"2025-2030"
84,202,"2030-2035"
84,202,"2035-2040"
84,202,"2040-2045"
84,202,"2045-2050"
84,202,"2050-2055"
84,202,"2055-2060"
84,202,"2060-2065"
84,202,"2065-2070"
84,202,"2070-2075"
84,202,"2075-2080"
84,202,"2080-2085"
84,202,"2085-2090"
84,202,"2090-2095"
84,202,"2095-2100"
204,3,"2015-2020"
204,3,"2020-2025"
204,3,"2025-2030"
204,3,"2030-2035"
204,3,"2035-2040"
204,3,"2040-2045"
204,3,"2045-2050"
204,3,"2050-2055"
204,3,"2055-2060"
204,3,"2060-2065"
204,3,"2065-2070"
204,3,"2070-2075"
204,3,"2075-2080"
204,3,"2080-2085"
204,3,"2085-2090"
204,3,"2090-2095"
204,3,"2095-2100"
204,4,"2015-2020"
204,4,"2020-2025"
204,4,"2025-2030"
204,4,"2030-2035"
204,4,"2035-2040"
204,4,"2040-2045"
204,4,"2045-2050"
204,4,"2050-2055"
204,4,"2055-2060"
204,4,"2060-2065"
204,4,"2065-2070"
204,4,"2070-2075"
204,4,"2075-2080"
204,4,"2080-2085"
204,4,"2085-2090"
204,4,"2090-2095"
204,4,"2095-2100"
204,5,"2015-2020"
204,5,"2020-2025"
204,5,"2025-2030"
204,5,"2030-2035"
204,5,"2035-2040"
204,5,"2040-2045"
204,5,"2045-2050"
204,5,"2050-2055"
204,5,"2055-2060"
204,5,"2060-2065"
204,5,"2065-2070"
204,5,"2070-2075"
204,5,"2075-2080"
204,5,"2080-2085"
204,5,"2085-2090"
204,5,"2090-2095"
204,5,"2095-2100"
204,6,"2015-2020"
204,6,"2020-2025"
204,6,"2025-2030"
204,6,"2030-2035"
204,6,"2035-2040"
204,6,"2040-2045"
204,6,"2045-2050"
204,6,"2050-2055"
204,6,"2055-2060"
204,6,"2060-2065"
204,6,"2065-2070"
204,6,"2070-2075"
204,6,"2075-2080"
204,6,"2080-2085"
204,6,"2085-2090"
204,6,"2090-2095"
204,6,"2095-2100"
204,7,"2015-2020"
204,7,"2020-2025"
204,7,"2025-2030"
204,7,"2030-2035"
204,7,"2035-2040"
204,7,"2040-2045"
204,7,"2045-2050"
204,7,"2050-2055"
204,7,"2055-2060"
204,7,"2060-2065"
204,7,"2065-2070"
204,7,"2070-2075"
204,7,"2075-2080"
204,7,"2080-2085"
204,7,"2085-2090"
204,7,"2090-2095"
204,7,"2095-2100"
204,8,"2015-2020"
204,8,"2020-2025"
204,8,"2025-2030"
204,8,"2030-2035"
204,8,"2035-2040"
204,8,"2040-2045"
204,8,"2045-2050"
204,8,"2050-2055"
204,8,"2055-2060"
204,8,"2060-2065"
204,8,"2065-2070"
204,8,"2070-2075"
204,8,"2075-2080"
204,8,"2080-2085"
204,8,"2085-2090"
204,8,"2090-2095"
204,8,"2095-2100"
204,9,"2015-2020"
204,9,"2020-2025"
204,9,"2025-2030"
204,9,"2030-2035"
204,9,"2035-2040"
204,9,"2040-2045"
204,9,"2045-2050"
204,9,"2050-2055"
204,9,"2055-2060"
204,9,"2060-2065"
204,9,"2065-2070"
204,9,"2070-2075"
204,9,"2075-2080"
204,9,"2080-2085"
204,9,"2085-2090"
204,9,"2090-2095"
204,9,"2095-2100"
204,202,"2015-2020"
204,202,"2020-2025"
204,202,"2025-2030"
204,202,"2030-2035"
204,202,"2035-2040"
204,202,"2040-2045"
204,202,"2045-2050"
204,202,"2050-2055"
204,202,"2055-2060"
204,202,"2060-2065"
204,202,"2065-2070"
204,202,"2070-2075"
204,202,"2075-2080"
204,202,"2080-2085"
204,202,"2085-2090"
204,202,"2090-2095"
204,202,"2095-2100"
60,3,"2015-2020"
60,3,"2020-2025"
60,3,"2025-2030"
60,3,"2030-2035"
60,3,"2035-2040"
60,3,"2040-2045"
60,3,"2045-2050"
60,3,"2050-2055"
60,3,"2055-2060"
60,3,"2060-2065"
60,3,"2065-2070"
60,3,"2070-2075"
60,3,"2075-2080"
60,3,"2080-2085"
60,3,"2085-2090"
60,3,"2090-2095"
60,3,"2095-2100"
60,4,"2015-2020"
60,4,"2020-2025"
60,4,"2025-2030"
60,4,"2030-2035"
60,4,"2035-2040"
60,4,"2040-2045"
60,4,"2045-2050"
60,4,"2050-2055"
60,4,"2055-2060"
60,4,"2060-2065"
60,4,"2065-2070"
60,4,"2070-2075"
60,4,"2075-2080"
60,4,"2080-2085"
60,4,"2085-2090"
60,4,"2090-2095"
60,4,"2095-2100"
60,5,"2015-2020"
60,5,"2020-2025"
60,5,"2025-2030"
60,5,"2030-2035"
60,5,"2035-2040"
60,5,"2040-2045"
60,5,"2045-2050"
60,5,"2050-2055"
60,5,"2055-2060"
60,5,"2060-2065"
60,5,"2065-2070"
60,5,"2070-2075"
60,5,"2075-2080"
60,5,"2080-2085"
60,5,"2085-2090"
60,5,"2090-2095"
60,5,"2095-2100"
60,6,"2015-2020"
60,6,"2020-2025"
60,6,"2025-2030"
60,6,"2030-2035"
60,6,"2035-2040"
60,6,"2040-2045"
60,6,"2045-2050"
60,6,"2050-2055"
60,6,"2055-2060"
60,6,"2060-2065"
60,6,"2065-2070"
60,6,"2070-2075"
60,6,"2075-2080"
60,6,"2080-2085"
60,6,"2085-2090"
60,6,"2090-2095"
60,6,"2095-2100"
60,7,"2015-2020"
60,7,"2020-2025"
60,7,"2025-2030"
60,7,"2030-2035"
60,7,"2035-2040"
60,7,"2040-2045"
60,7,"2045-2050"
60,7,"2050-2055"
60,7,"2055-2060"
60,7,"2060-2065"
60,7,"2065-2070"
60,7,"2070-2075"
60,7,"2075-2080"
60,7,"2080-2085"
60,7,"2085-2090"
60,7,"2090-2095"
60,7,"2095-2100"
60,8,"2015-2020"
60,8,"2020-2025"
60,8,"2025-2030"
60,8,"2030-2035"
60,8,"2035-2040"
60,8,"2040-2045"
60,8,"2045-2050"
60,8,"2050-2055"
60,8,"2055-2060"
60,8,"2060-2065"
60,8,"2065-2070"
60,8,"2070-2075"
60,8,"2075-2080"
60,8,"2080-2085"
60,8,"2085-2090"
60,8,"2090-2095"
60,8,"2095-2100"
60,9,"2015-2020"
60,9,"2020-2025"
60,9,"2025-2030"
60,9,"2030-2035"
60,9,"2035-2040"
60,9,"2040-2045"
60,9,"2045-2050"
60,9,"2050-2055"
60,9,"2055-2060"
60,9,"2060-2065"
60,9,"2065-2070"
60,9,"2070-2075"
60,9,"2075-2080"
60,9,"2080-2085"
60,9,"2085-2090"
60,9,"2090-2095"
60,9,"2095-2100"
64,3,"2015-2020"
64,3,"2020-2025"
64,3,"2025-2030"
64,3,"2030-2035"
64,3,"2035-2040"
64,3,"2040-2045"
64,3,"2045-2050"
64,3,"2050-2055"
64,3,"2055-2060"
64,3,"2060-2065"
64,3,"2065-2070"
64,3,"2070-2075"
64,3,"2075-2080"
64,3,"2080-2085"
64,3,"2085-2090"
64,3,"2090-2095"
64,3,"2095-2100"
64,4,"2015-2020"
64,4,"2020-2025"
64,4,"2025-2030"
64,4,"2030-2035"
64,4,"2035-2040"
64,4,"2040-2045"
64,4,"2045-2050"
64,4,"2050-2055"
64,4,"2055-2060"
64,4,"2060-2065"
64,4,"2065-2070"
64,4,"2070-2075"
64,4,"2075-2080"
64,4,"2080-2085"
64,4,"2085-2090"
64,4,"2090-2095"
64,4,"2095-2100"
64,5,"2015-2020"
64,5,"2020-2025"
64,5,"2025-2030"
64,5,"2030-2035"
64,5,"2035-2040"
64,5,"2040-2045"
64,5,"2045-2050"
64,5,"2050-2055"
64,5,"2055-2060"
64,5,"2060-2065"
64,5,"2065-2070"
64,5,"2070-2075"
64,5,"2075-2080"
64,5,"2080-2085"
64,5,"2085-2090"
64,5,"2090-2095"
64,5,"2095-2100"
64,6,"2015-2020"
64,6,"2020-2025"
64,6,"2025-2030"
64,6,"2030-2035"
64,6,"2035-2040"
64,6,"2040-2045"
64,6,"2045-2050"
64,6,"2050-2055"
64,6,"2055-2060"
64,6,"2060-2065"
64,6,"2065-2070"
64,6,"2070-2075"
64,6,"2075-2080"
64,6,"2080-2085"
64,6,"2085-2090"
64,6,"2090-2095"
64,6,"2095-2100"
64,7,"2015-2020"
64,7,"2020-2025"
64,7,"2025-2030"
64,7,"2030-2035"
64,7,"2035-2040"
64,7,"2040-2045"
64,7,"2045-2050"
64,7,"2050-2055"
64,7,"2055-2060"
64,7,"2060-2065"
64,7,"2065-2070"
64,7,"2070-2075"
64,7,"2075-2080"
64,7,"2080-2085"
64,7,"2085-2090"
64,7,"2090-2095"
64,7,"2095-2100"
64,8,"2015-2020"
64,8,"2020-2025"
64,8,"2025-2030"
64,8,"2030-2035"
64,8,"2035-2040"
64,8,"2040-2045"
64,8,"2045-2050"
64,8,"2050-2055"
64,8,"2055-2060"
64,8,"2060-2065"
64,8,"2065-2070"
64,8,"2070-2075"
64,8,"2075-2080"
64,8,"2080-2085"
64,8,"2085-2090"
64,8,"2090-2095"
64,8,"2095-2100"
64,9,"2015-2020"
64,9,"2020-2025"
64,9,"2025-2030"
64,9,"2030-2035"
64,9,"2035-2040"
64,9,"2040-2045"
64,9,"2045-2050"
64,9,"2050-2055"
64,9,"2055-2060"
64,9,"2060-2065"
64,9,"2065-2070"
64,9,"2070-2075"
64,9,"2075-2080"
64,9,"2080-2085"
64,9,"2085-2090"
64,9,"2090-2095"
64,9,"2095-2100"
64,202,"2015-2020"
64,202,"2020-2025"
64,202,"2025-2030"
64,202,"2030-2035"
64,202,"2035-2040"
64,202,"2040-2045"
64,202,"2045-2050"
64,202,"2050-2055"
64,202,"2055-2060"
64,202,"2060-2065"
64,202,"2065-2070"
64,202,"2070-2075"
64,202,"2075-2080"
64,202,"2080-2085"
64,202,"2085-2090"
64,202,"2090-2095"
64,202,"2095-2100"
68,3,"2015-2020"
68,3,"2020-2025"
68,3,"2025-2030"
68,3,"2030-2035"
68,3,"2035-2040"
68,3,"2040-2045"
68,3,"2045-2050"
68,3,"2050-2055"
68,3,"2055-2060"
68,3,"2060-2065"
68,3,"2065-2070"
68,3,"2070-2075"
68,3,"2075-2080"
68,3,"2080-2085"
68,3,"2085-2090"
68,3,"2090-2095"
68,3,"2095-2100"
68,4,"2015-2020"
68,4,"2020-2025"
68,4,"2025-2030"
68,4,"2030-2035"
68,4,"2035-2040"
68,4,"2040-2045"
68,4,"2045-2050"
68,4,"2050-2055"
68,4,"2055-2060"
68,4,"2060-2065"
68,4,"2065-2070"
68,4,"2070-2075"
68,4,"2075-2080"
68,4,"2080-2085"
68,4,"2085-2090"
68,4,"2090-2095"
68,4,"2095-2100"
68,5,"2015-2020"
68,5,"2020-2025"
68,5,"2025-2030"
68,5,"2030-2035"
68,5,"2035-2040"
68,5,"2040-2045"
68,5,"2045-2050"
68,5,"2050-2055"
68,5,"2055-2060"
68,5,"2060-2065"
68,5,"2065-2070"
68,5,"2070-2075"
68,5,"2075-2080"
68,5,"2080-2085"
68,5,"2085-2090"
68,5,"2090-2095"
68,5,"2095-2100"
68,6,"2015-2020"
68,6,"2020-2025"
68,6,"2025-2030"
68,6,"2030-2035"
68,6,"2035-2040"
68,6,"2040-2045"
68,6,"2045-2050"
68,6,"2050-2055"
68,6,"2055-2060"
68,6,"2060-2065"
68,6,"2065-2070"
68,6,"2070-2075"
68,6,"2075-2080"
68,6,"2080-2085"
68,6,"2085-2090"
68,6,"2090-2095"
68,6,"2095-2100"
68,7,"2015-2020"
68,7,"2020-2025"
68,7,"2025-2030"
68,7,"2030-2035"
68,7,"2035-2040"
68,7,"2040-2045"
68,7,"2045-2050"
68,7,"2050-2055"
68,7,"2055-2060"
68,7,"2060-2065"
68,7,"2065-2070"
68,7,"2070-2075"
68,7,"2075-2080"
68,7,"2080-2085"
68,7,"2085-2090"
68,7,"2090-2095"
68,7,"2095-2100"
68,8,"2015-2020"
68,8,"2020-2025"
68,8,"2025-2030"
68,8,"2030-2035"
68,8,"2035-2040"
68,8,"2040-2045"
68,8,"2045-2050"
68,8,"2050-2055"
68,8,"2055-2060"
68,8,"2060-2065"
68,8,"2065-2070"
68,8,"2070-2075"
68,8,"2075-2080"
68,8,"2080-2085"
68,8,"2085-2090"
68,8,"2090-2095"
68,8,"2095-2100"
68,9,"2015-2020"
68,9,"2020-2025"
68,9,"2025-2030"
68,9,"2030-2035"
68,9,"2035-2040"
68,9,"2040-2045"
68,9,"2045-2050"
68,9,"2050-2055"
68,9,"2055-2060"
68,9,"2060-2065"
68,9,"2065-2070"
68,9,"2070-2075"
68,9,"2075-2080"
68,9,"2080-2085"
68,9,"2085-2090"
68,9,"2090-2095"
68,9,"2095-2100"
68,202,"2015-2020"
68,202,"2020-2025"
68,202,"2025-2030"
68,202,"2030-2035"
68,202,"2035-2040"
68,202,"2040-2045"
68,202,"2045-2050"
68,202,"2050-2055"
68,202,"2055-2060"
68,202,"2060-2065"
68,202,"2065-2070"
68,202,"2070-2075"
68,202,"2075-2080"
68,202,"2080-2085"
68,202,"2085-2090"
68,202,"2090-2095"
68,202,"2095-2100"
535,3,"2015-2020"
535,3,"2020-2025"
535,3,"2025-2030"
535,3,"2030-2035"
535,3,"2035-2040"
535,3,"2040-2045"
535,3,"2045-2050"
535,3,"2050-2055"
535,3,"2055-2060"
535,3,"2060-2065"
535,3,"2065-2070"
535,3,"2070-2075"
535,3,"2075-2080"
535,3,"2080-2085"
535,3,"2085-2090"
535,3,"2090-2095"
535,3,"2095-2100"
535,4,"2015-2020"
535,4,"2020-2025"
535,4,"2025-2030"
535,4,"2030-2035"
535,4,"2035-2040"
535,4,"2040-2045"
535,4,"2045-2050"
535,4,"2050-2055"
535,4,"2055-2060"
535,4,"2060-2065"
535,4,"2065-2070"
535,4,"2070-2075"
535,4,"2075-2080"
535,4,"2080-2085"
535,4,"2085-2090"
535,4,"2090-2095"
535,4,"2095-2100"
535,5,"2015-2020"
535,5,"2020-2025"
535,5,"2025-2030"
535,5,"2030-2035"
535,5,"2035-2040"
535,5,"2040-2045"
535,5,"2045-2050"
535,5,"2050-2055"
535,5,"2055-2060"
535,5,"2060-2065"
535,5,"2065-2070"
535,5,"2070-2075"
535,5,"2075-2080"
535,5,"2080-2085"
535,5,"2085-2090"
535,5,"2090-2095"
535,5,"2095-2100"
535,6,"2015-2020"
535,6,"2020-2025"
535,6,"2025-2030"
535,6,"2030-2035"
535,6,"2035-2040"
535,6,"2040-2045"
535,6,"2045-2050"
535,6,"2050-2055"
535,6,"2055-2060"
535,6,"2060-2065"
535,6,"2065-2070"
535,6,"2070-2075"
535,6,"2075-2080"
535,6,"2080-2085"
535,6,"2085-2090"
535,6,"2090-2095"
535,6,"2095-2100"
535,7,"2015-2020"
535,7,"2020-2025"
535,7,"2025-2030"
535,7,"2030-2035"
535,7,"2035-2040"
535,7,"2040-2045"
535,7,"2045-2050"
535,7,"2050-2055"
535,7,"2055-2060"
535,7,"2060-2065"
535,7,"2065-2070"
535,7,"2070-2075"
535,7,"2075-2080"
535,7,"2080-2085"
535,7,"2085-2090"
535,7,"2090-2095"
535,7,"2095-2100"
535,8,"2015-2020"
535,8,"2020-2025"
535,8,"2025-2030"
535,8,"2030-2035"
535,8,"2035-2040"
535,8,"2040-2045"
535,8,"2045-2050"
535,8,"2050-2055"
535,8,"2055-2060"
535,8,"2060-2065"
535,8,"2065-2070"
535,8,"2070-2075"
535,8,"2075-2080"
535,8,"2080-2085"
535,8,"2085-2090"
535,8,"2090-2095"
535,8,"2095-2100"
535,9,"2015-2020"
535,9,"2020-2025"
535,9,"2025-2030"
535,9,"2030-2035"
535,9,"2035-2040"
535,9,"2040-2045"
535,9,"2045-2050"
535,9,"2050-2055"
535,9,"2055-2060"
535,9,"2060-2065"
535,9,"2065-2070"
535,9,"2070-2075"
535,9,"2075-2080"
535,9,"2080-2085"
535,9,"2085-2090"
535,9,"2090-2095"
535,9,"2095-2100"
70,3,"2015-2020"
70,3,"2020-2025"
70,3,"2025-2030"
70,3,"2030-2035"
70,3,"2035-2040"
70,3,"2040-2045"
70,3,"2045-2050"
70,3,"2050-2055"
70,3,"2055-2060"
70,3,"2060-2065"
70,3,"2065-2070"
70,3,"2070-2075"
70,3,"2075-2080"
70,3,"2080-2085"
70,3,"2085-2090"
70,3,"2090-2095"
70,3,"2095-2100"
70,4,"2015-2020"
70,4,"2020-2025"
70,4,"2025-2030"
70,4,"2030-2035"
70,4,"2035-2040"
70,4,"2040-2045"
70,4,"2045-2050"
70,4,"2050-2055"
70,4,"2055-2060"
70,4,"2060-2065"
70,4,"2065-2070"
70,4,"2070-2075"
70,4,"2075-2080"
70,4,"2080-2085"
70,4,"2085-2090"
70,4,"2090-2095"
70,4,"2095-2100"
70,5,"2015-2020"
70,5,"2020-2025"
70,5,"2025-2030"
70,5,"2030-2035"
70,5,"2035-2040"
70,5,"2040-2045"
70,5,"2045-2050"
70,5,"2050-2055"
70,5,"2055-2060"
70,5,"2060-2065"
70,5,"2065-2070"
70,5,"2070-2075"
70,5,"2075-2080"
70,5,"2080-2085"
70,5,"2085-2090"
70,5,"2090-2095"
70,5,"2095-2100"
70,6,"2015-2020"
70,6,"2020-2025"
70,6,"2025-2030"
70,6,"2030-2035"
70,6,"2035-2040"
70,6,"2040-2045"
70,6,"2045-2050"
70,6,"2050-2055"
70,6,"2055-2060"
70,6,"2060-2065"
70,6,"2065-2070"
70,6,"2070-2075"
70,6,"2075-2080"
70,6,"2080-2085"
70,6,"2085-2090"
70,6,"2090-2095"
70,6,"2095-2100"
70,7,"2015-2020"
70,7,"2020-2025"
70,7,"2025-2030"
70,7,"2030-2035"
70,7,"2035-2040"
70,7,"2040-2045"
70,7,"2045-2050"
70,7,"2050-2055"
70,7,"2055-2060"
70,7,"2060-2065"
70,7,"2065-2070"
70,7,"2070-2075"
70,7,"2075-2080"
70,7,"2080-2085"
70,7,"2085-2090"
70,7,"2090-2095"
70,7,"2095-2100"
70,8,"2015-2020"
70,8,"2020-2025"
70,8,"2025-2030"
70,8,"2030-2035"
70,8,"2035-2040"
70,8,"2040-2045"
70,8,"2045-2050"
70,8,"2050-2055"
70,8,"2055-2060"
70,8,"2060-2065"
70,8,"2065-2070"
70,8,"2070-2075"
70,8,"2075-2080"
70,8,"2080-2085"
70,8,"2085-2090"
70,8,"2090-2095"
70,8,"2095-2100"
70,9,"2015-2020"
70,9,"2020-2025"
70,9,"2025-2030"
70,9,"2030-2035"
70,9,"2035-2040"
70,9,"2040-2045"
70,9,"2045-2050"
70,9,"2050-2055"
70,9,"2055-2060"
70,9,"2060-2065"
70,9,"2065-2070"
70,9,"2070-2075"
70,9,"2075-2080"
70,9,"2080-2085"
70,9,"2085-2090"
70,9,"2090-2095"
70,9,"2095-2100"
70,202,"2015-2020"
70,202,"2020-2025"
70,202,"2025-2030"
70,202,"2030-2035"
70,202,"2035-2040"
70,202,"2040-2045"
70,202,"2045-2050"
70,202,"2050-2055"
70,202,"2055-2060"
70,202,"2060-2065"
70,202,"2065-2070"
70,202,"2070-2075"
70,202,"2075-2080"
70,202,"2080-2085"
70,202,"2085-2090"
70,202,"2090-2095"
70,202,"2095-2100"
72,3,"2015-2020"
72,3,"2020-2025"
72,3,"2025-2030"
72,3,"2030-2035"
72,3,"2035-2040"
72,3,"2040-2045"
72,3,"2045-2050"
72,3,"2050-2055"
72,3,"2055-2060"
72,3,"2060-2065"
72,3,"2065-2070"
72,3,"2070-2075"
72,3,"2075-2080"
72,3,"2080-2085"
72,3,"2085-2090"
72,3,"2090-2095"
72,3,"2095-2100"
72,4,"2015-2020"
72,4,"2020-2025"
72,4,"2025-2030"
72,4,"2030-2035"
72,4,"2035-2040"
72,4,"2040-2045"
72,4,"2045-2050"
72,4,"2050-2055"
72,4,"2055-2060"
72,4,"2060-2065"
72,4,"2065-2070"
72,4,"2070-2075"
72,4,"2075-2080"
72,4,"2080-2085"
72,4,"2085-2090"
72,4,"2090-2095"
72,4,"2095-2100"
72,5,"2015-2020"
72,5,"2020-2025"
72,5,"2025-2030"
72,5,"2030-2035"
72,5,"2035-2040"
72,5,"2040-2045"
72,5,"2045-2050"
72,5,"2050-2055"
72,5,"2055-2060"
72,5,"2060-2065"
72,5,"2065-2070"
72,5,"2070-2075"
72,5,"2075-2080"
72,5,"2080-2085"
72,5,"2085-2090"
72,5,"2090-2095"
72,5,"2095-2100"
72,6,"2015-2020"
72,6,"2020-2025"
72,6,"2025-2030"
72,6,"2030-2035"
72,6,"2035-2040"
72,6,"2040-2045"
72,6,"2045-2050"
72,6,"2050-2055"
72,6,"2055-2060"
72,6,"2060-2065"
72,6,"2065-2070"
72,6,"2070-2075"
72,6,"2075-2080"
72,6,"2080-2085"
72,6,"2085-2090"
72,6,"2090-2095"
72,6,"2095-2100"
72,7,"2015-2020"
72,7,"2020-2025"
72,7,"2025-2030"
72,7,"2030-2035"
72,7,"2035-2040"
72,7,"2040-2045"
72,7,"2045-2050"
72,7,"2050-2055"
72,7,"2055-2060"
72,7,"2060-2065"
72,7,"2065-2070"
72,7,"2070-2075"
72,7,"2075-2080"
72,7,"2080-2085"
72,7,"2085-2090"
72,7,"2090-2095"
72,7,"2095-2100"
72,8,"2015-2020"
72,8,"2020-2025"
72,8,"2025-2030"
72,8,"2030-2035"
72,8,"2035-2040"
72,8,"2040-2045"
72,8,"2045-2050"
72,8,"2050-2055"
72,8,"2055-2060"
72,8,"2060-2065"
72,8,"2065-2070"
72,8,"2070-2075"
72,8,"2075-2080"
72,8,"2080-2085"
72,8,"2085-2090"
72,8,"2090-2095"
72,8,"2095-2100"
72,9,"2015-2020"
72,9,"2020-2025"
72,9,"2025-2030"
72,9,"2030-2035"
72,9,"2035-2040"
72,9,"2040-2045"
72,9,"2045-2050"
72,9,"2050-2055"
72,9,"2055-2060"
72,9,"2060-2065"
72,9,"2065-2070"
72,9,"2070-2075"
72,9,"2075-2080"
72,9,"2080-2085"
72,9,"2085-2090"
72,9,"2090-2095"
72,9,"2095-2100"
72,202,"2015-2020"
72,202,"2020-2025"
72,202,"2025-2030"
72,202,"2030-2035"
72,202,"2035-2040"
72,202,"2040-2045"
72,202,"2045-2050"
72,202,"2050-2055"
72,202,"2055-2060"
72,202,"2060-2065"
72,202,"2065-2070"
72,202,"2070-2075"
72,202,"2075-2080"
72,202,"2080-2085"
72,202,"2085-2090"
72,202,"2090-2095"
72,202,"2095-2100"
76,3,"2015-2020"
76,3,"2020-2025"
76,3,"2025-2030"
76,3,"2030-2035"
76,3,"2035-2040"
76,3,"2040-2045"
76,3,"2045-2050"
76,3,"2050-2055"
76,3,"2055-2060"
76,3,"2060-2065"
76,3,"2065-2070"
76,3,"2070-2075"
76,3,"2075-2080"
76,3,"2080-2085"
76,3,"2085-2090"
76,3,"2090-2095"
76,3,"2095-2100"
76,4,"2015-2020"
76,4,"2020-2025"
76,4,"2025-2030"
76,4,"2030-2035"
76,4,"2035-2040"
76,4,"2040-2045"
76,4,"2045-2050"
76,4,"2050-2055"
76,4,"2055-2060"
76,4,"2060-2065"
76,4,"2065-2070"
76,4,"2070-2075"
76,4,"2075-2080"
76,4,"2080-2085"
76,4,"2085-2090"
76,4,"2090-2095"
76,4,"2095-2100"
76,5,"2015-2020"
76,5,"2020-2025"
76,5,"2025-2030"
76,5,"2030-2035"
76,5,"2035-2040"
76,5,"2040-2045"
76,5,"2045-2050"
76,5,"2050-2055"
76,5,"2055-2060"
76,5,"2060-2065"
76,5,"2065-2070"
76,5,"2070-2075"
76,5,"2075-2080"
76,5,"2080-2085"
76,5,"2085-2090"
76,5,"2090-2095"
76,5,"2095-2100"
76,6,"2015-2020"
76,6,"2020-2025"
76,6,"2025-2030"
76,6,"2030-2035"
76,6,"2035-2040"
76,6,"2040-2045"
76,6,"2045-2050"
76,6,"2050-2055"
76,6,"2055-2060"
76,6,"2060-2065"
76,6,"2065-2070"
76,6,"2070-2075"
76,6,"2075-2080"
76,6,"2080-2085"
76,6,"2085-2090"
76,6,"2090-2095"
76,6,"2095-2100"
76,7,"2015-2020"
76,7,"2020-2025"
76,7,"2025-2030"
76,7,"2030-2035"
76,7,"2035-2040"
76,7,"2040-2045"
76,7,"2045-2050"
76,7,"2050-2055"
76,7,"2055-2060"
76,7,"2060-2065"
76,7,"2065-2070"
76,7,"2070-2075"
76,7,"2075-2080"
76,7,"2080-2085"
76,7,"2085-2090"
76,7,"2090-2095"
76,7,"2095-2100"
76,8,"2015-2020"
76,8,"2020-2025"
76,8,"2025-2030"
76,8,"2030-2035"
76,8,"2035-2040"
76,8,"2040-2045"
76,8,"2045-2050"
76,8,"2050-2055"
76,8,"2055-2060"
76,8,"2060-2065"
76,8,"2065-2070"
76,8,"2070-2075"
76,8,"2075-2080"
76,8,"2080-2085"
76,8,"2085-2090"
76,8,"2090-2095"
76,8,"2095-2100"
76,9,"2015-2020"
76,9,"2020-2025"
76,9,"2025-2030"
76,9,"2030-2035"
76,9,"2035-2040"
76,9,"2040-2045"
76,9,"2045-2050"
76,9,"2050-2055"
76,9,"2055-2060"
76,9,"2060-2065"
76,9,"2065-2070"
76,9,"2070-2075"
76,9,"2075-2080"
76,9,"2080-2085"
76,9,"2085-2090"
76,9,"2090-2095"
76,9,"2095-2100"
76,202,"2015-2020"
76,202,"2020-2025"
76,202,"2025-2030"
76,202,"2030-2035"
76,202,"2035-2040"
76,202,"2040-2045"
76,202,"2045-2050"
76,202,"2050-2055"
76,202,"2055-2060"
76,202,"2060-2065"
76,202,"2065-2070"
76,202,"2070-2075"
76,202,"2075-2080"
76,202,"2080-2085"
76,202,"2085-2090"
76,202,"2090-2095"
76,202,"2095-2100"
92,3,"2015-2020"
92,3,"2020-2025"
92,3,"2025-2030"
92,3,"2030-2035"
92,3,"2035-2040"
92,3,"2040-2045"
92,3,"2045-2050"
92,3,"2050-2055"
92,3,"2055-2060"
92,3,"2060-2065"
92,3,"2065-2070"
92,3,"2070-2075"
92,3,"2075-2080"
92,3,"2080-2085"
92,3,"2085-2090"
92,3,"2090-2095"
92,3,"2095-2100"
92,4,"2015-2020"
92,4,"2020-2025"
92,4,"2025-2030"
92,4,"2030-2035"
92,4,"2035-2040"
92,4,"2040-2045"
92,4,"2045-2050"
92,4,"2050-2055"
92,4,"2055-2060"
92,4,"2060-2065"
92,4,"2065-2070"
92,4,"2070-2075"
92,4,"2075-2080"
92,4,"2080-2085"
92,4,"2085-2090"
92,4,"2090-2095"
92,4,"2095-2100"
92,5,"2015-2020"
92,5,"2020-2025"
92,5,"2025-2030"
92,5,"2030-2035"
92,5,"2035-2040"
92,5,"2040-2045"
92,5,"2045-2050"
92,5,"2050-2055"
92,5,"2055-2060"
92,5,"2060-2065"
92,5,"2065-2070"
92,5,"2070-2075"
92,5,"2075-2080"
92,5,"2080-2085"
92,5,"2085-2090"
92,5,"2090-2095"
92,5,"2095-2100"
92,6,"2015-2020"
92,6,"2020-2025"
92,6,"2025-2030"
92,6,"2030-2035"
92,6,"2035-2040"
92,6,"2040-2045"
92,6,"2045-2050"
92,6,"2050-2055"
92,6,"2055-2060"
92,6,"2060-2065"
92,6,"2065-2070"
92,6,"2070-2075"
92,6,"2075-2080"
92,6,"2080-2085"
92,6,"2085-2090"
92,6,"2090-2095"
92,6,"2095-2100"
92,7,"2015-2020"
92,7,"2020-2025"
92,7,"2025-2030"
92,7,"2030-2035"
92,7,"2035-2040"
92,7,"2040-2045"
92,7,"2045-2050"
92,7,"2050-2055"
92,7,"2055-2060"
92,7,"2060-2065"
92,7,"2065-2070"
92,7,"2070-2075"
92,7,"2075-2080"
92,7,"2080-2085"
92,7,"2085-2090"
92,7,"2090-2095"
92,7,"2095-2100"
92,8,"2015-2020"
92,8,"2020-2025"
92,8,"2025-2030"
92,8,"2030-2035"
92,8,"2035-2040"
92,8,"2040-2045"
92,8,"2045-2050"
92,8,"2050-2055"
92,8,"2055-2060"
92,8,"2060-2065"
92,8,"2065-2070"
92,8,"2070-2075"
92,8,"2075-2080"
92,8,"2080-2085"
92,8,"2085-2090"
92,8,"2090-2095"
92,8,"2095-2100"
92,9,"2015-2020"
92,9,"2020-2025"
92,9,"2025-2030"
92,9,"2030-2035"
92,9,"2035-2040"
92,9,"2040-2045"
92,9,"2045-2050"
92,9,"2050-2055"
92,9,"2055-2060"
92,9,"2060-2065"
92,9,"2065-2070"
92,9,"2070-2075"
92,9,"2075-2080"
92,9,"2080-2085"
92,9,"2085-2090"
92,9,"2090-2095"
92,9,"2095-2100"
96,3,"2015-2020"
96,3,"2020-2025"
96,3,"2025-2030"
96,3,"2030-2035"
96,3,"2035-2040"
96,3,"2040-2045"
96,3,"2045-2050"
96,3,"2050-2055"
96,3,"2055-2060"
96,3,"2060-2065"
96,3,"2065-2070"
96,3,"2070-2075"
96,3,"2075-2080"
96,3,"2080-2085"
96,3,"2085-2090"
96,3,"2090-2095"
96,3,"2095-2100"
96,4,"2015-2020"
96,4,"2020-2025"
96,4,"2025-2030"
96,4,"2030-2035"
96,4,"2035-2040"
96,4,"2040-2045"
96,4,"2045-2050"
96,4,"2050-2055"
96,4,"2055-2060"
96,4,"2060-2065"
96,4,"2065-2070"
96,4,"2070-2075"
96,4,"2075-2080"
96,4,"2080-2085"
96,4,"2085-2090"
96,4,"2090-2095"
96,4,"2095-2100"
96,5,"2015-2020"
96,5,"2020-2025"
96,5,"2025-2030"
96,5,"2030-2035"
96,5,"2035-2040"
96,5,"2040-2045"
96,5,"2045-2050"
96,5,"2050-2055"
96,5,"2055-2060"
96,5,"2060-2065"
96,5,"2065-2070"
96,5,"2070-2075"
96,5,"2075-2080"
96,5,"2080-2085"
96,5,"2085-2090"
96,5,"2090-2095"
96,5,"2095-2100"
96,6,"2015-2020"
96,6,"2020-2025"
96,6,"2025-2030"
96,6,"2030-2035"
96,6,"2035-2040"
96,6,"2040-2045"
96,6,"2045-2050"
96,6,"2050-2055"
96,6,"2055-2060"
96,6,"2060-2065"
96,6,"2065-2070"
96,6,"2070-2075"
96,6,"2075-2080"
96,6,"2080-2085"
96,6,"2085-2090"
96,6,"2090-2095"
96,6,"2095-2100"
96,7,"2015-2020"
96,7,"2020-2025"
96,7,"2025-2030"
96,7,"2030-2035"
96,7,"2035-2040"
96,7,"2040-2045"
96,7,"2045-2050"
96,7,"2050-2055"
96,7,"2055-2060"
96,7,"2060-2065"
96,7,"2065-2070"
96,7,"2070-2075"
96,7,"2075-2080"
96,7,"2080-2085"
96,7,"2085-2090"
96,7,"2090-2095"
96,7,"2095-2100"
96,8,"2015-2020"
96,8,"2020-2025"
96,8,"2025-2030"
96,8,"2030-2035"
96,8,"2035-2040"
96,8,"2040-2045"
96,8,"2045-2050"
96,8,"2050-2055"
96,8,"2055-2060"
96,8,"2060-2065"
96,8,"2065-2070"
96,8,"2070-2075"
96,8,"2075-2080"
96,8,"2080-2085"
96,8,"2085-2090"
96,8,"2090-2095"
96,8,"2095-2100"
96,9,"2015-2020"
96,9,"2020-2025"
96,9,"2025-2030"
96,9,"2030-2035"
96,9,"2035-2040"
96,9,"2040-2045"
96,9,"2045-2050"
96,9,"2050-2055"
96,9,"2055-2060"
96,9,"2060-2065"
96,9,"2065-2070"
96,9,"2070-2075"
96,9,"2075-2080"
96,9,"2080-2085"
96,9,"2085-2090"
96,9,"2090-2095"
96,9,"2095-2100"
96,202,"2015-2020"
96,202,"2020-2025"
96,202,"2025-2030"
96,202,"2030-2035"
96,202,"2035-2040"
96,202,"2040-2045"
96,202,"2045-2050"
96,202,"2050-2055"
96,202,"2055-2060"
96,202,"2060-2065"
96,202,"2065-2070"
96,202,"2070-2075"
96,202,"2075-2080"
96,202,"2080-2085"
96,202,"2085-2090"
96,202,"2090-2095"
96,202,"2095-2100"
100,3,"2015-2020"
100,3,"2020-2025"
100,3,"2025-2030"
100,3,"2030-2035"
100,3,"2035-2040"
100,3,"2040-2045"
100,3,"2045-2050"
100,3,"2050-2055"
100,3,"2055-2060"
100,3,"2060-2065"
100,3,"2065-2070"
100,3,"2070-2075"
100,3,"2075-2080"
100,3,"2080-2085"
100,3,"2085-2090"
100,3,"2090-2095"
100,3,"2095-2100"
100,4,"2015-2020"
100,4,"2020-2025"
100,4,"2025-2030"
100,4,"2030-2035"
100,4,"2035-2040"
100,4,"2040-2045"
100,4,"2045-2050"
100,4,"2050-2055"
100,4,"2055-2060"
100,4,"2060-2065"
100,4,"2065-2070"
100,4,"2070-2075"
100,4,"2075-2080"
100,4,"2080-2085"
100,4,"2085-2090"
100,4,"2090-2095"
100,4,"2095-2100"
100,5,"2015-2020"
100,5,"2020-2025"
100,5,"2025-2030"
100,5,"2030-2035"
100,5,"2035-2040"
100,5,"2040-2045"
100,5,"2045-2050"
100,5,"2050-2055"
100,5,"2055-2060"
100,5,"2060-2065"
100,5,"2065-2070"
100,5,"2070-2075"
100,5,"2075-2080"
100,5,"2080-2085"
100,5,"2085-2090"
100,5,"2090-2095"
100,5,"2095-2100"
100,6,"2015-2020"
100,6,"2020-2025"
100,6,"2025-2030"
100,6,"2030-2035"
100,6,"2035-2040"
100,6,"2040-2045"
100,6,"2045-2050"
100,6,"2050-2055"
100,6,"2055-2060"
100,6,"2060-2065"
100,6,"2065-2070"
100,6,"2070-2075"
100,6,"2075-2080"
100,6,"2080-2085"
100,6,"2085-2090"
100,6,"2090-2095"
100,6,"2095-2100"
100,7,"2015-2020"
100,7,"2020-2025"
100,7,"2025-2030"
100,7,"2030-2035"
100,7,"2035-2040"
100,7,"2040-2045"
100,7,"2045-2050"
100,7,"2050-2055"
100,7,"2055-2060"
100,7,"2060-2065"
100,7,"2065-2070"
100,7,"2070-2075"
100,7,"2075-2080"
100,7,"2080-2085"
100,7,"2085-2090"
100,7,"2090-2095"
100,7,"2095-2100"
100,8,"2015-2020"
100,8,"2020-2025"
100,8,"2025-2030"
100,8,"2030-2035"
100,8,"2035-2040"
100,8,"2040-2045"
100,8,"2045-2050"
100,8,"2050-2055"
100,8,"2055-2060"
100,8,"2060-2065"
100,8,"2065-2070"
100,8,"2070-2075"
100,8,"2075-2080"
100,8,"2080-2085"
100,8,"2085-2090"
100,8,"2090-2095"
100,8,"2095-2100"
100,9,"2015-2020"
100,9,"2020-2025"
100,9,"2025-2030"
100,9,"2030-2035"
100,9,"2035-2040"
100,9,"2040-2045"
100,9,"2045-2050"
100,9,"2050-2055"
100,9,"2055-2060"
100,9,"2060-2065"
100,9,"2065-2070"
100,9,"2070-2075"
100,9,"2075-2080"
100,9,"2080-2085"
100,9,"2085-2090"
100,9,"2090-2095"
100,9,"2095-2100"
100,202,"2015-2020"
100,202,"2020-2025"
100,202,"2025-2030"
100,202,"2030-2035"
100,202,"2035-2040"
100,202,"2040-2045"
100,202,"2045-2050"
100,202,"2050-2055"
100,202,"2055-2060"
100,202,"2060-2065"
100,202,"2065-2070"
100,202,"2070-2075"
100,202,"2075-2080"
100,202,"2080-2085"
100,202,"2085-2090"
100,202,"2090-2095"
100,202,"2095-2100"
854,3,"2015-2020"
854,3,"2020-2025"
854,3,"2025-2030"
854,3,"2030-2035"
854,3,"2035-2040"
854,3,"2040-2045"
854,3,"2045-2050"
854,3,"2050-2055"
854,3,"2055-2060"
854,3,"2060-2065"
854,3,"2065-2070"
854,3,"2070-2075"
854,3,"2075-2080"
854,3,"2080-2085"
854,3,"2085-2090"
854,3,"2090-2095"
854,3,"2095-2100"
854,4,"2015-2020"
854,4,"2020-2025"
854,4,"2025-2030"
854,4,"2030-2035"
854,4,"2035-2040"
854,4,"2040-2045"
854,4,"2045-2050"
854,4,"2050-2055"
854,4,"2055-2060"
854,4,"2060-2065"
854,4,"2065-2070"
854,4,"2070-2075"
854,4,"2075-2080"
854,4,"2080-2085"
854,4,"2085-2090"
854,4,"2090-2095"
854,4,"2095-2100"
854,5,"2015-2020"
854,5,"2020-2025"
854,5,"2025-2030"
854,5,"2030-2035"
854,5,"2035-2040"
854,5,"2040-2045"
854,5,"2045-2050"
854,5,"2050-2055"
854,5,"2055-2060"
854,5,"2060-2065"
854,5,"2065-2070"
854,5,"2070-2075"
854,5,"2075-2080"
854,5,"2080-2085"
854,5,"2085-2090"
854,5,"2090-2095"
854,5,"2095-2100"
854,6,"2015-2020"
854,6,"2020-2025"
854,6,"2025-2030"
854,6,"2030-2035"
854,6,"2035-2040"
854,6,"2040-2045"
854,6,"2045-2050"
854,6,"2050-2055"
854,6,"2055-2060"
854,6,"2060-2065"
854,6,"2065-2070"
854,6,"2070-2075"
854,6,"2075-2080"
854,6,"2080-2085"
854,6,"2085-2090"
854,6,"2090-2095"
854,6,"2095-2100"
854,7,"2015-2020"
854,7,"2020-2025"
854,7,"2025-2030"
854,7,"2030-2035"
854,7,"2035-2040"
854,7,"2040-2045"
854,7,"2045-2050"
854,7,"2050-2055"
854,7,"2055-2060"
854,7,"2060-2065"
854,7,"2065-2070"
854,7,"2070-2075"
854,7,"2075-2080"
854,7,"2080-2085"
854,7,"2085-2090"
854,7,"2090-2095"
854,7,"2095-2100"
854,8,"2015-2020"
854,8,"2020-2025"
854,8,"2025-2030"
854,8,"2030-2035"
854,8,"2035-2040"
854,8,"2040-2045"
854,8,"2045-2050"
854,8,"2050-2055"
854,8,"2055-2060"
854,8,"2060-2065"
854,8,"2065-2070"
854,8,"2070-2075"
854,8,"2075-2080"
854,8,"2080-2085"
854,8,"2085-2090"
854,8,"2090-2095"
854,8,"2095-2100"
854,9,"2015-2020"
854,9,"2020-2025"
854,9,"2025-2030"
854,9,"2030-2035"
854,9,"2035-2040"
854,9,"2040-2045"
854,9,"2045-2050"
854,9,"2050-2055"
854,9,"2055-2060"
854,9,"2060-2065"
854,9,"2065-2070"
854,9,"2070-2075"
854,9,"2075-2080"
854,9,"2080-2085"
854,9,"2085-2090"
854,9,"2090-2095"
854,9,"2095-2100"
854,202,"2015-2020"
854,202,"2020-2025"
854,202,"2025-2030"
854,202,"2030-2035"
854,202,"2035-2040"
854,202,"2040-2045"
854,202,"2045-2050"
854,202,"2050-2055"
854,202,"2055-2060"
854,202,"2060-2065"
854,202,"2065-2070"
854,202,"2070-2075"
854,202,"2075-2080"
854,202,"2080-2085"
854,202,"2085-2090"
854,202,"2090-2095"
854,202,"2095-2100"
108,3,"2015-2020"
108,3,"2020-2025"
108,3,"2025-2030"
108,3,"2030-2035"
108,3,"2035-2040"
108,3,"2040-2045"
108,3,"2045-2050"
108,3,"2050-2055"
108,3,"2055-2060"
108,3,"2060-2065"
108,3,"2065-2070"
108,3,"2070-2075"
108,3,"2075-2080"
108,3,"2080-2085"
108,3,"2085-2090"
108,3,"2090-2095"
108,3,"2095-2100"
108,4,"2015-2020"
108,4,"2020-2025"
108,4,"2025-2030"
108,4,"2030-2035"
108,4,"2035-2040"
108,4,"2040-2045"
108,4,"2045-2050"
108,4,"2050-2055"
108,4,"2055-2060"
108,4,"2060-2065"
108,4,"2065-2070"
108,4,"2070-2075"
108,4,"2075-2080"
108,4,"2080-2085"
108,4,"2085-2090"
108,4,"2090-2095"
108,4,"2095-2100"
108,5,"2015-2020"
108,5,"2020-2025"
108,5,"2025-2030"
108,5,"2030-2035"
108,5,"2035-2040"
108,5,"2040-2045"
108,5,"2045-2050"
108,5,"2050-2055"
108,5,"2055-2060"
108,5,"2060-2065"
108,5,"2065-2070"
108,5,"2070-2075"
108,5,"2075-2080"
108,5,"2080-2085"
108,5,"2085-2090"
108,5,"2090-2095"
108,5,"2095-2100"
108,6,"2015-2020"
108,6,"2020-2025"
108,6,"2025-2030"
108,6,"2030-2035"
108,6,"2035-2040"
108,6,"2040-2045"
108,6,"2045-2050"
108,6,"2050-2055"
108,6,"2055-2060"
108,6,"2060-2065"
108,6,"2065-2070"
108,6,"2070-2075"
108,6,"2075-2080"
108,6,"2080-2085"
108,6,"2085-2090"
108,6,"2090-2095"
108,6,"2095-2100"
108,7,"2015-2020"
108,7,"2020-2025"
108,7,"2025-2030"
108,7,"2030-2035"
108,7,"2035-2040"
108,7,"2040-2045"
108,7,"2045-2050"
108,7,"2050-2055"
108,7,"2055-2060"
108,7,"2060-2065"
108,7,"2065-2070"
108,7,"2070-2075"
108,7,"2075-2080"
108,7,"2080-2085"
108,7,"2085-2090"
108,7,"2090-2095"
108,7,"2095-2100"
108,8,"2015-2020"
108,8,"2020-2025"
108,8,"2025-2030"
108,8,"2030-2035"
108,8,"2035-2040"
108,8,"2040-2045"
108,8,"2045-2050"
108,8,"2050-2055"
108,8,"2055-2060"
108,8,"2060-2065"
108,8,"2065-2070"
108,8,"2070-2075"
108,8,"2075-2080"
108,8,"2080-2085"
108,8,"2085-2090"
108,8,"2090-2095"
108,8,"2095-2100"
108,9,"2015-2020"
108,9,"2020-2025"
108,9,"2025-2030"
108,9,"2030-2035"
108,9,"2035-2040"
108,9,"2040-2045"
108,9,"2045-2050"
108,9,"2050-2055"
108,9,"2055-2060"
108,9,"2060-2065"
108,9,"2065-2070"
108,9,"2070-2075"
108,9,"2075-2080"
108,9,"2080-2085"
108,9,"2085-2090"
108,9,"2090-2095"
108,9,"2095-2100"
108,202,"2015-2020"
108,202,"2020-2025"
108,202,"2025-2030"
108,202,"2030-2035"
108,202,"2035-2040"
108,202,"2040-2045"
108,202,"2045-2050"
108,202,"2050-2055"
108,202,"2055-2060"
108,202,"2060-2065"
108,202,"2065-2070"
108,202,"2070-2075"
108,202,"2075-2080"
108,202,"2080-2085"
108,202,"2085-2090"
108,202,"2090-2095"
108,202,"2095-2100"
132,3,"2015-2020"
132,3,"2020-2025"
132,3,"2025-2030"
132,3,"2030-2035"
132,3,"2035-2040"
132,3,"2040-2045"
132,3,"2045-2050"
132,3,"2050-2055"
132,3,"2055-2060"
132,3,"2060-2065"
132,3,"2065-2070"
132,3,"2070-2075"
132,3,"2075-2080"
132,3,"2080-2085"
132,3,"2085-2090"
132,3,"2090-2095"
132,3,"2095-2100"
132,4,"2015-2020"
132,4,"2020-2025"
132,4,"2025-2030"
132,4,"2030-2035"
132,4,"2035-2040"
132,4,"2040-2045"
132,4,"2045-2050"
132,4,"2050-2055"
132,4,"2055-2060"
132,4,"2060-2065"
132,4,"2065-2070"
132,4,"2070-2075"
132,4,"2075-2080"
132,4,"2080-2085"
132,4,"2085-2090"
132,4,"2090-2095"
132,4,"2095-2100"
132,5,"2015-2020"
132,5,"2020-2025"
132,5,"2025-2030"
132,5,"2030-2035"
132,5,"2035-2040"
132,5,"2040-2045"
132,5,"2045-2050"
132,5,"2050-2055"
132,5,"2055-2060"
132,5,"2060-2065"
132,5,"2065-2070"
132,5,"2070-2075"
132,5,"2075-2080"
132,5,"2080-2085"
132,5,"2085-2090"
132,5,"2090-2095"
132,5,"2095-2100"
132,6,"2015-2020"
132,6,"2020-2025"
132,6,"2025-2030"
132,6,"2030-2035"
132,6,"2035-2040"
132,6,"2040-2045"
132,6,"2045-2050"
132,6,"2050-2055"
132,6,"2055-2060"
132,6,"2060-2065"
132,6,"2065-2070"
132,6,"2070-2075"
132,6,"2075-2080"
132,6,"2080-2085"
132,6,"2085-2090"
132,6,"2090-2095"
132,6,"2095-2100"
132,7,"2015-2020"
132,7,"2020-2025"
132,7,"2025-2030"
132,7,"2030-2035"
132,7,"2035-2040"
132,7,"2040-2045"
132,7,"2045-2050"
132,7,"2050-2055"
132,7,"2055-2060"
132,7,"2060-2065"
132,7,"2065-2070"
132,7,"2070-2075"
132,7,"2075-2080"
132,7,"2080-2085"
132,7,"2085-2090"
132,7,"2090-2095"
132,7,"2095-2100"
132,8,"2015-2020"
132,8,"2020-2025"
132,8,"2025-2030"
132,8,"2030-2035"
132,8,"2035-2040"
132,8,"2040-2045"
132,8,"2045-2050"
132,8,"2050-2055"
132,8,"2055-2060"
132,8,"2060-2065"
132,8,"2065-2070"
132,8,"2070-2075"
132,8,"2075-2080"
132,8,"2080-2085"
132,8,"2085-2090"
132,8,"2090-2095"
132,8,"2095-2100"
132,9,"2015-2020"
132,9,"2020-2025"
132,9,"2025-2030"
132,9,"2030-2035"
132,9,"2035-2040"
132,9,"2040-2045"
132,9,"2045-2050"
132,9,"2050-2055"
132,9,"2055-2060"
132,9,"2060-2065"
132,9,"2065-2070"
132,9,"2070-2075"
132,9,"2075-2080"
132,9,"2080-2085"
132,9,"2085-2090"
132,9,"2090-2095"
132,9,"2095-2100"
132,202,"2015-2020"
132,202,"2020-2025"
132,202,"2025-2030"
132,202,"2030-2035"
132,202,"2035-2040"
132,202,"2040-2045"
132,202,"2045-2050"
132,202,"2050-2055"
132,202,"2055-2060"
132,202,"2060-2065"
132,202,"2065-2070"
132,202,"2070-2075"
132,202,"2075-2080"
132,202,"2080-2085"
132,202,"2085-2090"
132,202,"2090-2095"
132,202,"2095-2100"
116,3,"2015-2020"
116,3,"2020-2025"
116,3,"2025-2030"
116,3,"2030-2035"
116,3,"2035-2040"
116,3,"2040-2045"
116,3,"2045-2050"
116,3,"2050-2055"
116,3,"2055-2060"
116,3,"2060-2065"
116,3,"2065-2070"
116,3,"2070-2075"
116,3,"2075-2080"
116,3,"2080-2085"
116,3,"2085-2090"
116,3,"2090-2095"
116,3,"2095-2100"
116,4,"2015-2020"
116,4,"2020-2025"
116,4,"2025-2030"
116,4,"2030-2035"
116,4,"2035-2040"
116,4,"2040-2045"
116,4,"2045-2050"
116,4,"2050-2055"
116,4,"2055-2060"
116,4,"2060-2065"
116,4,"2065-2070"
116,4,"2070-2075"
116,4,"2075-2080"
116,4,"2080-2085"
116,4,"2085-2090"
116,4,"2090-2095"
116,4,"2095-2100"
116,5,"2015-2020"
116,5,"2020-2025"
116,5,"2025-2030"
116,5,"2030-2035"
116,5,"2035-2040"
116,5,"2040-2045"
116,5,"2045-2050"
116,5,"2050-2055"
116,5,"2055-2060"
116,5,"2060-2065"
116,5,"2065-2070"
116,5,"2070-2075"
116,5,"2075-2080"
116,5,"2080-2085"
116,5,"2085-2090"
116,5,"2090-2095"
116,5,"2095-2100"
116,6,"2015-2020"
116,6,"2020-2025"
116,6,"2025-2030"
116,6,"2030-2035"
116,6,"2035-2040"
116,6,"2040-2045"
116,6,"2045-2050"
116,6,"2050-2055"
116,6,"2055-2060"
116,6,"2060-2065"
116,6,"2065-2070"
116,6,"2070-2075"
116,6,"2075-2080"
116,6,"2080-2085"
116,6,"2085-2090"
116,6,"2090-2095"
116,6,"2095-2100"
116,7,"2015-2020"
116,7,"2020-2025"
116,7,"2025-2030"
116,7,"2030-2035"
116,7,"2035-2040"
116,7,"2040-2045"
116,7,"2045-2050"
116,7,"2050-2055"
116,7,"2055-2060"
116,7,"2060-2065"
116,7,"2065-2070"
116,7,"2070-2075"
116,7,"2075-2080"
116,7,"2080-2085"
116,7,"2085-2090"
116,7,"2090-2095"
116,7,"2095-2100"
116,8,"2015-2020"
116,8,"2020-2025"
116,8,"2025-2030"
116,8,"2030-2035"
116,8,"2035-2040"
116,8,"2040-2045"
116,8,"2045-2050"
116,8,"2050-2055"
116,8,"2055-2060"
116,8,"2060-2065"
116,8,"2065-2070"
116,8,"2070-2075"
116,8,"2075-2080"
116,8,"2080-2085"
116,8,"2085-2090"
116,8,"2090-2095"
116,8,"2095-2100"
116,9,"2015-2020"
116,9,"2020-2025"
116,9,"2025-2030"
116,9,"2030-2035"
116,9,"2035-2040"
116,9,"2040-2045"
116,9,"2045-2050"
116,9,"2050-2055"
116,9,"2055-2060"
116,9,"2060-2065"
116,9,"2065-2070"
116,9,"2070-2075"
116,9,"2075-2080"
116,9,"2080-2085"
116,9,"2085-2090"
116,9,"2090-2095"
116,9,"2095-2100"
116,202,"2015-2020"
116,202,"2020-2025"
116,202,"2025-2030"
116,202,"2030-2035"
116,202,"2035-2040"
116,202,"2040-2045"
116,202,"2045-2050"
116,202,"2050-2055"
116,202,"2055-2060"
116,202,"2060-2065"
116,202,"2065-2070"
116,202,"2070-2075"
116,202,"2075-2080"
116,202,"2080-2085"
116,202,"2085-2090"
116,202,"2090-2095"
116,202,"2095-2100"
120,3,"2015-2020"
120,3,"2020-2025"
120,3,"2025-2030"
120,3,"2030-2035"
120,3,"2035-2040"
120,3,"2040-2045"
120,3,"2045-2050"
120,3,"2050-2055"
120,3,"2055-2060"
120,3,"2060-2065"
120,3,"2065-2070"
120,3,"2070-2075"
120,3,"2075-2080"
120,3,"2080-2085"
120,3,"2085-2090"
120,3,"2090-2095"
120,3,"2095-2100"
120,4,"2015-2020"
120,4,"2020-2025"
120,4,"2025-2030"
120,4,"2030-2035"
120,4,"2035-2040"
120,4,"2040-2045"
120,4,"2045-2050"
120,4,"2050-2055"
120,4,"2055-2060"
120,4,"2060-2065"
120,4,"2065-2070"
120,4,"2070-2075"
120,4,"2075-2080"
120,4,"2080-2085"
120,4,"2085-2090"
120,4,"2090-2095"
120,4,"2095-2100"
120,5,"2015-2020"
120,5,"2020-2025"
120,5,"2025-2030"
120,5,"2030-2035"
120,5,"2035-2040"
120,5,"2040-2045"
120,5,"2045-2050"
120,5,"2050-2055"
120,5,"2055-2060"
120,5,"2060-2065"
120,5,"2065-2070"
120,5,"2070-2075"
120,5,"2075-2080"
120,5,"2080-2085"
120,5,"2085-2090"
120,5,"2090-2095"
120,5,"2095-2100"
120,6,"2015-2020"
120,6,"2020-2025"
120,6,"2025-2030"
120,6,"2030-2035"
120,6,"2035-2040"
120,6,"2040-2045"
120,6,"2045-2050"
120,6,"2050-2055"
120,6,"2055-2060"
120,6,"2060-2065"
120,6,"2065-2070"
120,6,"2070-2075"
120,6,"2075-2080"
120,6,"2080-2085"
120,6,"2085-2090"
120,6,"2090-2095"
120,6,"2095-2100"
120,7,"2015-2020"
120,7,"2020-2025"
120,7,"2025-2030"
120,7,"2030-2035"
120,7,"2035-2040"
120,7,"2040-2045"
120,7,"2045-2050"
120,7,"2050-2055"
120,7,"2055-2060"
120,7,"2060-2065"
120,7,"2065-2070"
120,7,"2070-2075"
120,7,"2075-2080"
120,7,"2080-2085"
120,7,"2085-2090"
120,7,"2090-2095"
120,7,"2095-2100"
120,8,"2015-2020"
120,8,"2020-2025"
120,8,"2025-2030"
120,8,"2030-2035"
120,8,"2035-2040"
120,8,"2040-2045"
120,8,"2045-2050"
120,8,"2050-2055"
120,8,"2055-2060"
120,8,"2060-2065"
120,8,"2065-2070"
120,8,"2070-2075"
120,8,"2075-2080"
120,8,"2080-2085"
120,8,"2085-2090"
120,8,"2090-2095"
120,8,"2095-2100"
120,9,"2015-2020"
120,9,"2020-2025"
120,9,"2025-2030"
120,9,"2030-2035"
120,9,"2035-2040"
120,9,"2040-2045"
120,9,"2045-2050"
120,9,"2050-2055"
120,9,"2055-2060"
120,9,"2060-2065"
120,9,"2065-2070"
120,9,"2070-2075"
120,9,"2075-2080"
120,9,"2080-2085"
120,9,"2085-2090"
120,9,"2090-2095"
120,9,"2095-2100"
120,202,"2015-2020"
120,202,"2020-2025"
120,202,"2025-2030"
120,202,"2030-2035"
120,202,"2035-2040"
120,202,"2040-2045"
120,202,"2045-2050"
120,202,"2050-2055"
120,202,"2055-2060"
120,202,"2060-2065"
120,202,"2065-2070"
120,202,"2070-2075"
120,202,"2075-2080"
120,202,"2080-2085"
120,202,"2085-2090"
120,202,"2090-2095"
120,202,"2095-2100"
124,3,"2015-2020"
124,3,"2020-2025"
124,3,"2025-2030"
124,3,"2030-2035"
124,3,"2035-2040"
124,3,"2040-2045"
124,3,"2045-2050"
124,3,"2050-2055"
124,3,"2055-2060"
124,3,"2060-2065"
124,3,"2065-2070"
124,3,"2070-2075"
124,3,"2075-2080"
124,3,"2080-2085"
124,3,"2085-2090"
124,3,"2090-2095"
124,3,"2095-2100"
124,4,"2015-2020"
124,4,"2020-2025"
124,4,"2025-2030"
124,4,"2030-2035"
124,4,"2035-2040"
124,4,"2040-2045"
124,4,"2045-2050"
124,4,"2050-2055"
124,4,"2055-2060"
124,4,"2060-2065"
124,4,"2065-2070"
124,4,"2070-2075"
124,4,"2075-2080"
124,4,"2080-2085"
124,4,"2085-2090"
124,4,"2090-2095"
124,4,"2095-2100"
124,5,"2015-2020"
124,5,"2020-2025"
124,5,"2025-2030"
124,5,"2030-2035"
124,5,"2035-2040"
124,5,"2040-2045"
124,5,"2045-2050"
124,5,"2050-2055"
124,5,"2055-2060"
124,5,"2060-2065"
124,5,"2065-2070"
124,5,"2070-2075"
124,5,"2075-2080"
124,5,"2080-2085"
124,5,"2085-2090"
124,5,"2090-2095"
124,5,"2095-2100"
124,6,"2015-2020"
124,6,"2020-2025"
124,6,"2025-2030"
124,6,"2030-2035"
124,6,"2035-2040"
124,6,"2040-2045"
124,6,"2045-2050"
124,6,"2050-2055"
124,6,"2055-2060"
124,6,"2060-2065"
124,6,"2065-2070"
124,6,"2070-2075"
124,6,"2075-2080"
124,6,"2080-2085"
124,6,"2085-2090"
124,6,"2090-2095"
124,6,"2095-2100"
124,7,"2015-2020"
124,7,"2020-2025"
124,7,"2025-2030"
124,7,"2030-2035"
124,7,"2035-2040"
124,7,"2040-2045"
124,7,"2045-2050"
124,7,"2050-2055"
124,7,"2055-2060"
124,7,"2060-2065"
124,7,"2065-2070"
124,7,"2070-2075"
124,7,"2075-2080"
124,7,"2080-2085"
124,7,"2085-2090"
124,7,"2090-2095"
124,7,"2095-2100"
124,8,"2015-2020"
124,8,"2020-2025"
124,8,"2025-2030"
124,8,"2030-2035"
124,8,"2035-2040"
124,8,"2040-2045"
124,8,"2045-2050"
124,8,"2050-2055"
124,8,"2055-2060"
124,8,"2060-2065"
124,8,"2065-2070"
124,8,"2070-2075"
124,8,"2075-2080"
124,8,"2080-2085"
124,8,"2085-2090"
124,8,"2090-2095"
124,8,"2095-2100"
124,9,"2015-2020"
124,9,"2020-2025"
124,9,"2025-2030"
124,9,"2030-2035"
124,9,"2035-2040"
124,9,"2040-2045"
124,9,"2045-2050"
124,9,"2050-2055"
124,9,"2055-2060"
124,9,"2060-2065"
124,9,"2065-2070"
124,9,"2070-2075"
124,9,"2075-2080"
124,9,"2080-2085"
124,9,"2085-2090"
124,9,"2090-2095"
124,9,"2095-2100"
124,202,"2015-2020"
124,202,"2020-2025"
124,202,"2025-2030"
124,202,"2030-2035"
124,202,"2035-2040"
124,202,"2040-2045"
124,202,"2045-2050"
124,202,"2050-2055"
124,202,"2055-2060"
124,202,"2060-2065"
124,202,"2065-2070"
124,202,"2070-2075"
124,202,"2075-2080"
124,202,"2080-2085"
124,202,"2085-2090"
124,202,"2090-2095"
124,202,"2095-2100"
915,3,"2015-2020"
915,3,"2020-2025"
915,3,"2025-2030"
915,3,"2030-2035"
915,3,"2035-2040"
915,3,"2040-2045"
915,3,"2045-2050"
915,3,"2050-2055"
915,3,"2055-2060"
915,3,"2060-2065"
915,3,"2065-2070"
915,3,"2070-2075"
915,3,"2075-2080"
915,3,"2080-2085"
915,3,"2085-2090"
915,3,"2090-2095"
915,3,"2095-2100"
915,4,"2015-2020"
915,4,"2020-2025"
915,4,"2025-2030"
915,4,"2030-2035"
915,4,"2035-2040"
915,4,"2040-2045"
915,4,"2045-2050"
915,4,"2050-2055"
915,4,"2055-2060"
915,4,"2060-2065"
915,4,"2065-2070"
915,4,"2070-2075"
915,4,"2075-2080"
915,4,"2080-2085"
915,4,"2085-2090"
915,4,"2090-2095"
915,4,"2095-2100"
915,5,"2015-2020"
915,5,"2020-2025"
915,5,"2025-2030"
915,5,"2030-2035"
915,5,"2035-2040"
915,5,"2040-2045"
915,5,"2045-2050"
915,5,"2050-2055"
915,5,"2055-2060"
915,5,"2060-2065"
915,5,"2065-2070"
915,5,"2070-2075"
915,5,"2075-2080"
915,5,"2080-2085"
915,5,"2085-2090"
915,5,"2090-2095"
915,5,"2095-2100"
915,6,"2015-2020"
915,6,"2020-2025"
915,6,"2025-2030"
915,6,"2030-2035"
915,6,"2035-2040"
915,6,"2040-2045"
915,6,"2045-2050"
915,6,"2050-2055"
915,6,"2055-2060"
915,6,"2060-2065"
915,6,"2065-2070"
915,6,"2070-2075"
915,6,"2075-2080"
915,6,"2080-2085"
915,6,"2085-2090"
915,6,"2090-2095"
915,6,"2095-2100"
915,7,"2015-2020"
915,7,"2020-2025"
915,7,"2025-2030"
915,7,"2030-2035"
915,7,"2035-2040"
915,7,"2040-2045"
915,7,"2045-2050"
915,7,"2050-2055"
915,7,"2055-2060"
915,7,"2060-2065"
915,7,"2065-2070"
915,7,"2070-2075"
915,7,"2075-2080"
915,7,"2080-2085"
915,7,"2085-2090"
915,7,"2090-2095"
915,7,"2095-2100"
915,8,"2015-2020"
915,8,"2020-2025"
915,8,"2025-2030"
915,8,"2030-2035"
915,8,"2035-2040"
915,8,"2040-2045"
915,8,"2045-2050"
915,8,"2050-2055"
915,8,"2055-2060"
915,8,"2060-2065"
915,8,"2065-2070"
915,8,"2070-2075"
915,8,"2075-2080"
915,8,"2080-2085"
915,8,"2085-2090"
915,8,"2090-2095"
915,8,"2095-2100"
915,9,"2015-2020"
915,9,"2020-2025"
915,9,"2025-2030"
915,9,"2030-2035"
915,9,"2035-2040"
915,9,"2040-2045"
915,9,"2045-2050"
915,9,"2050-2055"
915,9,"2055-2060"
915,9,"2060-2065"
915,9,"2065-2070"
915,9,"2070-2075"
915,9,"2075-2080"
915,9,"2080-2085"
915,9,"2085-2090"
915,9,"2090-2095"
915,9,"2095-2100"
136,3,"2015-2020"
136,3,"2020-2025"
136,3,"2025-2030"
136,3,"2030-2035"
136,3,"2035-2040"
136,3,"2040-2045"
136,3,"2045-2050"
136,3,"2050-2055"
136,3,"2055-2060"
136,3,"2060-2065"
136,3,"2065-2070"
136,3,"2070-2075"
136,3,"2075-2080"
136,3,"2080-2085"
136,3,"2085-2090"
136,3,"2090-2095"
136,3,"2095-2100"
136,4,"2015-2020"
136,4,"2020-2025"
136,4,"2025-2030"
136,4,"2030-2035"
136,4,"2035-2040"
136,4,"2040-2045"
136,4,"2045-2050"
136,4,"2050-2055"
136,4,"2055-2060"
136,4,"2060-2065"
136,4,"2065-2070"
136,4,"2070-2075"
136,4,"2075-2080"
136,4,"2080-2085"
136,4,"2085-2090"
136,4,"2090-2095"
136,4,"2095-2100"
136,5,"2015-2020"
136,5,"2020-2025"
136,5,"2025-2030"
136,5,"2030-2035"
136,5,"2035-2040"
136,5,"2040-2045"
136,5,"2045-2050"
136,5,"2050-2055"
136,5,"2055-2060"
136,5,"2060-2065"
136,5,"2065-2070"
136,5,"2070-2075"
136,5,"2075-2080"
136,5,"2080-2085"
136,5,"2085-2090"
136,5,"2090-2095"
136,5,"2095-2100"
136,6,"2015-2020"
136,6,"2020-2025"
136,6,"2025-2030"
136,6,"2030-2035"
136,6,"2035-2040"
136,6,"2040-2045"
136,6,"2045-2050"
136,6,"2050-2055"
136,6,"2055-2060"
136,6,"2060-2065"
136,6,"2065-2070"
136,6,"2070-2075"
136,6,"2075-2080"
136,6,"2080-2085"
136,6,"2085-2090"
136,6,"2090-2095"
136,6,"2095-2100"
136,7,"2015-2020"
136,7,"2020-2025"
136,7,"2025-2030"
136,7,"2030-2035"
136,7,"2035-2040"
136,7,"2040-2045"
136,7,"2045-2050"
136,7,"2050-2055"
136,7,"2055-2060"
136,7,"2060-2065"
136,7,"2065-2070"
136,7,"2070-2075"
136,7,"2075-2080"
136,7,"2080-2085"
136,7,"2085-2090"
136,7,"2090-2095"
136,7,"2095-2100"
136,8,"2015-2020"
136,8,"2020-2025"
136,8,"2025-2030"
136,8,"2030-2035"
136,8,"2035-2040"
136,8,"2040-2045"
136,8,"2045-2050"
136,8,"2050-2055"
136,8,"2055-2060"
136,8,"2060-2065"
136,8,"2065-2070"
136,8,"2070-2075"
136,8,"2075-2080"
136,8,"2080-2085"
136,8,"2085-2090"
136,8,"2090-2095"
136,8,"2095-2100"
136,9,"2015-2020"
136,9,"2020-2025"
136,9,"2025-2030"
136,9,"2030-2035"
136,9,"2035-2040"
136,9,"2040-2045"
136,9,"2045-2050"
136,9,"2050-2055"
136,9,"2055-2060"
136,9,"2060-2065"
136,9,"2065-2070"
136,9,"2070-2075"
136,9,"2075-2080"
136,9,"2080-2085"
136,9,"2085-2090"
136,9,"2090-2095"
136,9,"2095-2100"
140,3,"2015-2020"
140,3,"2020-2025"
140,3,"2025-2030"
140,3,"2030-2035"
140,3,"2035-2040"
140,3,"2040-2045"
140,3,"2045-2050"
140,3,"2050-2055"
140,3,"2055-2060"
140,3,"2060-2065"
140,3,"2065-2070"
140,3,"2070-2075"
140,3,"2075-2080"
140,3,"2080-2085"
140,3,"2085-2090"
140,3,"2090-2095"
140,3,"2095-2100"
140,4,"2015-2020"
140,4,"2020-2025"
140,4,"2025-2030"
140,4,"2030-2035"
140,4,"2035-2040"
140,4,"2040-2045"
140,4,"2045-2050"
140,4,"2050-2055"
140,4,"2055-2060"
140,4,"2060-2065"
140,4,"2065-2070"
140,4,"2070-2075"
140,4,"2075-2080"
140,4,"2080-2085"
140,4,"2085-2090"
140,4,"2090-2095"
140,4,"2095-2100"
140,5,"2015-2020"
140,5,"2020-2025"
140,5,"2025-2030"
140,5,"2030-2035"
140,5,"2035-2040"
140,5,"2040-2045"
140,5,"2045-2050"
140,5,"2050-2055"
140,5,"2055-2060"
140,5,"2060-2065"
140,5,"2065-2070"
140,5,"2070-2075"
140,5,"2075-2080"
140,5,"2080-2085"
140,5,"2085-2090"
140,5,"2090-2095"
140,5,"2095-2100"
140,6,"2015-2020"
140,6,"2020-2025"
140,6,"2025-2030"
140,6,"2030-2035"
140,6,"2035-2040"
140,6,"2040-2045"
140,6,"2045-2050"
140,6,"2050-2055"
140,6,"2055-2060"
140,6,"2060-2065"
140,6,"2065-2070"
140,6,"2070-2075"
140,6,"2075-2080"
140,6,"2080-2085"
140,6,"2085-2090"
140,6,"2090-2095"
140,6,"2095-2100"
140,7,"2015-2020"
140,7,"2020-2025"
140,7,"2025-2030"
140,7,"2030-2035"
140,7,"2035-2040"
140,7,"2040-2045"
140,7,"2045-2050"
140,7,"2050-2055"
140,7,"2055-2060"
140,7,"2060-2065"
140,7,"2065-2070"
140,7,"2070-2075"
140,7,"2075-2080"
140,7,"2080-2085"
140,7,"2085-2090"
140,7,"2090-2095"
140,7,"2095-2100"
140,8,"2015-2020"
140,8,"2020-2025"
140,8,"2025-2030"
140,8,"2030-2035"
140,8,"2035-2040"
140,8,"2040-2045"
140,8,"2045-2050"
140,8,"2050-2055"
140,8,"2055-2060"
140,8,"2060-2065"
140,8,"2065-2070"
140,8,"2070-2075"
140,8,"2075-2080"
140,8,"2080-2085"
140,8,"2085-2090"
140,8,"2090-2095"
140,8,"2095-2100"
140,9,"2015-2020"
140,9,"2020-2025"
140,9,"2025-2030"
140,9,"2030-2035"
140,9,"2035-2040"
140,9,"2040-2045"
140,9,"2045-2050"
140,9,"2050-2055"
140,9,"2055-2060"
140,9,"2060-2065"
140,9,"2065-2070"
140,9,"2070-2075"
140,9,"2075-2080"
140,9,"2080-2085"
140,9,"2085-2090"
140,9,"2090-2095"
140,9,"2095-2100"
140,202,"2015-2020"
140,202,"2020-2025"
140,202,"2025-2030"
140,202,"2030-2035"
140,202,"2035-2040"
140,202,"2040-2045"
140,202,"2045-2050"
140,202,"2050-2055"
140,202,"2055-2060"
140,202,"2060-2065"
140,202,"2065-2070"
140,202,"2070-2075"
140,202,"2075-2080"
140,202,"2080-2085"
140,202,"2085-2090"
140,202,"2090-2095"
140,202,"2095-2100"
916,3,"2015-2020"
916,3,"2020-2025"
916,3,"2025-2030"
916,3,"2030-2035"
916,3,"2035-2040"
916,3,"2040-2045"
916,3,"2045-2050"
916,3,"2050-2055"
916,3,"2055-2060"
916,3,"2060-2065"
916,3,"2065-2070"
916,3,"2070-2075"
916,3,"2075-2080"
916,3,"2080-2085"
916,3,"2085-2090"
916,3,"2090-2095"
916,3,"2095-2100"
916,4,"2015-2020"
916,4,"2020-2025"
916,4,"2025-2030"
916,4,"2030-2035"
916,4,"2035-2040"
916,4,"2040-2045"
916,4,"2045-2050"
916,4,"2050-2055"
916,4,"2055-2060"
916,4,"2060-2065"
916,4,"2065-2070"
916,4,"2070-2075"
916,4,"2075-2080"
916,4,"2080-2085"
916,4,"2085-2090"
916,4,"2090-2095"
916,4,"2095-2100"
916,5,"2015-2020"
916,5,"2020-2025"
916,5,"2025-2030"
916,5,"2030-2035"
916,5,"2035-2040"
916,5,"2040-2045"
916,5,"2045-2050"
916,5,"2050-2055"
916,5,"2055-2060"
916,5,"2060-2065"
916,5,"2065-2070"
916,5,"2070-2075"
916,5,"2075-2080"
916,5,"2080-2085"
916,5,"2085-2090"
916,5,"2090-2095"
916,5,"2095-2100"
916,6,"2015-2020"
916,6,"2020-2025"
916,6,"2025-2030"
916,6,"2030-2035"
916,6,"2035-2040"
916,6,"2040-2045"
916,6,"2045-2050"
916,6,"2050-2055"
916,6,"2055-2060"
916,6,"2060-2065"
916,6,"2065-2070"
916,6,"2070-2075"
916,6,"2075-2080"
916,6,"2080-2085"
916,6,"2085-2090"
916,6,"2090-2095"
916,6,"2095-2100"
916,7,"2015-2020"
916,7,"2020-2025"
916,7,"2025-2030"
916,7,"2030-2035"
916,7,"2035-2040"
916,7,"2040-2045"
916,7,"2045-2050"
916,7,"2050-2055"
916,7,"2055-2060"
916,7,"2060-2065"
916,7,"2065-2070"
916,7,"2070-2075"
916,7,"2075-2080"
916,7,"2080-2085"
916,7,"2085-2090"
916,7,"2090-2095"
916,7,"2095-2100"
916,8,"2015-2020"
916,8,"2020-2025"
916,8,"2025-2030"
916,8,"2030-2035"
916,8,"2035-2040"
916,8,"2040-2045"
916,8,"2045-2050"
916,8,"2050-2055"
916,8,"2055-2060"
916,8,"2060-2065"
916,8,"2065-2070"
916,8,"2070-2075"
916,8,"2075-2080"
916,8,"2080-2085"
916,8,"2085-2090"
916,8,"2090-2095"
916,8,"2095-2100"
916,9,"2015-2020"
916,9,"2020-2025"
916,9,"2025-2030"
916,9,"2030-2035"
916,9,"2035-2040"
916,9,"2040-2045"
916,9,"2045-2050"
916,9,"2050-2055"
916,9,"2055-2060"
916,9,"2060-2065"
916,9,"2065-2070"
916,9,"2070-2075"
916,9,"2075-2080"
916,9,"2080-2085"
916,9,"2085-2090"
916,9,"2090-2095"
916,9,"2095-2100"
5500,3,"2015-2020"
5500,3,"2020-2025"
5500,3,"2025-2030"
5500,3,"2030-2035"
5500,3,"2035-2040"
5500,3,"2040-2045"
5500,3,"2045-2050"
5500,3,"2050-2055"
5500,3,"2055-2060"
5500,3,"2060-2065"
5500,3,"2065-2070"
5500,3,"2070-2075"
5500,3,"2075-2080"
5500,3,"2080-2085"
5500,3,"2085-2090"
5500,3,"2090-2095"
5500,3,"2095-2100"
5500,4,"2015-2020"
5500,4,"2020-2025"
5500,4,"2025-2030"
5500,4,"2030-2035"
5500,4,"2035-2040"
5500,4,"2040-2045"
5500,4,"2045-2050"
5500,4,"2050-2055"
5500,4,"2055-2060"
5500,4,"2060-2065"
5500,4,"2065-2070"
5500,4,"2070-2075"
5500,4,"2075-2080"
5500,4,"2080-2085"
5500,4,"2085-2090"
5500,4,"2090-2095"
5500,4,"2095-2100"
5500,5,"2015-2020"
5500,5,"2020-2025"
5500,5,"2025-2030"
5500,5,"2030-2035"
5500,5,"2035-2040"
5500,5,"2040-2045"
5500,5,"2045-2050"
5500,5,"2050-2055"
5500,5,"2055-2060"
5500,5,"2060-2065"
5500,5,"2065-2070"
5500,5,"2070-2075"
5500,5,"2075-2080"
5500,5,"2080-2085"
5500,5,"2085-2090"
5500,5,"2090-2095"
5500,5,"2095-2100"
5500,6,"2015-2020"
5500,6,"2020-2025"
5500,6,"2025-2030"
5500,6,"2030-2035"
5500,6,"2035-2040"
5500,6,"2040-2045"
5500,6,"2045-2050"
5500,6,"2050-2055"
5500,6,"2055-2060"
5500,6,"2060-2065"
5500,6,"2065-2070"
5500,6,"2070-2075"
5500,6,"2075-2080"
5500,6,"2080-2085"
5500,6,"2085-2090"
5500,6,"2090-2095"
5500,6,"2095-2100"
5500,7,"2015-2020"
5500,7,"2020-2025"
5500,7,"2025-2030"
5500,7,"2030-2035"
5500,7,"2035-2040"
5500,7,"2040-2045"
5500,7,"2045-2050"
5500,7,"2050-2055"
5500,7,"2055-2060"
5500,7,"2060-2065"
5500,7,"2065-2070"
5500,7,"2070-2075"
5500,7,"2075-2080"
5500,7,"2080-2085"
5500,7,"2085-2090"
5500,7,"2090-2095"
5500,7,"2095-2100"
5500,8,"2015-2020"
5500,8,"2020-2025"
5500,8,"2025-2030"
5500,8,"2030-2035"
5500,8,"2035-2040"
5500,8,"2040-2045"
5500,8,"2045-2050"
5500,8,"2050-2055"
5500,8,"2055-2060"
5500,8,"2060-2065"
5500,8,"2065-2070"
5500,8,"2070-2075"
5500,8,"2075-2080"
5500,8,"2080-2085"
5500,8,"2085-2090"
5500,8,"2090-2095"
5500,8,"2095-2100"
5500,9,"2015-2020"
5500,9,"2020-2025"
5500,9,"2025-2030"
5500,9,"2030-2035"
5500,9,"2035-2040"
5500,9,"2040-2045"
5500,9,"2045-2050"
5500,9,"2050-2055"
5500,9,"2055-2060"
5500,9,"2060-2065"
5500,9,"2065-2070"
5500,9,"2070-2075"
5500,9,"2075-2080"
5500,9,"2080-2085"
5500,9,"2085-2090"
5500,9,"2090-2095"
5500,9,"2095-2100"
921,3,"2015-2020"
921,3,"2020-2025"
921,3,"2025-2030"
921,3,"2030-2035"
921,3,"2035-2040"
921,3,"2040-2045"
921,3,"2045-2050"
921,3,"2050-2055"
921,3,"2055-2060"
921,3,"2060-2065"
921,3,"2065-2070"
921,3,"2070-2075"
921,3,"2075-2080"
921,3,"2080-2085"
921,3,"2085-2090"
921,3,"2090-2095"
921,3,"2095-2100"
921,4,"2015-2020"
921,4,"2020-2025"
921,4,"2025-2030"
921,4,"2030-2035"
921,4,"2035-2040"
921,4,"2040-2045"
921,4,"2045-2050"
921,4,"2050-2055"
921,4,"2055-2060"
921,4,"2060-2065"
921,4,"2065-2070"
921,4,"2070-2075"
921,4,"2075-2080"
921,4,"2080-2085"
921,4,"2085-2090"
921,4,"2090-2095"
921,4,"2095-2100"
921,5,"2015-2020"
921,5,"2020-2025"
921,5,"2025-2030"
921,5,"2030-2035"
921,5,"2035-2040"
921,5,"2040-2045"
921,5,"2045-2050"
921,5,"2050-2055"
921,5,"2055-2060"
921,5,"2060-2065"
921,5,"2065-2070"
921,5,"2070-2075"
921,5,"2075-2080"
921,5,"2080-2085"
921,5,"2085-2090"
921,5,"2090-2095"
921,5,"2095-2100"
921,6,"2015-2020"
921,6,"2020-2025"
921,6,"2025-2030"
921,6,"2030-2035"
921,6,"2035-2040"
921,6,"2040-2045"
921,6,"2045-2050"
921,6,"2050-2055"
921,6,"2055-2060"
921,6,"2060-2065"
921,6,"2065-2070"
921,6,"2070-2075"
921,6,"2075-2080"
921,6,"2080-2085"
921,6,"2085-2090"
921,6,"2090-2095"
921,6,"2095-2100"
921,7,"2015-2020"
921,7,"2020-2025"
921,7,"2025-2030"
921,7,"2030-2035"
921,7,"2035-2040"
921,7,"2040-2045"
921,7,"2045-2050"
921,7,"2050-2055"
921,7,"2055-2060"
921,7,"2060-2065"
921,7,"2065-2070"
921,7,"2070-2075"
921,7,"2075-2080"
921,7,"2080-2085"
921,7,"2085-2090"
921,7,"2090-2095"
921,7,"2095-2100"
921,8,"2015-2020"
921,8,"2020-2025"
921,8,"2025-2030"
921,8,"2030-2035"
921,8,"2035-2040"
921,8,"2040-2045"
921,8,"2045-2050"
921,8,"2050-2055"
921,8,"2055-2060"
921,8,"2060-2065"
921,8,"2065-2070"
921,8,"2070-2075"
921,8,"2075-2080"
921,8,"2080-2085"
921,8,"2085-2090"
921,8,"2090-2095"
921,8,"2095-2100"
921,9,"2015-2020"
921,9,"2020-2025"
921,9,"2025-2030"
921,9,"2030-2035"
921,9,"2035-2040"
921,9,"2040-2045"
921,9,"2045-2050"
921,9,"2050-2055"
921,9,"2055-2060"
921,9,"2060-2065"
921,9,"2065-2070"
921,9,"2070-2075"
921,9,"2075-2080"
921,9,"2080-2085"
921,9,"2085-2090"
921,9,"2090-2095"
921,9,"2095-2100"
148,3,"2015-2020"
148,3,"2020-2025"
148,3,"2025-2030"
148,3,"2030-2035"
148,3,"2035-2040"
148,3,"2040-2045"
148,3,"2045-2050"
148,3,"2050-2055"
148,3,"2055-2060"
148,3,"2060-2065"
148,3,"2065-2070"
148,3,"2070-2075"
148,3,"2075-2080"
148,3,"2080-2085"
148,3,"2085-2090"
148,3,"2090-2095"
148,3,"2095-2100"
148,4,"2015-2020"
148,4,"2020-2025"
148,4,"2025-2030"
148,4,"2030-2035"
148,4,"2035-2040"
148,4,"2040-2045"
148,4,"2045-2050"
148,4,"2050-2055"
148,4,"2055-2060"
148,4,"2060-2065"
148,4,"2065-2070"
148,4,"2070-2075"
148,4,"2075-2080"
148,4,"2080-2085"
148,4,"2085-2090"
148,4,"2090-2095"
148,4,"2095-2100"
148,5,"2015-2020"
148,5,"2020-2025"
148,5,"2025-2030"
148,5,"2030-2035"
148,5,"2035-2040"
148,5,"2040-2045"
148,5,"2045-2050"
148,5,"2050-2055"
148,5,"2055-2060"
148,5,"2060-2065"
148,5,"2065-2070"
148,5,"2070-2075"
148,5,"2075-2080"
148,5,"2080-2085"
148,5,"2085-2090"
148,5,"2090-2095"
148,5,"2095-2100"
148,6,"2015-2020"
148,6,"2020-2025"
148,6,"2025-2030"
148,6,"2030-2035"
148,6,"2035-2040"
148,6,"2040-2045"
148,6,"2045-2050"
148,6,"2050-2055"
148,6,"2055-2060"
148,6,"2060-2065"
148,6,"2065-2070"
148,6,"2070-2075"
148,6,"2075-2080"
148,6,"2080-2085"
148,6,"2085-2090"
148,6,"2090-2095"
148,6,"2095-2100"
148,7,"2015-2020"
148,7,"2020-2025"
148,7,"2025-2030"
148,7,"2030-2035"
148,7,"2035-2040"
148,7,"2040-2045"
148,7,"2045-2050"
148,7,"2050-2055"
148,7,"2055-2060"
148,7,"2060-2065"
148,7,"2065-2070"
148,7,"2070-2075"
148,7,"2075-2080"
148,7,"2080-2085"
148,7,"2085-2090"
148,7,"2090-2095"
148,7,"2095-2100"
148,8,"2015-2020"
148,8,"2020-2025"
148,8,"2025-2030"
148,8,"2030-2035"
148,8,"2035-2040"
148,8,"2040-2045"
148,8,"2045-2050"
148,8,"2050-2055"
148,8,"2055-2060"
148,8,"2060-2065"
148,8,"2065-2070"
148,8,"2070-2075"
148,8,"2075-2080"
148,8,"2080-2085"
148,8,"2085-2090"
148,8,"2090-2095"
148,8,"2095-2100"
148,9,"2015-2020"
148,9,"2020-2025"
148,9,"2025-2030"
148,9,"2030-2035"
148,9,"2035-2040"
148,9,"2040-2045"
148,9,"2045-2050"
148,9,"2050-2055"
148,9,"2055-2060"
148,9,"2060-2065"
148,9,"2065-2070"
148,9,"2070-2075"
148,9,"2075-2080"
148,9,"2080-2085"
148,9,"2085-2090"
148,9,"2090-2095"
148,9,"2095-2100"
148,202,"2015-2020"
148,202,"2020-2025"
148,202,"2025-2030"
148,202,"2030-2035"
148,202,"2035-2040"
148,202,"2040-2045"
148,202,"2045-2050"
148,202,"2050-2055"
148,202,"2055-2060"
148,202,"2060-2065"
148,202,"2065-2070"
148,202,"2070-2075"
148,202,"2075-2080"
148,202,"2080-2085"
148,202,"2085-2090"
148,202,"2090-2095"
148,202,"2095-2100"
830,3,"2015-2020"
830,3,"2020-2025"
830,3,"2025-2030"
830,3,"2030-2035"
830,3,"2035-2040"
830,3,"2040-2045"
830,3,"2045-2050"
830,3,"2050-2055"
830,3,"2055-2060"
830,3,"2060-2065"
830,3,"2065-2070"
830,3,"2070-2075"
830,3,"2075-2080"
830,3,"2080-2085"
830,3,"2085-2090"
830,3,"2090-2095"
830,3,"2095-2100"
830,4,"2015-2020"
830,4,"2020-2025"
830,4,"2025-2030"
830,4,"2030-2035"
830,4,"2035-2040"
830,4,"2040-2045"
830,4,"2045-2050"
830,4,"2050-2055"
830,4,"2055-2060"
830,4,"2060-2065"
830,4,"2065-2070"
830,4,"2070-2075"
830,4,"2075-2080"
830,4,"2080-2085"
830,4,"2085-2090"
830,4,"2090-2095"
830,4,"2095-2100"
830,5,"2015-2020"
830,5,"2020-2025"
830,5,"2025-2030"
830,5,"2030-2035"
830,5,"2035-2040"
830,5,"2040-2045"
830,5,"2045-2050"
830,5,"2050-2055"
830,5,"2055-2060"
830,5,"2060-2065"
830,5,"2065-2070"
830,5,"2070-2075"
830,5,"2075-2080"
830,5,"2080-2085"
830,5,"2085-2090"
830,5,"2090-2095"
830,5,"2095-2100"
830,6,"2015-2020"
830,6,"2020-2025"
830,6,"2025-2030"
830,6,"2030-2035"
830,6,"2035-2040"
830,6,"2040-2045"
830,6,"2045-2050"
830,6,"2050-2055"
830,6,"2055-2060"
830,6,"2060-2065"
830,6,"2065-2070"
830,6,"2070-2075"
830,6,"2075-2080"
830,6,"2080-2085"
830,6,"2085-2090"
830,6,"2090-2095"
830,6,"2095-2100"
830,7,"2015-2020"
830,7,"2020-2025"
830,7,"2025-2030"
830,7,"2030-2035"
830,7,"2035-2040"
830,7,"2040-2045"
830,7,"2045-2050"
830,7,"2050-2055"
830,7,"2055-2060"
830,7,"2060-2065"
830,7,"2065-2070"
830,7,"2070-2075"
830,7,"2075-2080"
830,7,"2080-2085"
830,7,"2085-2090"
830,7,"2090-2095"
830,7,"2095-2100"
830,8,"2015-2020"
830,8,"2020-2025"
830,8,"2025-2030"
830,8,"2030-2035"
830,8,"2035-2040"
830,8,"2040-2045"
830,8,"2045-2050"
830,8,"2050-2055"
830,8,"2055-2060"
830,8,"2060-2065"
830,8,"2065-2070"
830,8,"2070-2075"
830,8,"2075-2080"
830,8,"2080-2085"
830,8,"2085-2090"
830,8,"2090-2095"
830,8,"2095-2100"
830,9,"2015-2020"
830,9,"2020-2025"
830,9,"2025-2030"
830,9,"2030-2035"
830,9,"2035-2040"
830,9,"2040-2045"
830,9,"2045-2050"
830,9,"2050-2055"
830,9,"2055-2060"
830,9,"2060-2065"
830,9,"2065-2070"
830,9,"2070-2075"
830,9,"2075-2080"
830,9,"2080-2085"
830,9,"2085-2090"
830,9,"2090-2095"
830,9,"2095-2100"
830,202,"2015-2020"
830,202,"2020-2025"
830,202,"2025-2030"
830,202,"2030-2035"
830,202,"2035-2040"
830,202,"2040-2045"
830,202,"2045-2050"
830,202,"2050-2055"
830,202,"2055-2060"
830,202,"2060-2065"
830,202,"2065-2070"
830,202,"2070-2075"
830,202,"2075-2080"
830,202,"2080-2085"
830,202,"2085-2090"
830,202,"2090-2095"
830,202,"2095-2100"
152,3,"2015-2020"
152,3,"2020-2025"
152,3,"2025-2030"
152,3,"2030-2035"
152,3,"2035-2040"
152,3,"2040-2045"
152,3,"2045-2050"
152,3,"2050-2055"
152,3,"2055-2060"
152,3,"2060-2065"
152,3,"2065-2070"
152,3,"2070-2075"
152,3,"2075-2080"
152,3,"2080-2085"
152,3,"2085-2090"
152,3,"2090-2095"
152,3,"2095-2100"
152,4,"2015-2020"
152,4,"2020-2025"
152,4,"2025-2030"
152,4,"2030-2035"
152,4,"2035-2040"
152,4,"2040-2045"
152,4,"2045-2050"
152,4,"2050-2055"
152,4,"2055-2060"
152,4,"2060-2065"
152,4,"2065-2070"
152,4,"2070-2075"
152,4,"2075-2080"
152,4,"2080-2085"
152,4,"2085-2090"
152,4,"2090-2095"
152,4,"2095-2100"
152,5,"2015-2020"
152,5,"2020-2025"
152,5,"2025-2030"
152,5,"2030-2035"
152,5,"2035-2040"
152,5,"2040-2045"
152,5,"2045-2050"
152,5,"2050-2055"
152,5,"2055-2060"
152,5,"2060-2065"
152,5,"2065-2070"
152,5,"2070-2075"
152,5,"2075-2080"
152,5,"2080-2085"
152,5,"2085-2090"
152,5,"2090-2095"
152,5,"2095-2100"
152,6,"2015-2020"
152,6,"2020-2025"
152,6,"2025-2030"
152,6,"2030-2035"
152,6,"2035-2040"
152,6,"2040-2045"
152,6,"2045-2050"
152,6,"2050-2055"
152,6,"2055-2060"
152,6,"2060-2065"
152,6,"2065-2070"
152,6,"2070-2075"
152,6,"2075-2080"
152,6,"2080-2085"
152,6,"2085-2090"
152,6,"2090-2095"
152,6,"2095-2100"
152,7,"2015-2020"
152,7,"2020-2025"
152,7,"2025-2030"
152,7,"2030-2035"
152,7,"2035-2040"
152,7,"2040-2045"
152,7,"2045-2050"
152,7,"2050-2055"
152,7,"2055-2060"
152,7,"2060-2065"
152,7,"2065-2070"
152,7,"2070-2075"
152,7,"2075-2080"
152,7,"2080-2085"
152,7,"2085-2090"
152,7,"2090-2095"
152,7,"2095-2100"
152,8,"2015-2020"
152,8,"2020-2025"
152,8,"2025-2030"
152,8,"2030-2035"
152,8,"2035-2040"
152,8,"2040-2045"
152,8,"2045-2050"
152,8,"2050-2055"
152,8,"2055-2060"
152,8,"2060-2065"
152,8,"2065-2070"
152,8,"2070-2075"
152,8,"2075-2080"
152,8,"2080-2085"
152,8,"2085-2090"
152,8,"2090-2095"
152,8,"2095-2100"
152,9,"2015-2020"
152,9,"2020-2025"
152,9,"2025-2030"
152,9,"2030-2035"
152,9,"2035-2040"
152,9,"2040-2045"
152,9,"2045-2050"
152,9,"2050-2055"
152,9,"2055-2060"
152,9,"2060-2065"
152,9,"2065-2070"
152,9,"2070-2075"
152,9,"2075-2080"
152,9,"2080-2085"
152,9,"2085-2090"
152,9,"2090-2095"
152,9,"2095-2100"
152,202,"2015-2020"
152,202,"2020-2025"
152,202,"2025-2030"
152,202,"2030-2035"
152,202,"2035-2040"
152,202,"2040-2045"
152,202,"2045-2050"
152,202,"2050-2055"
152,202,"2055-2060"
152,202,"2060-2065"
152,202,"2065-2070"
152,202,"2070-2075"
152,202,"2075-2080"
152,202,"2080-2085"
152,202,"2085-2090"
152,202,"2090-2095"
152,202,"2095-2100"
156,3,"2015-2020"
156,3,"2020-2025"
156,3,"2025-2030"
156,3,"2030-2035"
156,3,"2035-2040"
156,3,"2040-2045"
156,3,"2045-2050"
156,3,"2050-2055"
156,3,"2055-2060"
156,3,"2060-2065"
156,3,"2065-2070"
156,3,"2070-2075"
156,3,"2075-2080"
156,3,"2080-2085"
156,3,"2085-2090"
156,3,"2090-2095"
156,3,"2095-2100"
156,4,"2015-2020"
156,4,"2020-2025"
156,4,"2025-2030"
156,4,"2030-2035"
156,4,"2035-2040"
156,4,"2040-2045"
156,4,"2045-2050"
156,4,"2050-2055"
156,4,"2055-2060"
156,4,"2060-2065"
156,4,"2065-2070"
156,4,"2070-2075"
156,4,"2075-2080"
156,4,"2080-2085"
156,4,"2085-2090"
156,4,"2090-2095"
156,4,"2095-2100"
156,5,"2015-2020"
156,5,"2020-2025"
156,5,"2025-2030"
156,5,"2030-2035"
156,5,"2035-2040"
156,5,"2040-2045"
156,5,"2045-2050"
156,5,"2050-2055"
156,5,"2055-2060"
156,5,"2060-2065"
156,5,"2065-2070"
156,5,"2070-2075"
156,5,"2075-2080"
156,5,"2080-2085"
156,5,"2085-2090"
156,5,"2090-2095"
156,5,"2095-2100"
156,6,"2015-2020"
156,6,"2020-2025"
156,6,"2025-2030"
156,6,"2030-2035"
156,6,"2035-2040"
156,6,"2040-2045"
156,6,"2045-2050"
156,6,"2050-2055"
156,6,"2055-2060"
156,6,"2060-2065"
156,6,"2065-2070"
156,6,"2070-2075"
156,6,"2075-2080"
156,6,"2080-2085"
156,6,"2085-2090"
156,6,"2090-2095"
156,6,"2095-2100"
156,7,"2015-2020"
156,7,"2020-2025"
156,7,"2025-2030"
156,7,"2030-2035"
156,7,"2035-2040"
156,7,"2040-2045"
156,7,"2045-2050"
156,7,"2050-2055"
156,7,"2055-2060"
156,7,"2060-2065"
156,7,"2065-2070"
156,7,"2070-2075"
156,7,"2075-2080"
156,7,"2080-2085"
156,7,"2085-2090"
156,7,"2090-2095"
156,7,"2095-2100"
156,8,"2015-2020"
156,8,"2020-2025"
156,8,"2025-2030"
156,8,"2030-2035"
156,8,"2035-2040"
156,8,"2040-2045"
156,8,"2045-2050"
156,8,"2050-2055"
156,8,"2055-2060"
156,8,"2060-2065"
156,8,"2065-2070"
156,8,"2070-2075"
156,8,"2075-2080"
156,8,"2080-2085"
156,8,"2085-2090"
156,8,"2090-2095"
156,8,"2095-2100"
156,9,"2015-2020"
156,9,"2020-2025"
156,9,"2025-2030"
156,9,"2030-2035"
156,9,"2035-2040"
156,9,"2040-2045"
156,9,"2045-2050"
156,9,"2050-2055"
156,9,"2055-2060"
156,9,"2060-2065"
156,9,"2065-2070"
156,9,"2070-2075"
156,9,"2075-2080"
156,9,"2080-2085"
156,9,"2085-2090"
156,9,"2090-2095"
156,9,"2095-2100"
156,202,"2015-2020"
156,202,"2020-2025"
156,202,"2025-2030"
156,202,"2030-2035"
156,202,"2035-2040"
156,202,"2040-2045"
156,202,"2045-2050"
156,202,"2050-2055"
156,202,"2055-2060"
156,202,"2060-2065"
156,202,"2065-2070"
156,202,"2070-2075"
156,202,"2075-2080"
156,202,"2080-2085"
156,202,"2085-2090"
156,202,"2090-2095"
156,202,"2095-2100"
344,3,"2015-2020"
344,3,"2020-2025"
344,3,"2025-2030"
344,3,"2030-2035"
344,3,"2035-2040"
344,3,"2040-2045"
344,3,"2045-2050"
344,3,"2050-2055"
344,3,"2055-2060"
344,3,"2060-2065"
344,3,"2065-2070"
344,3,"2070-2075"
344,3,"2075-2080"
344,3,"2080-2085"
344,3,"2085-2090"
344,3,"2090-2095"
344,3,"2095-2100"
344,4,"2015-2020"
344,4,"2020-2025"
344,4,"2025-2030"
344,4,"2030-2035"
344,4,"2035-2040"
344,4,"2040-2045"
344,4,"2045-2050"
344,4,"2050-2055"
344,4,"2055-2060"
344,4,"2060-2065"
344,4,"2065-2070"
344,4,"2070-2075"
344,4,"2075-2080"
344,4,"2080-2085"
344,4,"2085-2090"
344,4,"2090-2095"
344,4,"2095-2100"
344,5,"2015-2020"
344,5,"2020-2025"
344,5,"2025-2030"
344,5,"2030-2035"
344,5,"2035-2040"
344,5,"2040-2045"
344,5,"2045-2050"
344,5,"2050-2055"
344,5,"2055-2060"
344,5,"2060-2065"
344,5,"2065-2070"
344,5,"2070-2075"
344,5,"2075-2080"
344,5,"2080-2085"
344,5,"2085-2090"
344,5,"2090-2095"
344,5,"2095-2100"
344,6,"2015-2020"
344,6,"2020-2025"
344,6,"2025-2030"
344,6,"2030-2035"
344,6,"2035-2040"
344,6,"2040-2045"
344,6,"2045-2050"
344,6,"2050-2055"
344,6,"2055-2060"
344,6,"2060-2065"
344,6,"2065-2070"
344,6,"2070-2075"
344,6,"2075-2080"
344,6,"2080-2085"
344,6,"2085-2090"
344,6,"2090-2095"
344,6,"2095-2100"
344,7,"2015-2020"
344,7,"2020-2025"
344,7,"2025-2030"
344,7,"2030-2035"
344,7,"2035-2040"
344,7,"2040-2045"
344,7,"2045-2050"
344,7,"2050-2055"
344,7,"2055-2060"
344,7,"2060-2065"
344,7,"2065-2070"
344,7,"2070-2075"
344,7,"2075-2080"
344,7,"2080-2085"
344,7,"2085-2090"
344,7,"2090-2095"
344,7,"2095-2100"
344,8,"2015-2020"
344,8,"2020-2025"
344,8,"2025-2030"
344,8,"2030-2035"
344,8,"2035-2040"
344,8,"2040-2045"
344,8,"2045-2050"
344,8,"2050-2055"
344,8,"2055-2060"
344,8,"2060-2065"
344,8,"2065-2070"
344,8,"2070-2075"
344,8,"2075-2080"
344,8,"2080-2085"
344,8,"2085-2090"
344,8,"2090-2095"
344,8,"2095-2100"
344,9,"2015-2020"
344,9,"2020-2025"
344,9,"2025-2030"
344,9,"2030-2035"
344,9,"2035-2040"
344,9,"2040-2045"
344,9,"2045-2050"
344,9,"2050-2055"
344,9,"2055-2060"
344,9,"2060-2065"
344,9,"2065-2070"
344,9,"2070-2075"
344,9,"2075-2080"
344,9,"2080-2085"
344,9,"2085-2090"
344,9,"2090-2095"
344,9,"2095-2100"
344,202,"2015-2020"
344,202,"2020-2025"
344,202,"2025-2030"
344,202,"2030-2035"
344,202,"2035-2040"
344,202,"2040-2045"
344,202,"2045-2050"
344,202,"2050-2055"
344,202,"2055-2060"
344,202,"2060-2065"
344,202,"2065-2070"
344,202,"2070-2075"
344,202,"2075-2080"
344,202,"2080-2085"
344,202,"2085-2090"
344,202,"2090-2095"
344,202,"2095-2100"
446,3,"2015-2020"
446,3,"2020-2025"
446,3,"2025-2030"
446,3,"2030-2035"
446,3,"2035-2040"
446,3,"2040-2045"
446,3,"2045-2050"
446,3,"2050-2055"
446,3,"2055-2060"
446,3,"2060-2065"
446,3,"2065-2070"
446,3,"2070-2075"
446,3,"2075-2080"
446,3,"2080-2085"
446,3,"2085-2090"
446,3,"2090-2095"
446,3,"2095-2100"
446,4,"2015-2020"
446,4,"2020-2025"
446,4,"2025-2030"
446,4,"2030-2035"
446,4,"2035-2040"
446,4,"2040-2045"
446,4,"2045-2050"
446,4,"2050-2055"
446,4,"2055-2060"
446,4,"2060-2065"
446,4,"2065-2070"
446,4,"2070-2075"
446,4,"2075-2080"
446,4,"2080-2085"
446,4,"2085-2090"
446,4,"2090-2095"
446,4,"2095-2100"
446,5,"2015-2020"
446,5,"2020-2025"
446,5,"2025-2030"
446,5,"2030-2035"
446,5,"2035-2040"
446,5,"2040-2045"
446,5,"2045-2050"
446,5,"2050-2055"
446,5,"2055-2060"
446,5,"2060-2065"
446,5,"2065-2070"
446,5,"2070-2075"
446,5,"2075-2080"
446,5,"2080-2085"
446,5,"2085-2090"
446,5,"2090-2095"
446,5,"2095-2100"
446,6,"2015-2020"
446,6,"2020-2025"
446,6,"2025-2030"
446,6,"2030-2035"
446,6,"2035-2040"
446,6,"2040-2045"
446,6,"2045-2050"
446,6,"2050-2055"
446,6,"2055-2060"
446,6,"2060-2065"
446,6,"2065-2070"
446,6,"2070-2075"
446,6,"2075-2080"
446,6,"2080-2085"
446,6,"2085-2090"
446,6,"2090-2095"
446,6,"2095-2100"
446,7,"2015-2020"
446,7,"2020-2025"
446,7,"2025-2030"
446,7,"2030-2035"
446,7,"2035-2040"
446,7,"2040-2045"
446,7,"2045-2050"
446,7,"2050-2055"
446,7,"2055-2060"
446,7,"2060-2065"
446,7,"2065-2070"
446,7,"2070-2075"
446,7,"2075-2080"
446,7,"2080-2085"
446,7,"2085-2090"
446,7,"2090-2095"
446,7,"2095-2100"
446,8,"2015-2020"
446,8,"2020-2025"
446,8,"2025-2030"
446,8,"2030-2035"
446,8,"2035-2040"
446,8,"2040-2045"
446,8,"2045-2050"
446,8,"2050-2055"
446,8,"2055-2060"
446,8,"2060-2065"
446,8,"2065-2070"
446,8,"2070-2075"
446,8,"2075-2080"
446,8,"2080-2085"
446,8,"2085-2090"
446,8,"2090-2095"
446,8,"2095-2100"
446,9,"2015-2020"
446,9,"2020-2025"
446,9,"2025-2030"
446,9,"2030-2035"
446,9,"2035-2040"
446,9,"2040-2045"
446,9,"2045-2050"
446,9,"2050-2055"
446,9,"2055-2060"
446,9,"2060-2065"
446,9,"2065-2070"
446,9,"2070-2075"
446,9,"2075-2080"
446,9,"2080-2085"
446,9,"2085-2090"
446,9,"2090-2095"
446,9,"2095-2100"
446,202,"2015-2020"
446,202,"2020-2025"
446,202,"2025-2030"
446,202,"2030-2035"
446,202,"2035-2040"
446,202,"2040-2045"
446,202,"2045-2050"
446,202,"2050-2055"
446,202,"2055-2060"
446,202,"2060-2065"
446,202,"2065-2070"
446,202,"2070-2075"
446,202,"2075-2080"
446,202,"2080-2085"
446,202,"2085-2090"
446,202,"2090-2095"
446,202,"2095-2100"
158,3,"2015-2020"
158,3,"2020-2025"
158,3,"2025-2030"
158,3,"2030-2035"
158,3,"2035-2040"
158,3,"2040-2045"
158,3,"2045-2050"
158,3,"2050-2055"
158,3,"2055-2060"
158,3,"2060-2065"
158,3,"2065-2070"
158,3,"2070-2075"
158,3,"2075-2080"
158,3,"2080-2085"
158,3,"2085-2090"
158,3,"2090-2095"
158,3,"2095-2100"
158,4,"2015-2020"
158,4,"2020-2025"
158,4,"2025-2030"
158,4,"2030-2035"
158,4,"2035-2040"
158,4,"2040-2045"
158,4,"2045-2050"
158,4,"2050-2055"
158,4,"2055-2060"
158,4,"2060-2065"
158,4,"2065-2070"
158,4,"2070-2075"
158,4,"2075-2080"
158,4,"2080-2085"
158,4,"2085-2090"
158,4,"2090-2095"
158,4,"2095-2100"
158,5,"2015-2020"
158,5,"2020-2025"
158,5,"2025-2030"
158,5,"2030-2035"
158,5,"2035-2040"
158,5,"2040-2045"
158,5,"2045-2050"
158,5,"2050-2055"
158,5,"2055-2060"
158,5,"2060-2065"
158,5,"2065-2070"
158,5,"2070-2075"
158,5,"2075-2080"
158,5,"2080-2085"
158,5,"2085-2090"
158,5,"2090-2095"
158,5,"2095-2100"
158,6,"2015-2020"
158,6,"2020-2025"
158,6,"2025-2030"
158,6,"2030-2035"
158,6,"2035-2040"
158,6,"2040-2045"
158,6,"2045-2050"
158,6,"2050-2055"
158,6,"2055-2060"
158,6,"2060-2065"
158,6,"2065-2070"
158,6,"2070-2075"
158,6,"2075-2080"
158,6,"2080-2085"
158,6,"2085-2090"
158,6,"2090-2095"
158,6,"2095-2100"
158,7,"2015-2020"
158,7,"2020-2025"
158,7,"2025-2030"
158,7,"2030-2035"
158,7,"2035-2040"
158,7,"2040-2045"
158,7,"2045-2050"
158,7,"2050-2055"
158,7,"2055-2060"
158,7,"2060-2065"
158,7,"2065-2070"
158,7,"2070-2075"
158,7,"2075-2080"
158,7,"2080-2085"
158,7,"2085-2090"
158,7,"2090-2095"
158,7,"2095-2100"
158,8,"2015-2020"
158,8,"2020-2025"
158,8,"2025-2030"
158,8,"2030-2035"
158,8,"2035-2040"
158,8,"2040-2045"
158,8,"2045-2050"
158,8,"2050-2055"
158,8,"2055-2060"
158,8,"2060-2065"
158,8,"2065-2070"
158,8,"2070-2075"
158,8,"2075-2080"
158,8,"2080-2085"
158,8,"2085-2090"
158,8,"2090-2095"
158,8,"2095-2100"
158,9,"2015-2020"
158,9,"2020-2025"
158,9,"2025-2030"
158,9,"2030-2035"
158,9,"2035-2040"
158,9,"2040-2045"
158,9,"2045-2050"
158,9,"2050-2055"
158,9,"2055-2060"
158,9,"2060-2065"
158,9,"2065-2070"
158,9,"2070-2075"
158,9,"2075-2080"
158,9,"2080-2085"
158,9,"2085-2090"
158,9,"2090-2095"
158,9,"2095-2100"
158,202,"2015-2020"
158,202,"2020-2025"
158,202,"2025-2030"
158,202,"2030-2035"
158,202,"2035-2040"
158,202,"2040-2045"
158,202,"2045-2050"
158,202,"2050-2055"
158,202,"2055-2060"
158,202,"2060-2065"
158,202,"2065-2070"
158,202,"2070-2075"
158,202,"2075-2080"
158,202,"2080-2085"
158,202,"2085-2090"
158,202,"2090-2095"
158,202,"2095-2100"
170,3,"2015-2020"
170,3,"2020-2025"
170,3,"2025-2030"
170,3,"2030-2035"
170,3,"2035-2040"
170,3,"2040-2045"
170,3,"2045-2050"
170,3,"2050-2055"
170,3,"2055-2060"
170,3,"2060-2065"
170,3,"2065-2070"
170,3,"2070-2075"
170,3,"2075-2080"
170,3,"2080-2085"
170,3,"2085-2090"
170,3,"2090-2095"
170,3,"2095-2100"
170,4,"2015-2020"
170,4,"2020-2025"
170,4,"2025-2030"
170,4,"2030-2035"
170,4,"2035-2040"
170,4,"2040-2045"
170,4,"2045-2050"
170,4,"2050-2055"
170,4,"2055-2060"
170,4,"2060-2065"
170,4,"2065-2070"
170,4,"2070-2075"
170,4,"2075-2080"
170,4,"2080-2085"
170,4,"2085-2090"
170,4,"2090-2095"
170,4,"2095-2100"
170,5,"2015-2020"
170,5,"2020-2025"
170,5,"2025-2030"
170,5,"2030-2035"
170,5,"2035-2040"
170,5,"2040-2045"
170,5,"2045-2050"
170,5,"2050-2055"
170,5,"2055-2060"
170,5,"2060-2065"
170,5,"2065-2070"
170,5,"2070-2075"
170,5,"2075-2080"
170,5,"2080-2085"
170,5,"2085-2090"
170,5,"2090-2095"
170,5,"2095-2100"
170,6,"2015-2020"
170,6,"2020-2025"
170,6,"2025-2030"
170,6,"2030-2035"
170,6,"2035-2040"
170,6,"2040-2045"
170,6,"2045-2050"
170,6,"2050-2055"
170,6,"2055-2060"
170,6,"2060-2065"
170,6,"2065-2070"
170,6,"2070-2075"
170,6,"2075-2080"
170,6,"2080-2085"
170,6,"2085-2090"
170,6,"2090-2095"
170,6,"2095-2100"
170,7,"2015-2020"
170,7,"2020-2025"
170,7,"2025-2030"
170,7,"2030-2035"
170,7,"2035-2040"
170,7,"2040-2045"
170,7,"2045-2050"
170,7,"2050-2055"
170,7,"2055-2060"
170,7,"2060-2065"
170,7,"2065-2070"
170,7,"2070-2075"
170,7,"2075-2080"
170,7,"2080-2085"
170,7,"2085-2090"
170,7,"2090-2095"
170,7,"2095-2100"
170,8,"2015-2020"
170,8,"2020-2025"
170,8,"2025-2030"
170,8,"2030-2035"
170,8,"2035-2040"
170,8,"2040-2045"
170,8,"2045-2050"
170,8,"2050-2055"
170,8,"2055-2060"
170,8,"2060-2065"
170,8,"2065-2070"
170,8,"2070-2075"
170,8,"2075-2080"
170,8,"2080-2085"
170,8,"2085-2090"
170,8,"2090-2095"
170,8,"2095-2100"
170,9,"2015-2020"
170,9,"2020-2025"
170,9,"2025-2030"
170,9,"2030-2035"
170,9,"2035-2040"
170,9,"2040-2045"
170,9,"2045-2050"
170,9,"2050-2055"
170,9,"2055-2060"
170,9,"2060-2065"
170,9,"2065-2070"
170,9,"2070-2075"
170,9,"2075-2080"
170,9,"2080-2085"
170,9,"2085-2090"
170,9,"2090-2095"
170,9,"2095-2100"
170,202,"2015-2020"
170,202,"2020-2025"
170,202,"2025-2030"
170,202,"2030-2035"
170,202,"2035-2040"
170,202,"2040-2045"
170,202,"2045-2050"
170,202,"2050-2055"
170,202,"2055-2060"
170,202,"2060-2065"
170,202,"2065-2070"
170,202,"2070-2075"
170,202,"2075-2080"
170,202,"2080-2085"
170,202,"2085-2090"
170,202,"2090-2095"
170,202,"2095-2100"
174,3,"2015-2020"
174,3,"2020-2025"
174,3,"2025-2030"
174,3,"2030-2035"
174,3,"2035-2040"
174,3,"2040-2045"
174,3,"2045-2050"
174,3,"2050-2055"
174,3,"2055-2060"
174,3,"2060-2065"
174,3,"2065-2070"
174,3,"2070-2075"
174,3,"2075-2080"
174,3,"2080-2085"
174,3,"2085-2090"
174,3,"2090-2095"
174,3,"2095-2100"
174,4,"2015-2020"
174,4,"2020-2025"
174,4,"2025-2030"
174,4,"2030-2035"
174,4,"2035-2040"
174,4,"2040-2045"
174,4,"2045-2050"
174,4,"2050-2055"
174,4,"2055-2060"
174,4,"2060-2065"
174,4,"2065-2070"
174,4,"2070-2075"
174,4,"2075-2080"
174,4,"2080-2085"
174,4,"2085-2090"
174,4,"2090-2095"
174,4,"2095-2100"
174,5,"2015-2020"
174,5,"2020-2025"
174,5,"2025-2030"
174,5,"2030-2035"
174,5,"2035-2040"
174,5,"2040-2045"
174,5,"2045-2050"
174,5,"2050-2055"
174,5,"2055-2060"
174,5,"2060-2065"
174,5,"2065-2070"
174,5,"2070-2075"
174,5,"2075-2080"
174,5,"2080-2085"
174,5,"2085-2090"
174,5,"2090-2095"
174,5,"2095-2100"
174,6,"2015-2020"
174,6,"2020-2025"
174,6,"2025-2030"
174,6,"2030-2035"
174,6,"2035-2040"
174,6,"2040-2045"
174,6,"2045-2050"
174,6,"2050-2055"
174,6,"2055-2060"
174,6,"2060-2065"
174,6,"2065-2070"
174,6,"2070-2075"
174,6,"2075-2080"
174,6,"2080-2085"
174,6,"2085-2090"
174,6,"2090-2095"
174,6,"2095-2100"
174,7,"2015-2020"
174,7,"2020-2025"
174,7,"2025-2030"
174,7,"2030-2035"
174,7,"2035-2040"
174,7,"2040-2045"
174,7,"2045-2050"
174,7,"2050-2055"
174,7,"2055-2060"
174,7,"2060-2065"
174,7,"2065-2070"
174,7,"2070-2075"
174,7,"2075-2080"
174,7,"2080-2085"
174,7,"2085-2090"
174,7,"2090-2095"
174,7,"2095-2100"
174,8,"2015-2020"
174,8,"2020-2025"
174,8,"2025-2030"
174,8,"2030-2035"
174,8,"2035-2040"
174,8,"2040-2045"
174,8,"2045-2050"
174,8,"2050-2055"
174,8,"2055-2060"
174,8,"2060-2065"
174,8,"2065-2070"
174,8,"2070-2075"
174,8,"2075-2080"
174,8,"2080-2085"
174,8,"2085-2090"
174,8,"2090-2095"
174,8,"2095-2100"
174,9,"2015-2020"
174,9,"2020-2025"
174,9,"2025-2030"
174,9,"2030-2035"
174,9,"2035-2040"
174,9,"2040-2045"
174,9,"2045-2050"
174,9,"2050-2055"
174,9,"2055-2060"
174,9,"2060-2065"
174,9,"2065-2070"
174,9,"2070-2075"
174,9,"2075-2080"
174,9,"2080-2085"
174,9,"2085-2090"
174,9,"2090-2095"
174,9,"2095-2100"
174,202,"2015-2020"
174,202,"2020-2025"
174,202,"2025-2030"
174,202,"2030-2035"
174,202,"2035-2040"
174,202,"2040-2045"
174,202,"2045-2050"
174,202,"2050-2055"
174,202,"2055-2060"
174,202,"2060-2065"
174,202,"2065-2070"
174,202,"2070-2075"
174,202,"2075-2080"
174,202,"2080-2085"
174,202,"2085-2090"
174,202,"2090-2095"
174,202,"2095-2100"
178,3,"2015-2020"
178,3,"2020-2025"
178,3,"2025-2030"
178,3,"2030-2035"
178,3,"2035-2040"
178,3,"2040-2045"
178,3,"2045-2050"
178,3,"2050-2055"
178,3,"2055-2060"
178,3,"2060-2065"
178,3,"2065-2070"
178,3,"2070-2075"
178,3,"2075-2080"
178,3,"2080-2085"
178,3,"2085-2090"
178,3,"2090-2095"
178,3,"2095-2100"
178,4,"2015-2020"
178,4,"2020-2025"
178,4,"2025-2030"
178,4,"2030-2035"
178,4,"2035-2040"
178,4,"2040-2045"
178,4,"2045-2050"
178,4,"2050-2055"
178,4,"2055-2060"
178,4,"2060-2065"
178,4,"2065-2070"
178,4,"2070-2075"
178,4,"2075-2080"
178,4,"2080-2085"
178,4,"2085-2090"
178,4,"2090-2095"
178,4,"2095-2100"
178,5,"2015-2020"
178,5,"2020-2025"
178,5,"2025-2030"
178,5,"2030-2035"
178,5,"2035-2040"
178,5,"2040-2045"
178,5,"2045-2050"
178,5,"2050-2055"
178,5,"2055-2060"
178,5,"2060-2065"
178,5,"2065-2070"
178,5,"2070-2075"
178,5,"2075-2080"
178,5,"2080-2085"
178,5,"2085-2090"
178,5,"2090-2095"
178,5,"2095-2100"
178,6,"2015-2020"
178,6,"2020-2025"
178,6,"2025-2030"
178,6,"2030-2035"
178,6,"2035-2040"
178,6,"2040-2045"
178,6,"2045-2050"
178,6,"2050-2055"
178,6,"2055-2060"
178,6,"2060-2065"
178,6,"2065-2070"
178,6,"2070-2075"
178,6,"2075-2080"
178,6,"2080-2085"
178,6,"2085-2090"
178,6,"2090-2095"
178,6,"2095-2100"
178,7,"2015-2020"
178,7,"2020-2025"
178,7,"2025-2030"
178,7,"2030-2035"
178,7,"2035-2040"
178,7,"2040-2045"
178,7,"2045-2050"
178,7,"2050-2055"
178,7,"2055-2060"
178,7,"2060-2065"
178,7,"2065-2070"
178,7,"2070-2075"
178,7,"2075-2080"
178,7,"2080-2085"
178,7,"2085-2090"
178,7,"2090-2095"
178,7,"2095-2100"
178,8,"2015-2020"
178,8,"2020-2025"
178,8,"2025-2030"
178,8,"2030-2035"
178,8,"2035-2040"
178,8,"2040-2045"
178,8,"2045-2050"
178,8,"2050-2055"
178,8,"2055-2060"
178,8,"2060-2065"
178,8,"2065-2070"
178,8,"2070-2075"
178,8,"2075-2080"
178,8,"2080-2085"
178,8,"2085-2090"
178,8,"2090-2095"
178,8,"2095-2100"
178,9,"2015-2020"
178,9,"2020-2025"
178,9,"2025-2030"
178,9,"2030-2035"
178,9,"2035-2040"
178,9,"2040-2045"
178,9,"2045-2050"
178,9,"2050-2055"
178,9,"2055-2060"
178,9,"2060-2065"
178,9,"2065-2070"
178,9,"2070-2075"
178,9,"2075-2080"
178,9,"2080-2085"
178,9,"2085-2090"
178,9,"2090-2095"
178,9,"2095-2100"
178,202,"2015-2020"
178,202,"2020-2025"
178,202,"2025-2030"
178,202,"2030-2035"
178,202,"2035-2040"
178,202,"2040-2045"
178,202,"2045-2050"
178,202,"2050-2055"
178,202,"2055-2060"
178,202,"2060-2065"
178,202,"2065-2070"
178,202,"2070-2075"
178,202,"2075-2080"
178,202,"2080-2085"
178,202,"2085-2090"
178,202,"2090-2095"
178,202,"2095-2100"
184,3,"2015-2020"
184,3,"2020-2025"
184,3,"2025-2030"
184,3,"2030-2035"
184,3,"2035-2040"
184,3,"2040-2045"
184,3,"2045-2050"
184,3,"2050-2055"
184,3,"2055-2060"
184,3,"2060-2065"
184,3,"2065-2070"
184,3,"2070-2075"
184,3,"2075-2080"
184,3,"2080-2085"
184,3,"2085-2090"
184,3,"2090-2095"
184,3,"2095-2100"
184,4,"2015-2020"
184,4,"2020-2025"
184,4,"2025-2030"
184,4,"2030-2035"
184,4,"2035-2040"
184,4,"2040-2045"
184,4,"2045-2050"
184,4,"2050-2055"
184,4,"2055-2060"
184,4,"2060-2065"
184,4,"2065-2070"
184,4,"2070-2075"
184,4,"2075-2080"
184,4,"2080-2085"
184,4,"2085-2090"
184,4,"2090-2095"
184,4,"2095-2100"
184,5,"2015-2020"
184,5,"2020-2025"
184,5,"2025-2030"
184,5,"2030-2035"
184,5,"2035-2040"
184,5,"2040-2045"
184,5,"2045-2050"
184,5,"2050-2055"
184,5,"2055-2060"
184,5,"2060-2065"
184,5,"2065-2070"
184,5,"2070-2075"
184,5,"2075-2080"
184,5,"2080-2085"
184,5,"2085-2090"
184,5,"2090-2095"
184,5,"2095-2100"
184,6,"2015-2020"
184,6,"2020-2025"
184,6,"2025-2030"
184,6,"2030-2035"
184,6,"2035-2040"
184,6,"2040-2045"
184,6,"2045-2050"
184,6,"2050-2055"
184,6,"2055-2060"
184,6,"2060-2065"
184,6,"2065-2070"
184,6,"2070-2075"
184,6,"2075-2080"
184,6,"2080-2085"
184,6,"2085-2090"
184,6,"2090-2095"
184,6,"2095-2100"
184,7,"2015-2020"
184,7,"2020-2025"
184,7,"2025-2030"
184,7,"2030-2035"
184,7,"2035-2040"
184,7,"2040-2045"
184,7,"2045-2050"
184,7,"2050-2055"
184,7,"2055-2060"
184,7,"2060-2065"
184,7,"2065-2070"
184,7,"2070-2075"
184,7,"2075-2080"
184,7,"2080-2085"
184,7,"2085-2090"
184,7,"2090-2095"
184,7,"2095-2100"
184,8,"2015-2020"
184,8,"2020-2025"
184,8,"2025-2030"
184,8,"2030-2035"
184,8,"2035-2040"
184,8,"2040-2045"
184,8,"2045-2050"
184,8,"2050-2055"
184,8,"2055-2060"
184,8,"2060-2065"
184,8,"2065-2070"
184,8,"2070-2075"
184,8,"2075-2080"
184,8,"2080-2085"
184,8,"2085-2090"
184,8,"2090-2095"
184,8,"2095-2100"
184,9,"2015-2020"
184,9,"2020-2025"
184,9,"2025-2030"
184,9,"2030-2035"
184,9,"2035-2040"
184,9,"2040-2045"
184,9,"2045-2050"
184,9,"2050-2055"
184,9,"2055-2060"
184,9,"2060-2065"
184,9,"2065-2070"
184,9,"2070-2075"
184,9,"2075-2080"
184,9,"2080-2085"
184,9,"2085-2090"
184,9,"2090-2095"
184,9,"2095-2100"
188,3,"2015-2020"
188,3,"2020-2025"
188,3,"2025-2030"
188,3,"2030-2035"
188,3,"2035-2040"
188,3,"2040-2045"
188,3,"2045-2050"
188,3,"2050-2055"
188,3,"2055-2060"
188,3,"2060-2065"
188,3,"2065-2070"
188,3,"2070-2075"
188,3,"2075-2080"
188,3,"2080-2085"
188,3,"2085-2090"
188,3,"2090-2095"
188,3,"2095-2100"
188,4,"2015-2020"
188,4,"2020-2025"
188,4,"2025-2030"
188,4,"2030-2035"
188,4,"2035-2040"
188,4,"2040-2045"
188,4,"2045-2050"
188,4,"2050-2055"
188,4,"2055-2060"
188,4,"2060-2065"
188,4,"2065-2070"
188,4,"2070-2075"
188,4,"2075-2080"
188,4,"2080-2085"
188,4,"2085-2090"
188,4,"2090-2095"
188,4,"2095-2100"
188,5,"2015-2020"
188,5,"2020-2025"
188,5,"2025-2030"
188,5,"2030-2035"
188,5,"2035-2040"
188,5,"2040-2045"
188,5,"2045-2050"
188,5,"2050-2055"
188,5,"2055-2060"
188,5,"2060-2065"
188,5,"2065-2070"
188,5,"2070-2075"
188,5,"2075-2080"
188,5,"2080-2085"
188,5,"2085-2090"
188,5,"2090-2095"
188,5,"2095-2100"
188,6,"2015-2020"
188,6,"2020-2025"
188,6,"2025-2030"
188,6,"2030-2035"
188,6,"2035-2040"
188,6,"2040-2045"
188,6,"2045-2050"
188,6,"2050-2055"
188,6,"2055-2060"
188,6,"2060-2065"
188,6,"2065-2070"
188,6,"2070-2075"
188,6,"2075-2080"
188,6,"2080-2085"
188,6,"2085-2090"
188,6,"2090-2095"
188,6,"2095-2100"
188,7,"2015-2020"
188,7,"2020-2025"
188,7,"2025-2030"
188,7,"2030-2035"
188,7,"2035-2040"
188,7,"2040-2045"
188,7,"2045-2050"
188,7,"2050-2055"
188,7,"2055-2060"
188,7,"2060-2065"
188,7,"2065-2070"
188,7,"2070-2075"
188,7,"2075-2080"
188,7,"2080-2085"
188,7,"2085-2090"
188,7,"2090-2095"
188,7,"2095-2100"
188,8,"2015-2020"
188,8,"2020-2025"
188,8,"2025-2030"
188,8,"2030-2035"
188,8,"2035-2040"
188,8,"2040-2045"
188,8,"2045-2050"
188,8,"2050-2055"
188,8,"2055-2060"
188,8,"2060-2065"
188,8,"2065-2070"
188,8,"2070-2075"
188,8,"2075-2080"
188,8,"2080-2085"
188,8,"2085-2090"
188,8,"2090-2095"
188,8,"2095-2100"
188,9,"2015-2020"
188,9,"2020-2025"
188,9,"2025-2030"
188,9,"2030-2035"
188,9,"2035-2040"
188,9,"2040-2045"
188,9,"2045-2050"
188,9,"2050-2055"
188,9,"2055-2060"
188,9,"2060-2065"
188,9,"2065-2070"
188,9,"2070-2075"
188,9,"2075-2080"
188,9,"2080-2085"
188,9,"2085-2090"
188,9,"2090-2095"
188,9,"2095-2100"
188,202,"2015-2020"
188,202,"2020-2025"
188,202,"2025-2030"
188,202,"2030-2035"
188,202,"2035-2040"
188,202,"2040-2045"
188,202,"2045-2050"
188,202,"2050-2055"
188,202,"2055-2060"
188,202,"2060-2065"
188,202,"2065-2070"
188,202,"2070-2075"
188,202,"2075-2080"
188,202,"2080-2085"
188,202,"2085-2090"
188,202,"2090-2095"
188,202,"2095-2100"
191,3,"2015-2020"
191,3,"2020-2025"
191,3,"2025-2030"
191,3,"2030-2035"
191,3,"2035-2040"
191,3,"2040-2045"
191,3,"2045-2050"
191,3,"2050-2055"
191,3,"2055-2060"
191,3,"2060-2065"
191,3,"2065-2070"
191,3,"2070-2075"
191,3,"2075-2080"
191,3,"2080-2085"
191,3,"2085-2090"
191,3,"2090-2095"
191,3,"2095-2100"
191,4,"2015-2020"
191,4,"2020-2025"
191,4,"2025-2030"
191,4,"2030-2035"
191,4,"2035-2040"
191,4,"2040-2045"
191,4,"2045-2050"
191,4,"2050-2055"
191,4,"2055-2060"
191,4,"2060-2065"
191,4,"2065-2070"
191,4,"2070-2075"
191,4,"2075-2080"
191,4,"2080-2085"
191,4,"2085-2090"
191,4,"2090-2095"
191,4,"2095-2100"
191,5,"2015-2020"
191,5,"2020-2025"
191,5,"2025-2030"
191,5,"2030-2035"
191,5,"2035-2040"
191,5,"2040-2045"
191,5,"2045-2050"
191,5,"2050-2055"
191,5,"2055-2060"
191,5,"2060-2065"
191,5,"2065-2070"
191,5,"2070-2075"
191,5,"2075-2080"
191,5,"2080-2085"
191,5,"2085-2090"
191,5,"2090-2095"
191,5,"2095-2100"
191,6,"2015-2020"
191,6,"2020-2025"
191,6,"2025-2030"
191,6,"2030-2035"
191,6,"2035-2040"
191,6,"2040-2045"
191,6,"2045-2050"
191,6,"2050-2055"
191,6,"2055-2060"
191,6,"2060-2065"
191,6,"2065-2070"
191,6,"2070-2075"
191,6,"2075-2080"
191,6,"2080-2085"
191,6,"2085-2090"
191,6,"2090-2095"
191,6,"2095-2100"
191,7,"2015-2020"
191,7,"2020-2025"
191,7,"2025-2030"
191,7,"2030-2035"
191,7,"2035-2040"
191,7,"2040-2045"
191,7,"2045-2050"
191,7,"2050-2055"
191,7,"2055-2060"
191,7,"2060-2065"
191,7,"2065-2070"
191,7,"2070-2075"
191,7,"2075-2080"
191,7,"2080-2085"
191,7,"2085-2090"
191,7,"2090-2095"
191,7,"2095-2100"
191,8,"2015-2020"
191,8,"2020-2025"
191,8,"2025-2030"
191,8,"2030-2035"
191,8,"2035-2040"
191,8,"2040-2045"
191,8,"2045-2050"
191,8,"2050-2055"
191,8,"2055-2060"
191,8,"2060-2065"
191,8,"2065-2070"
191,8,"2070-2075"
191,8,"2075-2080"
191,8,"2080-2085"
191,8,"2085-2090"
191,8,"2090-2095"
191,8,"2095-2100"
191,9,"2015-2020"
191,9,"2020-2025"
191,9,"2025-2030"
191,9,"2030-2035"
191,9,"2035-2040"
191,9,"2040-2045"
191,9,"2045-2050"
191,9,"2050-2055"
191,9,"2055-2060"
191,9,"2060-2065"
191,9,"2065-2070"
191,9,"2070-2075"
191,9,"2075-2080"
191,9,"2080-2085"
191,9,"2085-2090"
191,9,"2090-2095"
191,9,"2095-2100"
191,202,"2015-2020"
191,202,"2020-2025"
191,202,"2025-2030"
191,202,"2030-2035"
191,202,"2035-2040"
191,202,"2040-2045"
191,202,"2045-2050"
191,202,"2050-2055"
191,202,"2055-2060"
191,202,"2060-2065"
191,202,"2065-2070"
191,202,"2070-2075"
191,202,"2075-2080"
191,202,"2080-2085"
191,202,"2085-2090"
191,202,"2090-2095"
191,202,"2095-2100"
192,3,"2015-2020"
192,3,"2020-2025"
192,3,"2025-2030"
192,3,"2030-2035"
192,3,"2035-2040"
192,3,"2040-2045"
192,3,"2045-2050"
192,3,"2050-2055"
192,3,"2055-2060"
192,3,"2060-2065"
192,3,"2065-2070"
192,3,"2070-2075"
192,3,"2075-2080"
192,3,"2080-2085"
192,3,"2085-2090"
192,3,"2090-2095"
192,3,"2095-2100"
192,4,"2015-2020"
192,4,"2020-2025"
192,4,"2025-2030"
192,4,"2030-2035"
192,4,"2035-2040"
192,4,"2040-2045"
192,4,"2045-2050"
192,4,"2050-2055"
192,4,"2055-2060"
192,4,"2060-2065"
192,4,"2065-2070"
192,4,"2070-2075"
192,4,"2075-2080"
192,4,"2080-2085"
192,4,"2085-2090"
192,4,"2090-2095"
192,4,"2095-2100"
192,5,"2015-2020"
192,5,"2020-2025"
192,5,"2025-2030"
192,5,"2030-2035"
192,5,"2035-2040"
192,5,"2040-2045"
192,5,"2045-2050"
192,5,"2050-2055"
192,5,"2055-2060"
192,5,"2060-2065"
192,5,"2065-2070"
192,5,"2070-2075"
192,5,"2075-2080"
192,5,"2080-2085"
192,5,"2085-2090"
192,5,"2090-2095"
192,5,"2095-2100"
192,6,"2015-2020"
192,6,"2020-2025"
192,6,"2025-2030"
192,6,"2030-2035"
192,6,"2035-2040"
192,6,"2040-2045"
192,6,"2045-2050"
192,6,"2050-2055"
192,6,"2055-2060"
192,6,"2060-2065"
192,6,"2065-2070"
192,6,"2070-2075"
192,6,"2075-2080"
192,6,"2080-2085"
192,6,"2085-2090"
192,6,"2090-2095"
192,6,"2095-2100"
192,7,"2015-2020"
192,7,"2020-2025"
192,7,"2025-2030"
192,7,"2030-2035"
192,7,"2035-2040"
192,7,"2040-2045"
192,7,"2045-2050"
192,7,"2050-2055"
192,7,"2055-2060"
192,7,"2060-2065"
192,7,"2065-2070"
192,7,"2070-2075"
192,7,"2075-2080"
192,7,"2080-2085"
192,7,"2085-2090"
192,7,"2090-2095"
192,7,"2095-2100"
192,8,"2015-2020"
192,8,"2020-2025"
192,8,"2025-2030"
192,8,"2030-2035"
192,8,"2035-2040"
192,8,"2040-2045"
192,8,"2045-2050"
192,8,"2050-2055"
192,8,"2055-2060"
192,8,"2060-2065"
192,8,"2065-2070"
192,8,"2070-2075"
192,8,"2075-2080"
192,8,"2080-2085"
192,8,"2085-2090"
192,8,"2090-2095"
192,8,"2095-2100"
192,9,"2015-2020"
192,9,"2020-2025"
192,9,"2025-2030"
192,9,"2030-2035"
192,9,"2035-2040"
192,9,"2040-2045"
192,9,"2045-2050"
192,9,"2050-2055"
192,9,"2055-2060"
192,9,"2060-2065"
192,9,"2065-2070"
192,9,"2070-2075"
192,9,"2075-2080"
192,9,"2080-2085"
192,9,"2085-2090"
192,9,"2090-2095"
192,9,"2095-2100"
192,202,"2015-2020"
192,202,"2020-2025"
192,202,"2025-2030"
192,202,"2030-2035"
192,202,"2035-2040"
192,202,"2040-2045"
192,202,"2045-2050"
192,202,"2050-2055"
192,202,"2055-2060"
192,202,"2060-2065"
192,202,"2065-2070"
192,202,"2070-2075"
192,202,"2075-2080"
192,202,"2080-2085"
192,202,"2085-2090"
192,202,"2090-2095"
192,202,"2095-2100"
531,3,"2015-2020"
531,3,"2020-2025"
531,3,"2025-2030"
531,3,"2030-2035"
531,3,"2035-2040"
531,3,"2040-2045"
531,3,"2045-2050"
531,3,"2050-2055"
531,3,"2055-2060"
531,3,"2060-2065"
531,3,"2065-2070"
531,3,"2070-2075"
531,3,"2075-2080"
531,3,"2080-2085"
531,3,"2085-2090"
531,3,"2090-2095"
531,3,"2095-2100"
531,4,"2015-2020"
531,4,"2020-2025"
531,4,"2025-2030"
531,4,"2030-2035"
531,4,"2035-2040"
531,4,"2040-2045"
531,4,"2045-2050"
531,4,"2050-2055"
531,4,"2055-2060"
531,4,"2060-2065"
531,4,"2065-2070"
531,4,"2070-2075"
531,4,"2075-2080"
531,4,"2080-2085"
531,4,"2085-2090"
531,4,"2090-2095"
531,4,"2095-2100"
531,5,"2015-2020"
531,5,"2020-2025"
531,5,"2025-2030"
531,5,"2030-2035"
531,5,"2035-2040"
531,5,"2040-2045"
531,5,"2045-2050"
531,5,"2050-2055"
531,5,"2055-2060"
531,5,"2060-2065"
531,5,"2065-2070"
531,5,"2070-2075"
531,5,"2075-2080"
531,5,"2080-2085"
531,5,"2085-2090"
531,5,"2090-2095"
531,5,"2095-2100"
531,6,"2015-2020"
531,6,"2020-2025"
531,6,"2025-2030"
531,6,"2030-2035"
531,6,"2035-2040"
531,6,"2040-2045"
531,6,"2045-2050"
531,6,"2050-2055"
531,6,"2055-2060"
531,6,"2060-2065"
531,6,"2065-2070"
531,6,"2070-2075"
531,6,"2075-2080"
531,6,"2080-2085"
531,6,"2085-2090"
531,6,"2090-2095"
531,6,"2095-2100"
531,7,"2015-2020"
531,7,"2020-2025"
531,7,"2025-2030"
531,7,"2030-2035"
531,7,"2035-2040"
531,7,"2040-2045"
531,7,"2045-2050"
531,7,"2050-2055"
531,7,"2055-2060"
531,7,"2060-2065"
531,7,"2065-2070"
531,7,"2070-2075"
531,7,"2075-2080"
531,7,"2080-2085"
531,7,"2085-2090"
531,7,"2090-2095"
531,7,"2095-2100"
531,8,"2015-2020"
531,8,"2020-2025"
531,8,"2025-2030"
531,8,"2030-2035"
531,8,"2035-2040"
531,8,"2040-2045"
531,8,"2045-2050"
531,8,"2050-2055"
531,8,"2055-2060"
531,8,"2060-2065"
531,8,"2065-2070"
531,8,"2070-2075"
531,8,"2075-2080"
531,8,"2080-2085"
531,8,"2085-2090"
531,8,"2090-2095"
531,8,"2095-2100"
531,9,"2015-2020"
531,9,"2020-2025"
531,9,"2025-2030"
531,9,"2030-2035"
531,9,"2035-2040"
531,9,"2040-2045"
531,9,"2045-2050"
531,9,"2050-2055"
531,9,"2055-2060"
531,9,"2060-2065"
531,9,"2065-2070"
531,9,"2070-2075"
531,9,"2075-2080"
531,9,"2080-2085"
531,9,"2085-2090"
531,9,"2090-2095"
531,9,"2095-2100"
531,202,"2015-2020"
531,202,"2020-2025"
531,202,"2025-2030"
531,202,"2030-2035"
531,202,"2035-2040"
531,202,"2040-2045"
531,202,"2045-2050"
531,202,"2050-2055"
531,202,"2055-2060"
531,202,"2060-2065"
531,202,"2065-2070"
531,202,"2070-2075"
531,202,"2075-2080"
531,202,"2080-2085"
531,202,"2085-2090"
531,202,"2090-2095"
531,202,"2095-2100"
196,3,"2015-2020"
196,3,"2020-2025"
196,3,"2025-2030"
196,3,"2030-2035"
196,3,"2035-2040"
196,3,"2040-2045"
196,3,"2045-2050"
196,3,"2050-2055"
196,3,"2055-2060"
196,3,"2060-2065"
196,3,"2065-2070"
196,3,"2070-2075"
196,3,"2075-2080"
196,3,"2080-2085"
196,3,"2085-2090"
196,3,"2090-2095"
196,3,"2095-2100"
196,4,"2015-2020"
196,4,"2020-2025"
196,4,"2025-2030"
196,4,"2030-2035"
196,4,"2035-2040"
196,4,"2040-2045"
196,4,"2045-2050"
196,4,"2050-2055"
196,4,"2055-2060"
196,4,"2060-2065"
196,4,"2065-2070"
196,4,"2070-2075"
196,4,"2075-2080"
196,4,"2080-2085"
196,4,"2085-2090"
196,4,"2090-2095"
196,4,"2095-2100"
196,5,"2015-2020"
196,5,"2020-2025"
196,5,"2025-2030"
196,5,"2030-2035"
196,5,"2035-2040"
196,5,"2040-2045"
196,5,"2045-2050"
196,5,"2050-2055"
196,5,"2055-2060"
196,5,"2060-2065"
196,5,"2065-2070"
196,5,"2070-2075"
196,5,"2075-2080"
196,5,"2080-2085"
196,5,"2085-2090"
196,5,"2090-2095"
196,5,"2095-2100"
196,6,"2015-2020"
196,6,"2020-2025"
196,6,"2025-2030"
196,6,"2030-2035"
196,6,"2035-2040"
196,6,"2040-2045"
196,6,"2045-2050"
196,6,"2050-2055"
196,6,"2055-2060"
196,6,"2060-2065"
196,6,"2065-2070"
196,6,"2070-2075"
196,6,"2075-2080"
196,6,"2080-2085"
196,6,"2085-2090"
196,6,"2090-2095"
196,6,"2095-2100"
196,7,"2015-2020"
196,7,"2020-2025"
196,7,"2025-2030"
196,7,"2030-2035"
196,7,"2035-2040"
196,7,"2040-2045"
196,7,"2045-2050"
196,7,"2050-2055"
196,7,"2055-2060"
196,7,"2060-2065"
196,7,"2065-2070"
196,7,"2070-2075"
196,7,"2075-2080"
196,7,"2080-2085"
196,7,"2085-2090"
196,7,"2090-2095"
196,7,"2095-2100"
196,8,"2015-2020"
196,8,"2020-2025"
196,8,"2025-2030"
196,8,"2030-2035"
196,8,"2035-2040"
196,8,"2040-2045"
196,8,"2045-2050"
196,8,"2050-2055"
196,8,"2055-2060"
196,8,"2060-2065"
196,8,"2065-2070"
196,8,"2070-2075"
196,8,"2075-2080"
196,8,"2080-2085"
196,8,"2085-2090"
196,8,"2090-2095"
196,8,"2095-2100"
196,9,"2015-2020"
196,9,"2020-2025"
196,9,"2025-2030"
196,9,"2030-2035"
196,9,"2035-2040"
196,9,"2040-2045"
196,9,"2045-2050"
196,9,"2050-2055"
196,9,"2055-2060"
196,9,"2060-2065"
196,9,"2065-2070"
196,9,"2070-2075"
196,9,"2075-2080"
196,9,"2080-2085"
196,9,"2085-2090"
196,9,"2090-2095"
196,9,"2095-2100"
196,202,"2015-2020"
196,202,"2020-2025"
196,202,"2025-2030"
196,202,"2030-2035"
196,202,"2035-2040"
196,202,"2040-2045"
196,202,"2045-2050"
196,202,"2050-2055"
196,202,"2055-2060"
196,202,"2060-2065"
196,202,"2065-2070"
196,202,"2070-2075"
196,202,"2075-2080"
196,202,"2080-2085"
196,202,"2085-2090"
196,202,"2090-2095"
196,202,"2095-2100"
203,3,"2015-2020"
203,3,"2020-2025"
203,3,"2025-2030"
203,3,"2030-2035"
203,3,"2035-2040"
203,3,"2040-2045"
203,3,"2045-2050"
203,3,"2050-2055"
203,3,"2055-2060"
203,3,"2060-2065"
203,3,"2065-2070"
203,3,"2070-2075"
203,3,"2075-2080"
203,3,"2080-2085"
203,3,"2085-2090"
203,3,"2090-2095"
203,3,"2095-2100"
203,4,"2015-2020"
203,4,"2020-2025"
203,4,"2025-2030"
203,4,"2030-2035"
203,4,"2035-2040"
203,4,"2040-2045"
203,4,"2045-2050"
203,4,"2050-2055"
203,4,"2055-2060"
203,4,"2060-2065"
203,4,"2065-2070"
203,4,"2070-2075"
203,4,"2075-2080"
203,4,"2080-2085"
203,4,"2085-2090"
203,4,"2090-2095"
203,4,"2095-2100"
203,5,"2015-2020"
203,5,"2020-2025"
203,5,"2025-2030"
203,5,"2030-2035"
203,5,"2035-2040"
203,5,"2040-2045"
203,5,"2045-2050"
203,5,"2050-2055"
203,5,"2055-2060"
203,5,"2060-2065"
203,5,"2065-2070"
203,5,"2070-2075"
203,5,"2075-2080"
203,5,"2080-2085"
203,5,"2085-2090"
203,5,"2090-2095"
203,5,"2095-2100"
203,6,"2015-2020"
203,6,"2020-2025"
203,6,"2025-2030"
203,6,"2030-2035"
203,6,"2035-2040"
203,6,"2040-2045"
203,6,"2045-2050"
203,6,"2050-2055"
203,6,"2055-2060"
203,6,"2060-2065"
203,6,"2065-2070"
203,6,"2070-2075"
203,6,"2075-2080"
203,6,"2080-2085"
203,6,"2085-2090"
203,6,"2090-2095"
203,6,"2095-2100"
203,7,"2015-2020"
203,7,"2020-2025"
203,7,"2025-2030"
203,7,"2030-2035"
203,7,"2035-2040"
203,7,"2040-2045"
203,7,"2045-2050"
203,7,"2050-2055"
203,7,"2055-2060"
203,7,"2060-2065"
203,7,"2065-2070"
203,7,"2070-2075"
203,7,"2075-2080"
203,7,"2080-2085"
203,7,"2085-2090"
203,7,"2090-2095"
203,7,"2095-2100"
203,8,"2015-2020"
203,8,"2020-2025"
203,8,"2025-2030"
203,8,"2030-2035"
203,8,"2035-2040"
203,8,"2040-2045"
203,8,"2045-2050"
203,8,"2050-2055"
203,8,"2055-2060"
203,8,"2060-2065"
203,8,"2065-2070"
203,8,"2070-2075"
203,8,"2075-2080"
203,8,"2080-2085"
203,8,"2085-2090"
203,8,"2090-2095"
203,8,"2095-2100"
203,9,"2015-2020"
203,9,"2020-2025"
203,9,"2025-2030"
203,9,"2030-2035"
203,9,"2035-2040"
203,9,"2040-2045"
203,9,"2045-2050"
203,9,"2050-2055"
203,9,"2055-2060"
203,9,"2060-2065"
203,9,"2065-2070"
203,9,"2070-2075"
203,9,"2075-2080"
203,9,"2080-2085"
203,9,"2085-2090"
203,9,"2090-2095"
203,9,"2095-2100"
203,202,"2015-2020"
203,202,"2020-2025"
203,202,"2025-2030"
203,202,"2030-2035"
203,202,"2035-2040"
203,202,"2040-2045"
203,202,"2045-2050"
203,202,"2050-2055"
203,202,"2055-2060"
203,202,"2060-2065"
203,202,"2065-2070"
203,202,"2070-2075"
203,202,"2075-2080"
203,202,"2080-2085"
203,202,"2085-2090"
203,202,"2090-2095"
203,202,"2095-2100"
384,3,"2015-2020"
384,3,"2020-2025"
384,3,"2025-2030"
384,3,"2030-2035"
384,3,"2035-2040"
384,3,"2040-2045"
384,3,"2045-2050"
384,3,"2050-2055"
384,3,"2055-2060"
384,3,"2060-2065"
384,3,"2065-2070"
384,3,"2070-2075"
384,3,"2075-2080"
384,3,"2080-2085"
384,3,"2085-2090"
384,3,"2090-2095"
384,3,"2095-2100"
384,4,"2015-2020"
384,4,"2020-2025"
384,4,"2025-2030"
384,4,"2030-2035"
384,4,"2035-2040"
384,4,"2040-2045"
384,4,"2045-2050"
384,4,"2050-2055"
384,4,"2055-2060"
384,4,"2060-2065"
384,4,"2065-2070"
384,4,"2070-2075"
384,4,"2075-2080"
384,4,"2080-2085"
384,4,"2085-2090"
384,4,"2090-2095"
384,4,"2095-2100"
384,5,"2015-2020"
384,5,"2020-2025"
384,5,"2025-2030"
384,5,"2030-2035"
384,5,"2035-2040"
384,5,"2040-2045"
384,5,"2045-2050"
384,5,"2050-2055"
384,5,"2055-2060"
384,5,"2060-2065"
384,5,"2065-2070"
384,5,"2070-2075"
384,5,"2075-2080"
384,5,"2080-2085"
384,5,"2085-2090"
384,5,"2090-2095"
384,5,"2095-2100"
384,6,"2015-2020"
384,6,"2020-2025"
384,6,"2025-2030"
384,6,"2030-2035"
384,6,"2035-2040"
384,6,"2040-2045"
384,6,"2045-2050"
384,6,"2050-2055"
384,6,"2055-2060"
384,6,"2060-2065"
384,6,"2065-2070"
384,6,"2070-2075"
384,6,"2075-2080"
384,6,"2080-2085"
384,6,"2085-2090"
384,6,"2090-2095"
384,6,"2095-2100"
384,7,"2015-2020"
384,7,"2020-2025"
384,7,"2025-2030"
384,7,"2030-2035"
384,7,"2035-2040"
384,7,"2040-2045"
384,7,"2045-2050"
384,7,"2050-2055"
384,7,"2055-2060"
384,7,"2060-2065"
384,7,"2065-2070"
384,7,"2070-2075"
384,7,"2075-2080"
384,7,"2080-2085"
384,7,"2085-2090"
384,7,"2090-2095"
384,7,"2095-2100"
384,8,"2015-2020"
384,8,"2020-2025"
384,8,"2025-2030"
384,8,"2030-2035"
384,8,"2035-2040"
384,8,"2040-2045"
384,8,"2045-2050"
384,8,"2050-2055"
384,8,"2055-2060"
384,8,"2060-2065"
384,8,"2065-2070"
384,8,"2070-2075"
384,8,"2075-2080"
384,8,"2080-2085"
384,8,"2085-2090"
384,8,"2090-2095"
384,8,"2095-2100"
384,9,"2015-2020"
384,9,"2020-2025"
384,9,"2025-2030"
384,9,"2030-2035"
384,9,"2035-2040"
384,9,"2040-2045"
384,9,"2045-2050"
384,9,"2050-2055"
384,9,"2055-2060"
384,9,"2060-2065"
384,9,"2065-2070"
384,9,"2070-2075"
384,9,"2075-2080"
384,9,"2080-2085"
384,9,"2085-2090"
384,9,"2090-2095"
384,9,"2095-2100"
384,202,"2015-2020"
384,202,"2020-2025"
384,202,"2025-2030"
384,202,"2030-2035"
384,202,"2035-2040"
384,202,"2040-2045"
384,202,"2045-2050"
384,202,"2050-2055"
384,202,"2055-2060"
384,202,"2060-2065"
384,202,"2065-2070"
384,202,"2070-2075"
384,202,"2075-2080"
384,202,"2080-2085"
384,202,"2085-2090"
384,202,"2090-2095"
384,202,"2095-2100"
408,3,"2015-2020"
408,3,"2020-2025"
408,3,"2025-2030"
408,3,"2030-2035"
408,3,"2035-2040"
408,3,"2040-2045"
408,3,"2045-2050"
408,3,"2050-2055"
408,3,"2055-2060"
408,3,"2060-2065"
408,3,"2065-2070"
408,3,"2070-2075"
408,3,"2075-2080"
408,3,"2080-2085"
408,3,"2085-2090"
408,3,"2090-2095"
408,3,"2095-2100"
408,4,"2015-2020"
408,4,"2020-2025"
408,4,"2025-2030"
408,4,"2030-2035"
408,4,"2035-2040"
408,4,"2040-2045"
408,4,"2045-2050"
408,4,"2050-2055"
408,4,"2055-2060"
408,4,"2060-2065"
408,4,"2065-2070"
408,4,"2070-2075"
408,4,"2075-2080"
408,4,"2080-2085"
408,4,"2085-2090"
408,4,"2090-2095"
408,4,"2095-2100"
408,5,"2015-2020"
408,5,"2020-2025"
408,5,"2025-2030"
408,5,"2030-2035"
408,5,"2035-2040"
408,5,"2040-2045"
408,5,"2045-2050"
408,5,"2050-2055"
408,5,"2055-2060"
408,5,"2060-2065"
408,5,"2065-2070"
408,5,"2070-2075"
408,5,"2075-2080"
408,5,"2080-2085"
408,5,"2085-2090"
408,5,"2090-2095"
408,5,"2095-2100"
408,6,"2015-2020"
408,6,"2020-2025"
408,6,"2025-2030"
408,6,"2030-2035"
408,6,"2035-2040"
408,6,"2040-2045"
408,6,"2045-2050"
408,6,"2050-2055"
408,6,"2055-2060"
408,6,"2060-2065"
408,6,"2065-2070"
408,6,"2070-2075"
408,6,"2075-2080"
408,6,"2080-2085"
408,6,"2085-2090"
408,6,"2090-2095"
408,6,"2095-2100"
408,7,"2015-2020"
408,7,"2020-2025"
408,7,"2025-2030"
408,7,"2030-2035"
408,7,"2035-2040"
408,7,"2040-2045"
408,7,"2045-2050"
408,7,"2050-2055"
408,7,"2055-2060"
408,7,"2060-2065"
408,7,"2065-2070"
408,7,"2070-2075"
408,7,"2075-2080"
408,7,"2080-2085"
408,7,"2085-2090"
408,7,"2090-2095"
408,7,"2095-2100"
408,8,"2015-2020"
408,8,"2020-2025"
408,8,"2025-2030"
408,8,"2030-2035"
408,8,"2035-2040"
408,8,"2040-2045"
408,8,"2045-2050"
408,8,"2050-2055"
408,8,"2055-2060"
408,8,"2060-2065"
408,8,"2065-2070"
408,8,"2070-2075"
408,8,"2075-2080"
408,8,"2080-2085"
408,8,"2085-2090"
408,8,"2090-2095"
408,8,"2095-2100"
408,9,"2015-2020"
408,9,"2020-2025"
408,9,"2025-2030"
408,9,"2030-2035"
408,9,"2035-2040"
408,9,"2040-2045"
408,9,"2045-2050"
408,9,"2050-2055"
408,9,"2055-2060"
408,9,"2060-2065"
408,9,"2065-2070"
408,9,"2070-2075"
408,9,"2075-2080"
408,9,"2080-2085"
408,9,"2085-2090"
408,9,"2090-2095"
408,9,"2095-2100"
408,202,"2015-2020"
408,202,"2020-2025"
408,202,"2025-2030"
408,202,"2030-2035"
408,202,"2035-2040"
408,202,"2040-2045"
408,202,"2045-2050"
408,202,"2050-2055"
408,202,"2055-2060"
408,202,"2060-2065"
408,202,"2065-2070"
408,202,"2070-2075"
408,202,"2075-2080"
408,202,"2080-2085"
408,202,"2085-2090"
408,202,"2090-2095"
408,202,"2095-2100"
180,3,"2015-2020"
180,3,"2020-2025"
180,3,"2025-2030"
180,3,"2030-2035"
180,3,"2035-2040"
180,3,"2040-2045"
180,3,"2045-2050"
180,3,"2050-2055"
180,3,"2055-2060"
180,3,"2060-2065"
180,3,"2065-2070"
180,3,"2070-2075"
180,3,"2075-2080"
180,3,"2080-2085"
180,3,"2085-2090"
180,3,"2090-2095"
180,3,"2095-2100"
180,4,"2015-2020"
180,4,"2020-2025"
180,4,"2025-2030"
180,4,"2030-2035"
180,4,"2035-2040"
180,4,"2040-2045"
180,4,"2045-2050"
180,4,"2050-2055"
180,4,"2055-2060"
180,4,"2060-2065"
180,4,"2065-2070"
180,4,"2070-2075"
180,4,"2075-2080"
180,4,"2080-2085"
180,4,"2085-2090"
180,4,"2090-2095"
180,4,"2095-2100"
180,5,"2015-2020"
180,5,"2020-2025"
180,5,"2025-2030"
180,5,"2030-2035"
180,5,"2035-2040"
180,5,"2040-2045"
180,5,"2045-2050"
180,5,"2050-2055"
180,5,"2055-2060"
180,5,"2060-2065"
180,5,"2065-2070"
180,5,"2070-2075"
180,5,"2075-2080"
180,5,"2080-2085"
180,5,"2085-2090"
180,5,"2090-2095"
180,5,"2095-2100"
180,6,"2015-2020"
180,6,"2020-2025"
180,6,"2025-2030"
180,6,"2030-2035"
180,6,"2035-2040"
180,6,"2040-2045"
180,6,"2045-2050"
180,6,"2050-2055"
180,6,"2055-2060"
180,6,"2060-2065"
180,6,"2065-2070"
180,6,"2070-2075"
180,6,"2075-2080"
180,6,"2080-2085"
180,6,"2085-2090"
180,6,"2090-2095"
180,6,"2095-2100"
180,7,"2015-2020"
180,7,"2020-2025"
180,7,"2025-2030"
180,7,"2030-2035"
180,7,"2035-2040"
180,7,"2040-2045"
180,7,"2045-2050"
180,7,"2050-2055"
180,7,"2055-2060"
180,7,"2060-2065"
180,7,"2065-2070"
180,7,"2070-2075"
180,7,"2075-2080"
180,7,"2080-2085"
180,7,"2085-2090"
180,7,"2090-2095"
180,7,"2095-2100"
180,8,"2015-2020"
180,8,"2020-2025"
180,8,"2025-2030"
180,8,"2030-2035"
180,8,"2035-2040"
180,8,"2040-2045"
180,8,"2045-2050"
180,8,"2050-2055"
180,8,"2055-2060"
180,8,"2060-2065"
180,8,"2065-2070"
180,8,"2070-2075"
180,8,"2075-2080"
180,8,"2080-2085"
180,8,"2085-2090"
180,8,"2090-2095"
180,8,"2095-2100"
180,9,"2015-2020"
180,9,"2020-2025"
180,9,"2025-2030"
180,9,"2030-2035"
180,9,"2035-2040"
180,9,"2040-2045"
180,9,"2045-2050"
180,9,"2050-2055"
180,9,"2055-2060"
180,9,"2060-2065"
180,9,"2065-2070"
180,9,"2070-2075"
180,9,"2075-2080"
180,9,"2080-2085"
180,9,"2085-2090"
180,9,"2090-2095"
180,9,"2095-2100"
180,202,"2015-2020"
180,202,"2020-2025"
180,202,"2025-2030"
180,202,"2030-2035"
180,202,"2035-2040"
180,202,"2040-2045"
180,202,"2045-2050"
180,202,"2050-2055"
180,202,"2055-2060"
180,202,"2060-2065"
180,202,"2065-2070"
180,202,"2070-2075"
180,202,"2075-2080"
180,202,"2080-2085"
180,202,"2085-2090"
180,202,"2090-2095"
180,202,"2095-2100"
208,3,"2015-2020"
208,3,"2020-2025"
208,3,"2025-2030"
208,3,"2030-2035"
208,3,"2035-2040"
208,3,"2040-2045"
208,3,"2045-2050"
208,3,"2050-2055"
208,3,"2055-2060"
208,3,"2060-2065"
208,3,"2065-2070"
208,3,"2070-2075"
208,3,"2075-2080"
208,3,"2080-2085"
208,3,"2085-2090"
208,3,"2090-2095"
208,3,"2095-2100"
208,4,"2015-2020"
208,4,"2020-2025"
208,4,"2025-2030"
208,4,"2030-2035"
208,4,"2035-2040"
208,4,"2040-2045"
208,4,"2045-2050"
208,4,"2050-2055"
208,4,"2055-2060"
208,4,"2060-2065"
208,4,"2065-2070"
208,4,"2070-2075"
208,4,"2075-2080"
208,4,"2080-2085"
208,4,"2085-2090"
208,4,"2090-2095"
208,4,"2095-2100"
208,5,"2015-2020"
208,5,"2020-2025"
208,5,"2025-2030"
208,5,"2030-2035"
208,5,"2035-2040"
208,5,"2040-2045"
208,5,"2045-2050"
208,5,"2050-2055"
208,5,"2055-2060"
208,5,"2060-2065"
208,5,"2065-2070"
208,5,"2070-2075"
208,5,"2075-2080"
208,5,"2080-2085"
208,5,"2085-2090"
208,5,"2090-2095"
208,5,"2095-2100"
208,6,"2015-2020"
208,6,"2020-2025"
208,6,"2025-2030"
208,6,"2030-2035"
208,6,"2035-2040"
208,6,"2040-2045"
208,6,"2045-2050"
208,6,"2050-2055"
208,6,"2055-2060"
208,6,"2060-2065"
208,6,"2065-2070"
208,6,"2070-2075"
208,6,"2075-2080"
208,6,"2080-2085"
208,6,"2085-2090"
208,6,"2090-2095"
208,6,"2095-2100"
208,7,"2015-2020"
208,7,"2020-2025"
208,7,"2025-2030"
208,7,"2030-2035"
208,7,"2035-2040"
208,7,"2040-2045"
208,7,"2045-2050"
208,7,"2050-2055"
208,7,"2055-2060"
208,7,"2060-2065"
208,7,"2065-2070"
208,7,"2070-2075"
208,7,"2075-2080"
208,7,"2080-2085"
208,7,"2085-2090"
208,7,"2090-2095"
208,7,"2095-2100"
208,8,"2015-2020"
208,8,"2020-2025"
208,8,"2025-2030"
208,8,"2030-2035"
208,8,"2035-2040"
208,8,"2040-2045"
208,8,"2045-2050"
208,8,"2050-2055"
208,8,"2055-2060"
208,8,"2060-2065"
208,8,"2065-2070"
208,8,"2070-2075"
208,8,"2075-2080"
208,8,"2080-2085"
208,8,"2085-2090"
208,8,"2090-2095"
208,8,"2095-2100"
208,9,"2015-2020"
208,9,"2020-2025"
208,9,"2025-2030"
208,9,"2030-2035"
208,9,"2035-2040"
208,9,"2040-2045"
208,9,"2045-2050"
208,9,"2050-2055"
208,9,"2055-2060"
208,9,"2060-2065"
208,9,"2065-2070"
208,9,"2070-2075"
208,9,"2075-2080"
208,9,"2080-2085"
208,9,"2085-2090"
208,9,"2090-2095"
208,9,"2095-2100"
208,202,"2015-2020"
208,202,"2020-2025"
208,202,"2025-2030"
208,202,"2030-2035"
208,202,"2035-2040"
208,202,"2040-2045"
208,202,"2045-2050"
208,202,"2050-2055"
208,202,"2055-2060"
208,202,"2060-2065"
208,202,"2065-2070"
208,202,"2070-2075"
208,202,"2075-2080"
208,202,"2080-2085"
208,202,"2085-2090"
208,202,"2090-2095"
208,202,"2095-2100"
262,3,"2015-2020"
262,3,"2020-2025"
262,3,"2025-2030"
262,3,"2030-2035"
262,3,"2035-2040"
262,3,"2040-2045"
262,3,"2045-2050"
262,3,"2050-2055"
262,3,"2055-2060"
262,3,"2060-2065"
262,3,"2065-2070"
262,3,"2070-2075"
262,3,"2075-2080"
262,3,"2080-2085"
262,3,"2085-2090"
262,3,"2090-2095"
262,3,"2095-2100"
262,4,"2015-2020"
262,4,"2020-2025"
262,4,"2025-2030"
262,4,"2030-2035"
262,4,"2035-2040"
262,4,"2040-2045"
262,4,"2045-2050"
262,4,"2050-2055"
262,4,"2055-2060"
262,4,"2060-2065"
262,4,"2065-2070"
262,4,"2070-2075"
262,4,"2075-2080"
262,4,"2080-2085"
262,4,"2085-2090"
262,4,"2090-2095"
262,4,"2095-2100"
262,5,"2015-2020"
262,5,"2020-2025"
262,5,"2025-2030"
262,5,"2030-2035"
262,5,"2035-2040"
262,5,"2040-2045"
262,5,"2045-2050"
262,5,"2050-2055"
262,5,"2055-2060"
262,5,"2060-2065"
262,5,"2065-2070"
262,5,"2070-2075"
262,5,"2075-2080"
262,5,"2080-2085"
262,5,"2085-2090"
262,5,"2090-2095"
262,5,"2095-2100"
262,6,"2015-2020"
262,6,"2020-2025"
262,6,"2025-2030"
262,6,"2030-2035"
262,6,"2035-2040"
262,6,"2040-2045"
262,6,"2045-2050"
262,6,"2050-2055"
262,6,"2055-2060"
262,6,"2060-2065"
262,6,"2065-2070"
262,6,"2070-2075"
262,6,"2075-2080"
262,6,"2080-2085"
262,6,"2085-2090"
262,6,"2090-2095"
262,6,"2095-2100"
262,7,"2015-2020"
262,7,"2020-2025"
262,7,"2025-2030"
262,7,"2030-2035"
262,7,"2035-2040"
262,7,"2040-2045"
262,7,"2045-2050"
262,7,"2050-2055"
262,7,"2055-2060"
262,7,"2060-2065"
262,7,"2065-2070"
262,7,"2070-2075"
262,7,"2075-2080"
262,7,"2080-2085"
262,7,"2085-2090"
262,7,"2090-2095"
262,7,"2095-2100"
262,8,"2015-2020"
262,8,"2020-2025"
262,8,"2025-2030"
262,8,"2030-2035"
262,8,"2035-2040"
262,8,"2040-2045"
262,8,"2045-2050"
262,8,"2050-2055"
262,8,"2055-2060"
262,8,"2060-2065"
262,8,"2065-2070"
262,8,"2070-2075"
262,8,"2075-2080"
262,8,"2080-2085"
262,8,"2085-2090"
262,8,"2090-2095"
262,8,"2095-2100"
262,9,"2015-2020"
262,9,"2020-2025"
262,9,"2025-2030"
262,9,"2030-2035"
262,9,"2035-2040"
262,9,"2040-2045"
262,9,"2045-2050"
262,9,"2050-2055"
262,9,"2055-2060"
262,9,"2060-2065"
262,9,"2065-2070"
262,9,"2070-2075"
262,9,"2075-2080"
262,9,"2080-2085"
262,9,"2085-2090"
262,9,"2090-2095"
262,9,"2095-2100"
262,202,"2015-2020"
262,202,"2020-2025"
262,202,"2025-2030"
262,202,"2030-2035"
262,202,"2035-2040"
262,202,"2040-2045"
262,202,"2045-2050"
262,202,"2050-2055"
262,202,"2055-2060"
262,202,"2060-2065"
262,202,"2065-2070"
262,202,"2070-2075"
262,202,"2075-2080"
262,202,"2080-2085"
262,202,"2085-2090"
262,202,"2090-2095"
262,202,"2095-2100"
212,3,"2015-2020"
212,3,"2020-2025"
212,3,"2025-2030"
212,3,"2030-2035"
212,3,"2035-2040"
212,3,"2040-2045"
212,3,"2045-2050"
212,3,"2050-2055"
212,3,"2055-2060"
212,3,"2060-2065"
212,3,"2065-2070"
212,3,"2070-2075"
212,3,"2075-2080"
212,3,"2080-2085"
212,3,"2085-2090"
212,3,"2090-2095"
212,3,"2095-2100"
212,4,"2015-2020"
212,4,"2020-2025"
212,4,"2025-2030"
212,4,"2030-2035"
212,4,"2035-2040"
212,4,"2040-2045"
212,4,"2045-2050"
212,4,"2050-2055"
212,4,"2055-2060"
212,4,"2060-2065"
212,4,"2065-2070"
212,4,"2070-2075"
212,4,"2075-2080"
212,4,"2080-2085"
212,4,"2085-2090"
212,4,"2090-2095"
212,4,"2095-2100"
212,5,"2015-2020"
212,5,"2020-2025"
212,5,"2025-2030"
212,5,"2030-2035"
212,5,"2035-2040"
212,5,"2040-2045"
212,5,"2045-2050"
212,5,"2050-2055"
212,5,"2055-2060"
212,5,"2060-2065"
212,5,"2065-2070"
212,5,"2070-2075"
212,5,"2075-2080"
212,5,"2080-2085"
212,5,"2085-2090"
212,5,"2090-2095"
212,5,"2095-2100"
212,6,"2015-2020"
212,6,"2020-2025"
212,6,"2025-2030"
212,6,"2030-2035"
212,6,"2035-2040"
212,6,"2040-2045"
212,6,"2045-2050"
212,6,"2050-2055"
212,6,"2055-2060"
212,6,"2060-2065"
212,6,"2065-2070"
212,6,"2070-2075"
212,6,"2075-2080"
212,6,"2080-2085"
212,6,"2085-2090"
212,6,"2090-2095"
212,6,"2095-2100"
212,7,"2015-2020"
212,7,"2020-2025"
212,7,"2025-2030"
212,7,"2030-2035"
212,7,"2035-2040"
212,7,"2040-2045"
212,7,"2045-2050"
212,7,"2050-2055"
212,7,"2055-2060"
212,7,"2060-2065"
212,7,"2065-2070"
212,7,"2070-2075"
212,7,"2075-2080"
212,7,"2080-2085"
212,7,"2085-2090"
212,7,"2090-2095"
212,7,"2095-2100"
212,8,"2015-2020"
212,8,"2020-2025"
212,8,"2025-2030"
212,8,"2030-2035"
212,8,"2035-2040"
212,8,"2040-2045"
212,8,"2045-2050"
212,8,"2050-2055"
212,8,"2055-2060"
212,8,"2060-2065"
212,8,"2065-2070"
212,8,"2070-2075"
212,8,"2075-2080"
212,8,"2080-2085"
212,8,"2085-2090"
212,8,"2090-2095"
212,8,"2095-2100"
212,9,"2015-2020"
212,9,"2020-2025"
212,9,"2025-2030"
212,9,"2030-2035"
212,9,"2035-2040"
212,9,"2040-2045"
212,9,"2045-2050"
212,9,"2050-2055"
212,9,"2055-2060"
212,9,"2060-2065"
212,9,"2065-2070"
212,9,"2070-2075"
212,9,"2075-2080"
212,9,"2080-2085"
212,9,"2085-2090"
212,9,"2090-2095"
212,9,"2095-2100"
214,3,"2015-2020"
214,3,"2020-2025"
214,3,"2025-2030"
214,3,"2030-2035"
214,3,"2035-2040"
214,3,"2040-2045"
214,3,"2045-2050"
214,3,"2050-2055"
214,3,"2055-2060"
214,3,"2060-2065"
214,3,"2065-2070"
214,3,"2070-2075"
214,3,"2075-2080"
214,3,"2080-2085"
214,3,"2085-2090"
214,3,"2090-2095"
214,3,"2095-2100"
214,4,"2015-2020"
214,4,"2020-2025"
214,4,"2025-2030"
214,4,"2030-2035"
214,4,"2035-2040"
214,4,"2040-2045"
214,4,"2045-2050"
214,4,"2050-2055"
214,4,"2055-2060"
214,4,"2060-2065"
214,4,"2065-2070"
214,4,"2070-2075"
214,4,"2075-2080"
214,4,"2080-2085"
214,4,"2085-2090"
214,4,"2090-2095"
214,4,"2095-2100"
214,5,"2015-2020"
214,5,"2020-2025"
214,5,"2025-2030"
214,5,"2030-2035"
214,5,"2035-2040"
214,5,"2040-2045"
214,5,"2045-2050"
214,5,"2050-2055"
214,5,"2055-2060"
214,5,"2060-2065"
214,5,"2065-2070"
214,5,"2070-2075"
214,5,"2075-2080"
214,5,"2080-2085"
214,5,"2085-2090"
214,5,"2090-2095"
214,5,"2095-2100"
214,6,"2015-2020"
214,6,"2020-2025"
214,6,"2025-2030"
214,6,"2030-2035"
214,6,"2035-2040"
214,6,"2040-2045"
214,6,"2045-2050"
214,6,"2050-2055"
214,6,"2055-2060"
214,6,"2060-2065"
214,6,"2065-2070"
214,6,"2070-2075"
214,6,"2075-2080"
214,6,"2080-2085"
214,6,"2085-2090"
214,6,"2090-2095"
214,6,"2095-2100"
214,7,"2015-2020"
214,7,"2020-2025"
214,7,"2025-2030"
214,7,"2030-2035"
214,7,"2035-2040"
214,7,"2040-2045"
214,7,"2045-2050"
214,7,"2050-2055"
214,7,"2055-2060"
214,7,"2060-2065"
214,7,"2065-2070"
214,7,"2070-2075"
214,7,"2075-2080"
214,7,"2080-2085"
214,7,"2085-2090"
214,7,"2090-2095"
214,7,"2095-2100"
214,8,"2015-2020"
214,8,"2020-2025"
214,8,"2025-2030"
214,8,"2030-2035"
214,8,"2035-2040"
214,8,"2040-2045"
214,8,"2045-2050"
214,8,"2050-2055"
214,8,"2055-2060"
214,8,"2060-2065"
214,8,"2065-2070"
214,8,"2070-2075"
214,8,"2075-2080"
214,8,"2080-2085"
214,8,"2085-2090"
214,8,"2090-2095"
214,8,"2095-2100"
214,9,"2015-2020"
214,9,"2020-2025"
214,9,"2025-2030"
214,9,"2030-2035"
214,9,"2035-2040"
214,9,"2040-2045"
214,9,"2045-2050"
214,9,"2050-2055"
214,9,"2055-2060"
214,9,"2060-2065"
214,9,"2065-2070"
214,9,"2070-2075"
214,9,"2075-2080"
214,9,"2080-2085"
214,9,"2085-2090"
214,9,"2090-2095"
214,9,"2095-2100"
214,202,"2015-2020"
214,202,"2020-2025"
214,202,"2025-2030"
214,202,"2030-2035"
214,202,"2035-2040"
214,202,"2040-2045"
214,202,"2045-2050"
214,202,"2050-2055"
214,202,"2055-2060"
214,202,"2060-2065"
214,202,"2065-2070"
214,202,"2070-2075"
214,202,"2075-2080"
214,202,"2080-2085"
214,202,"2085-2090"
214,202,"2090-2095"
214,202,"2095-2100"
910,3,"2015-2020"
910,3,"2020-2025"
910,3,"2025-2030"
910,3,"2030-2035"
910,3,"2035-2040"
910,3,"2040-2045"
910,3,"2045-2050"
910,3,"2050-2055"
910,3,"2055-2060"
910,3,"2060-2065"
910,3,"2065-2070"
910,3,"2070-2075"
910,3,"2075-2080"
910,3,"2080-2085"
910,3,"2085-2090"
910,3,"2090-2095"
910,3,"2095-2100"
910,4,"2015-2020"
910,4,"2020-2025"
910,4,"2025-2030"
910,4,"2030-2035"
910,4,"2035-2040"
910,4,"2040-2045"
910,4,"2045-2050"
910,4,"2050-2055"
910,4,"2055-2060"
910,4,"2060-2065"
910,4,"2065-2070"
910,4,"2070-2075"
910,4,"2075-2080"
910,4,"2080-2085"
910,4,"2085-2090"
910,4,"2090-2095"
910,4,"2095-2100"
910,5,"2015-2020"
910,5,"2020-2025"
910,5,"2025-2030"
910,5,"2030-2035"
910,5,"2035-2040"
910,5,"2040-2045"
910,5,"2045-2050"
910,5,"2050-2055"
910,5,"2055-2060"
910,5,"2060-2065"
910,5,"2065-2070"
910,5,"2070-2075"
910,5,"2075-2080"
910,5,"2080-2085"
910,5,"2085-2090"
910,5,"2090-2095"
910,5,"2095-2100"
910,6,"2015-2020"
910,6,"2020-2025"
910,6,"2025-2030"
910,6,"2030-2035"
910,6,"2035-2040"
910,6,"2040-2045"
910,6,"2045-2050"
910,6,"2050-2055"
910,6,"2055-2060"
910,6,"2060-2065"
910,6,"2065-2070"
910,6,"2070-2075"
910,6,"2075-2080"
910,6,"2080-2085"
910,6,"2085-2090"
910,6,"2090-2095"
910,6,"2095-2100"
910,7,"2015-2020"
910,7,"2020-2025"
910,7,"2025-2030"
910,7,"2030-2035"
910,7,"2035-2040"
910,7,"2040-2045"
910,7,"2045-2050"
910,7,"2050-2055"
910,7,"2055-2060"
910,7,"2060-2065"
910,7,"2065-2070"
910,7,"2070-2075"
910,7,"2075-2080"
910,7,"2080-2085"
910,7,"2085-2090"
910,7,"2090-2095"
910,7,"2095-2100"
910,8,"2015-2020"
910,8,"2020-2025"
910,8,"2025-2030"
910,8,"2030-2035"
910,8,"2035-2040"
910,8,"2040-2045"
910,8,"2045-2050"
910,8,"2050-2055"
910,8,"2055-2060"
910,8,"2060-2065"
910,8,"2065-2070"
910,8,"2070-2075"
910,8,"2075-2080"
910,8,"2080-2085"
910,8,"2085-2090"
910,8,"2090-2095"
910,8,"2095-2100"
910,9,"2015-2020"
910,9,"2020-2025"
910,9,"2025-2030"
910,9,"2030-2035"
910,9,"2035-2040"
910,9,"2040-2045"
910,9,"2045-2050"
910,9,"2050-2055"
910,9,"2055-2060"
910,9,"2060-2065"
910,9,"2065-2070"
910,9,"2070-2075"
910,9,"2075-2080"
910,9,"2080-2085"
910,9,"2085-2090"
910,9,"2090-2095"
910,9,"2095-2100"
906,3,"2015-2020"
906,3,"2020-2025"
906,3,"2025-2030"
906,3,"2030-2035"
906,3,"2035-2040"
906,3,"2040-2045"
906,3,"2045-2050"
906,3,"2050-2055"
906,3,"2055-2060"
906,3,"2060-2065"
906,3,"2065-2070"
906,3,"2070-2075"
906,3,"2075-2080"
906,3,"2080-2085"
906,3,"2085-2090"
906,3,"2090-2095"
906,3,"2095-2100"
906,4,"2015-2020"
906,4,"2020-2025"
906,4,"2025-2030"
906,4,"2030-2035"
906,4,"2035-2040"
906,4,"2040-2045"
906,4,"2045-2050"
906,4,"2050-2055"
906,4,"2055-2060"
906,4,"2060-2065"
906,4,"2065-2070"
906,4,"2070-2075"
906,4,"2075-2080"
906,4,"2080-2085"
906,4,"2085-2090"
906,4,"2090-2095"
906,4,"2095-2100"
906,5,"2015-2020"
906,5,"2020-2025"
906,5,"2025-2030"
906,5,"2030-2035"
906,5,"2035-2040"
906,5,"2040-2045"
906,5,"2045-2050"
906,5,"2050-2055"
906,5,"2055-2060"
906,5,"2060-2065"
906,5,"2065-2070"
906,5,"2070-2075"
906,5,"2075-2080"
906,5,"2080-2085"
906,5,"2085-2090"
906,5,"2090-2095"
906,5,"2095-2100"
906,6,"2015-2020"
906,6,"2020-2025"
906,6,"2025-2030"
906,6,"2030-2035"
906,6,"2035-2040"
906,6,"2040-2045"
906,6,"2045-2050"
906,6,"2050-2055"
906,6,"2055-2060"
906,6,"2060-2065"
906,6,"2065-2070"
906,6,"2070-2075"
906,6,"2075-2080"
906,6,"2080-2085"
906,6,"2085-2090"
906,6,"2090-2095"
906,6,"2095-2100"
906,7,"2015-2020"
906,7,"2020-2025"
906,7,"2025-2030"
906,7,"2030-2035"
906,7,"2035-2040"
906,7,"2040-2045"
906,7,"2045-2050"
906,7,"2050-2055"
906,7,"2055-2060"
906,7,"2060-2065"
906,7,"2065-2070"
906,7,"2070-2075"
906,7,"2075-2080"
906,7,"2080-2085"
906,7,"2085-2090"
906,7,"2090-2095"
906,7,"2095-2100"
906,8,"2015-2020"
906,8,"2020-2025"
906,8,"2025-2030"
906,8,"2030-2035"
906,8,"2035-2040"
906,8,"2040-2045"
906,8,"2045-2050"
906,8,"2050-2055"
906,8,"2055-2060"
906,8,"2060-2065"
906,8,"2065-2070"
906,8,"2070-2075"
906,8,"2075-2080"
906,8,"2080-2085"
906,8,"2085-2090"
906,8,"2090-2095"
906,8,"2095-2100"
906,9,"2015-2020"
906,9,"2020-2025"
906,9,"2025-2030"
906,9,"2030-2035"
906,9,"2035-2040"
906,9,"2040-2045"
906,9,"2045-2050"
906,9,"2050-2055"
906,9,"2055-2060"
906,9,"2060-2065"
906,9,"2065-2070"
906,9,"2070-2075"
906,9,"2075-2080"
906,9,"2080-2085"
906,9,"2085-2090"
906,9,"2090-2095"
906,9,"2095-2100"
923,3,"2015-2020"
923,3,"2020-2025"
923,3,"2025-2030"
923,3,"2030-2035"
923,3,"2035-2040"
923,3,"2040-2045"
923,3,"2045-2050"
923,3,"2050-2055"
923,3,"2055-2060"
923,3,"2060-2065"
923,3,"2065-2070"
923,3,"2070-2075"
923,3,"2075-2080"
923,3,"2080-2085"
923,3,"2085-2090"
923,3,"2090-2095"
923,3,"2095-2100"
923,4,"2015-2020"
923,4,"2020-2025"
923,4,"2025-2030"
923,4,"2030-2035"
923,4,"2035-2040"
923,4,"2040-2045"
923,4,"2045-2050"
923,4,"2050-2055"
923,4,"2055-2060"
923,4,"2060-2065"
923,4,"2065-2070"
923,4,"2070-2075"
923,4,"2075-2080"
923,4,"2080-2085"
923,4,"2085-2090"
923,4,"2090-2095"
923,4,"2095-2100"
923,5,"2015-2020"
923,5,"2020-2025"
923,5,"2025-2030"
923,5,"2030-2035"
923,5,"2035-2040"
923,5,"2040-2045"
923,5,"2045-2050"
923,5,"2050-2055"
923,5,"2055-2060"
923,5,"2060-2065"
923,5,"2065-2070"
923,5,"2070-2075"
923,5,"2075-2080"
923,5,"2080-2085"
923,5,"2085-2090"
923,5,"2090-2095"
923,5,"2095-2100"
923,6,"2015-2020"
923,6,"2020-2025"
923,6,"2025-2030"
923,6,"2030-2035"
923,6,"2035-2040"
923,6,"2040-2045"
923,6,"2045-2050"
923,6,"2050-2055"
923,6,"2055-2060"
923,6,"2060-2065"
923,6,"2065-2070"
923,6,"2070-2075"
923,6,"2075-2080"
923,6,"2080-2085"
923,6,"2085-2090"
923,6,"2090-2095"
923,6,"2095-2100"
923,7,"2015-2020"
923,7,"2020-2025"
923,7,"2025-2030"
923,7,"2030-2035"
923,7,"2035-2040"
923,7,"2040-2045"
923,7,"2045-2050"
923,7,"2050-2055"
923,7,"2055-2060"
923,7,"2060-2065"
923,7,"2065-2070"
923,7,"2070-2075"
923,7,"2075-2080"
923,7,"2080-2085"
923,7,"2085-2090"
923,7,"2090-2095"
923,7,"2095-2100"
923,8,"2015-2020"
923,8,"2020-2025"
923,8,"2025-2030"
923,8,"2030-2035"
923,8,"2035-2040"
923,8,"2040-2045"
923,8,"2045-2050"
923,8,"2050-2055"
923,8,"2055-2060"
923,8,"2060-2065"
923,8,"2065-2070"
923,8,"2070-2075"
923,8,"2075-2080"
923,8,"2080-2085"
923,8,"2085-2090"
923,8,"2090-2095"
923,8,"2095-2100"
923,9,"2015-2020"
923,9,"2020-2025"
923,9,"2025-2030"
923,9,"2030-2035"
923,9,"2035-2040"
923,9,"2040-2045"
923,9,"2045-2050"
923,9,"2050-2055"
923,9,"2055-2060"
923,9,"2060-2065"
923,9,"2065-2070"
923,9,"2070-2075"
923,9,"2075-2080"
923,9,"2080-2085"
923,9,"2085-2090"
923,9,"2090-2095"
923,9,"2095-2100"
218,3,"2015-2020"
218,3,"2020-2025"
218,3,"2025-2030"
218,3,"2030-2035"
218,3,"2035-2040"
218,3,"2040-2045"
218,3,"2045-2050"
218,3,"2050-2055"
218,3,"2055-2060"
218,3,"2060-2065"
218,3,"2065-2070"
218,3,"2070-2075"
218,3,"2075-2080"
218,3,"2080-2085"
218,3,"2085-2090"
218,3,"2090-2095"
218,3,"2095-2100"
218,4,"2015-2020"
218,4,"2020-2025"
218,4,"2025-2030"
218,4,"2030-2035"
218,4,"2035-2040"
218,4,"2040-2045"
218,4,"2045-2050"
218,4,"2050-2055"
218,4,"2055-2060"
218,4,"2060-2065"
218,4,"2065-2070"
218,4,"2070-2075"
218,4,"2075-2080"
218,4,"2080-2085"
218,4,"2085-2090"
218,4,"2090-2095"
218,4,"2095-2100"
218,5,"2015-2020"
218,5,"2020-2025"
218,5,"2025-2030"
218,5,"2030-2035"
218,5,"2035-2040"
218,5,"2040-2045"
218,5,"2045-2050"
218,5,"2050-2055"
218,5,"2055-2060"
218,5,"2060-2065"
218,5,"2065-2070"
218,5,"2070-2075"
218,5,"2075-2080"
218,5,"2080-2085"
218,5,"2085-2090"
218,5,"2090-2095"
218,5,"2095-2100"
218,6,"2015-2020"
218,6,"2020-2025"
218,6,"2025-2030"
218,6,"2030-2035"
218,6,"2035-2040"
218,6,"2040-2045"
218,6,"2045-2050"
218,6,"2050-2055"
218,6,"2055-2060"
218,6,"2060-2065"
218,6,"2065-2070"
218,6,"2070-2075"
218,6,"2075-2080"
218,6,"2080-2085"
218,6,"2085-2090"
218,6,"2090-2095"
218,6,"2095-2100"
218,7,"2015-2020"
218,7,"2020-2025"
218,7,"2025-2030"
218,7,"2030-2035"
218,7,"2035-2040"
218,7,"2040-2045"
218,7,"2045-2050"
218,7,"2050-2055"
218,7,"2055-2060"
218,7,"2060-2065"
218,7,"2065-2070"
218,7,"2070-2075"
218,7,"2075-2080"
218,7,"2080-2085"
218,7,"2085-2090"
218,7,"2090-2095"
218,7,"2095-2100"
218,8,"2015-2020"
218,8,"2020-2025"
218,8,"2025-2030"
218,8,"2030-2035"
218,8,"2035-2040"
218,8,"2040-2045"
218,8,"2045-2050"
218,8,"2050-2055"
218,8,"2055-2060"
218,8,"2060-2065"
218,8,"2065-2070"
218,8,"2070-2075"
218,8,"2075-2080"
218,8,"2080-2085"
218,8,"2085-2090"
218,8,"2090-2095"
218,8,"2095-2100"
218,9,"2015-2020"
218,9,"2020-2025"
218,9,"2025-2030"
218,9,"2030-2035"
218,9,"2035-2040"
218,9,"2040-2045"
218,9,"2045-2050"
218,9,"2050-2055"
218,9,"2055-2060"
218,9,"2060-2065"
218,9,"2065-2070"
218,9,"2070-2075"
218,9,"2075-2080"
218,9,"2080-2085"
218,9,"2085-2090"
218,9,"2090-2095"
218,9,"2095-2100"
218,202,"2015-2020"
218,202,"2020-2025"
218,202,"2025-2030"
218,202,"2030-2035"
218,202,"2035-2040"
218,202,"2040-2045"
218,202,"2045-2050"
218,202,"2050-2055"
218,202,"2055-2060"
218,202,"2060-2065"
218,202,"2065-2070"
218,202,"2070-2075"
218,202,"2075-2080"
218,202,"2080-2085"
218,202,"2085-2090"
218,202,"2090-2095"
218,202,"2095-2100"
818,3,"2015-2020"
818,3,"2020-2025"
818,3,"2025-2030"
818,3,"2030-2035"
818,3,"2035-2040"
818,3,"2040-2045"
818,3,"2045-2050"
818,3,"2050-2055"
818,3,"2055-2060"
818,3,"2060-2065"
818,3,"2065-2070"
818,3,"2070-2075"
818,3,"2075-2080"
818,3,"2080-2085"
818,3,"2085-2090"
818,3,"2090-2095"
818,3,"2095-2100"
818,4,"2015-2020"
818,4,"2020-2025"
818,4,"2025-2030"
818,4,"2030-2035"
818,4,"2035-2040"
818,4,"2040-2045"
818,4,"2045-2050"
818,4,"2050-2055"
818,4,"2055-2060"
818,4,"2060-2065"
818,4,"2065-2070"
818,4,"2070-2075"
818,4,"2075-2080"
818,4,"2080-2085"
818,4,"2085-2090"
818,4,"2090-2095"
818,4,"2095-2100"
818,5,"2015-2020"
818,5,"2020-2025"
818,5,"2025-2030"
818,5,"2030-2035"
818,5,"2035-2040"
818,5,"2040-2045"
818,5,"2045-2050"
818,5,"2050-2055"
818,5,"2055-2060"
818,5,"2060-2065"
818,5,"2065-2070"
818,5,"2070-2075"
818,5,"2075-2080"
818,5,"2080-2085"
818,5,"2085-2090"
818,5,"2090-2095"
818,5,"2095-2100"
818,6,"2015-2020"
818,6,"2020-2025"
818,6,"2025-2030"
818,6,"2030-2035"
818,6,"2035-2040"
818,6,"2040-2045"
818,6,"2045-2050"
818,6,"2050-2055"
818,6,"2055-2060"
818,6,"2060-2065"
818,6,"2065-2070"
818,6,"2070-2075"
818,6,"2075-2080"
818,6,"2080-2085"
818,6,"2085-2090"
818,6,"2090-2095"
818,6,"2095-2100"
818,7,"2015-2020"
818,7,"2020-2025"
818,7,"2025-2030"
818,7,"2030-2035"
818,7,"2035-2040"
818,7,"2040-2045"
818,7,"2045-2050"
818,7,"2050-2055"
818,7,"2055-2060"
818,7,"2060-2065"
818,7,"2065-2070"
818,7,"2070-2075"
818,7,"2075-2080"
818,7,"2080-2085"
818,7,"2085-2090"
818,7,"2090-2095"
818,7,"2095-2100"
818,8,"2015-2020"
818,8,"2020-2025"
818,8,"2025-2030"
818,8,"2030-2035"
818,8,"2035-2040"
818,8,"2040-2045"
818,8,"2045-2050"
818,8,"2050-2055"
818,8,"2055-2060"
818,8,"2060-2065"
818,8,"2065-2070"
818,8,"2070-2075"
818,8,"2075-2080"
818,8,"2080-2085"
818,8,"2085-2090"
818,8,"2090-2095"
818,8,"2095-2100"
818,9,"2015-2020"
818,9,"2020-2025"
818,9,"2025-2030"
818,9,"2030-2035"
818,9,"2035-2040"
818,9,"2040-2045"
818,9,"2045-2050"
818,9,"2050-2055"
818,9,"2055-2060"
818,9,"2060-2065"
818,9,"2065-2070"
818,9,"2070-2075"
818,9,"2075-2080"
818,9,"2080-2085"
818,9,"2085-2090"
818,9,"2090-2095"
818,9,"2095-2100"
818,202,"2015-2020"
818,202,"2020-2025"
818,202,"2025-2030"
818,202,"2030-2035"
818,202,"2035-2040"
818,202,"2040-2045"
818,202,"2045-2050"
818,202,"2050-2055"
818,202,"2055-2060"
818,202,"2060-2065"
818,202,"2065-2070"
818,202,"2070-2075"
818,202,"2075-2080"
818,202,"2080-2085"
818,202,"2085-2090"
818,202,"2090-2095"
818,202,"2095-2100"
222,3,"2015-2020"
222,3,"2020-2025"
222,3,"2025-2030"
222,3,"2030-2035"
222,3,"2035-2040"
222,3,"2040-2045"
222,3,"2045-2050"
222,3,"2050-2055"
222,3,"2055-2060"
222,3,"2060-2065"
222,3,"2065-2070"
222,3,"2070-2075"
222,3,"2075-2080"
222,3,"2080-2085"
222,3,"2085-2090"
222,3,"2090-2095"
222,3,"2095-2100"
222,4,"2015-2020"
222,4,"2020-2025"
222,4,"2025-2030"
222,4,"2030-2035"
222,4,"2035-2040"
222,4,"2040-2045"
222,4,"2045-2050"
222,4,"2050-2055"
222,4,"2055-2060"
222,4,"2060-2065"
222,4,"2065-2070"
222,4,"2070-2075"
222,4,"2075-2080"
222,4,"2080-2085"
222,4,"2085-2090"
222,4,"2090-2095"
222,4,"2095-2100"
222,5,"2015-2020"
222,5,"2020-2025"
222,5,"2025-2030"
222,5,"2030-2035"
222,5,"2035-2040"
222,5,"2040-2045"
222,5,"2045-2050"
222,5,"2050-2055"
222,5,"2055-2060"
222,5,"2060-2065"
222,5,"2065-2070"
222,5,"2070-2075"
222,5,"2075-2080"
222,5,"2080-2085"
222,5,"2085-2090"
222,5,"2090-2095"
222,5,"2095-2100"
222,6,"2015-2020"
222,6,"2020-2025"
222,6,"2025-2030"
222,6,"2030-2035"
222,6,"2035-2040"
222,6,"2040-2045"
222,6,"2045-2050"
222,6,"2050-2055"
222,6,"2055-2060"
222,6,"2060-2065"
222,6,"2065-2070"
222,6,"2070-2075"
222,6,"2075-2080"
222,6,"2080-2085"
222,6,"2085-2090"
222,6,"2090-2095"
222,6,"2095-2100"
222,7,"2015-2020"
222,7,"2020-2025"
222,7,"2025-2030"
222,7,"2030-2035"
222,7,"2035-2040"
222,7,"2040-2045"
222,7,"2045-2050"
222,7,"2050-2055"
222,7,"2055-2060"
222,7,"2060-2065"
222,7,"2065-2070"
222,7,"2070-2075"
222,7,"2075-2080"
222,7,"2080-2085"
222,7,"2085-2090"
222,7,"2090-2095"
222,7,"2095-2100"
222,8,"2015-2020"
222,8,"2020-2025"
222,8,"2025-2030"
222,8,"2030-2035"
222,8,"2035-2040"
222,8,"2040-2045"
222,8,"2045-2050"
222,8,"2050-2055"
222,8,"2055-2060"
222,8,"2060-2065"
222,8,"2065-2070"
222,8,"2070-2075"
222,8,"2075-2080"
222,8,"2080-2085"
222,8,"2085-2090"
222,8,"2090-2095"
222,8,"2095-2100"
222,9,"2015-2020"
222,9,"2020-2025"
222,9,"2025-2030"
222,9,"2030-2035"
222,9,"2035-2040"
222,9,"2040-2045"
222,9,"2045-2050"
222,9,"2050-2055"
222,9,"2055-2060"
222,9,"2060-2065"
222,9,"2065-2070"
222,9,"2070-2075"
222,9,"2075-2080"
222,9,"2080-2085"
222,9,"2085-2090"
222,9,"2090-2095"
222,9,"2095-2100"
222,202,"2015-2020"
222,202,"2020-2025"
222,202,"2025-2030"
222,202,"2030-2035"
222,202,"2035-2040"
222,202,"2040-2045"
222,202,"2045-2050"
222,202,"2050-2055"
222,202,"2055-2060"
222,202,"2060-2065"
222,202,"2065-2070"
222,202,"2070-2075"
222,202,"2075-2080"
222,202,"2080-2085"
222,202,"2085-2090"
222,202,"2090-2095"
222,202,"2095-2100"
226,3,"2015-2020"
226,3,"2020-2025"
226,3,"2025-2030"
226,3,"2030-2035"
226,3,"2035-2040"
226,3,"2040-2045"
226,3,"2045-2050"
226,3,"2050-2055"
226,3,"2055-2060"
226,3,"2060-2065"
226,3,"2065-2070"
226,3,"2070-2075"
226,3,"2075-2080"
226,3,"2080-2085"
226,3,"2085-2090"
226,3,"2090-2095"
226,3,"2095-2100"
226,4,"2015-2020"
226,4,"2020-2025"
226,4,"2025-2030"
226,4,"2030-2035"
226,4,"2035-2040"
226,4,"2040-2045"
226,4,"2045-2050"
226,4,"2050-2055"
226,4,"2055-2060"
226,4,"2060-2065"
226,4,"2065-2070"
226,4,"2070-2075"
226,4,"2075-2080"
226,4,"2080-2085"
226,4,"2085-2090"
226,4,"2090-2095"
226,4,"2095-2100"
226,5,"2015-2020"
226,5,"2020-2025"
226,5,"2025-2030"
226,5,"2030-2035"
226,5,"2035-2040"
226,5,"2040-2045"
226,5,"2045-2050"
226,5,"2050-2055"
226,5,"2055-2060"
226,5,"2060-2065"
226,5,"2065-2070"
226,5,"2070-2075"
226,5,"2075-2080"
226,5,"2080-2085"
226,5,"2085-2090"
226,5,"2090-2095"
226,5,"2095-2100"
226,6,"2015-2020"
226,6,"2020-2025"
226,6,"2025-2030"
226,6,"2030-2035"
226,6,"2035-2040"
226,6,"2040-2045"
226,6,"2045-2050"
226,6,"2050-2055"
226,6,"2055-2060"
226,6,"2060-2065"
226,6,"2065-2070"
226,6,"2070-2075"
226,6,"2075-2080"
226,6,"2080-2085"
226,6,"2085-2090"
226,6,"2090-2095"
226,6,"2095-2100"
226,7,"2015-2020"
226,7,"2020-2025"
226,7,"2025-2030"
226,7,"2030-2035"
226,7,"2035-2040"
226,7,"2040-2045"
226,7,"2045-2050"
226,7,"2050-2055"
226,7,"2055-2060"
226,7,"2060-2065"
226,7,"2065-2070"
226,7,"2070-2075"
226,7,"2075-2080"
226,7,"2080-2085"
226,7,"2085-2090"
226,7,"2090-2095"
226,7,"2095-2100"
226,8,"2015-2020"
226,8,"2020-2025"
226,8,"2025-2030"
226,8,"2030-2035"
226,8,"2035-2040"
226,8,"2040-2045"
226,8,"2045-2050"
226,8,"2050-2055"
226,8,"2055-2060"
226,8,"2060-2065"
226,8,"2065-2070"
226,8,"2070-2075"
226,8,"2075-2080"
226,8,"2080-2085"
226,8,"2085-2090"
226,8,"2090-2095"
226,8,"2095-2100"
226,9,"2015-2020"
226,9,"2020-2025"
226,9,"2025-2030"
226,9,"2030-2035"
226,9,"2035-2040"
226,9,"2040-2045"
226,9,"2045-2050"
226,9,"2050-2055"
226,9,"2055-2060"
226,9,"2060-2065"
226,9,"2065-2070"
226,9,"2070-2075"
226,9,"2075-2080"
226,9,"2080-2085"
226,9,"2085-2090"
226,9,"2090-2095"
226,9,"2095-2100"
226,202,"2015-2020"
226,202,"2020-2025"
226,202,"2025-2030"
226,202,"2030-2035"
226,202,"2035-2040"
226,202,"2040-2045"
226,202,"2045-2050"
226,202,"2050-2055"
226,202,"2055-2060"
226,202,"2060-2065"
226,202,"2065-2070"
226,202,"2070-2075"
226,202,"2075-2080"
226,202,"2080-2085"
226,202,"2085-2090"
226,202,"2090-2095"
226,202,"2095-2100"
232,3,"2015-2020"
232,3,"2020-2025"
232,3,"2025-2030"
232,3,"2030-2035"
232,3,"2035-2040"
232,3,"2040-2045"
232,3,"2045-2050"
232,3,"2050-2055"
232,3,"2055-2060"
232,3,"2060-2065"
232,3,"2065-2070"
232,3,"2070-2075"
232,3,"2075-2080"
232,3,"2080-2085"
232,3,"2085-2090"
232,3,"2090-2095"
232,3,"2095-2100"
232,4,"2015-2020"
232,4,"2020-2025"
232,4,"2025-2030"
232,4,"2030-2035"
232,4,"2035-2040"
232,4,"2040-2045"
232,4,"2045-2050"
232,4,"2050-2055"
232,4,"2055-2060"
232,4,"2060-2065"
232,4,"2065-2070"
232,4,"2070-2075"
232,4,"2075-2080"
232,4,"2080-2085"
232,4,"2085-2090"
232,4,"2090-2095"
232,4,"2095-2100"
232,5,"2015-2020"
232,5,"2020-2025"
232,5,"2025-2030"
232,5,"2030-2035"
232,5,"2035-2040"
232,5,"2040-2045"
232,5,"2045-2050"
232,5,"2050-2055"
232,5,"2055-2060"
232,5,"2060-2065"
232,5,"2065-2070"
232,5,"2070-2075"
232,5,"2075-2080"
232,5,"2080-2085"
232,5,"2085-2090"
232,5,"2090-2095"
232,5,"2095-2100"
232,6,"2015-2020"
232,6,"2020-2025"
232,6,"2025-2030"
232,6,"2030-2035"
232,6,"2035-2040"
232,6,"2040-2045"
232,6,"2045-2050"
232,6,"2050-2055"
232,6,"2055-2060"
232,6,"2060-2065"
232,6,"2065-2070"
232,6,"2070-2075"
232,6,"2075-2080"
232,6,"2080-2085"
232,6,"2085-2090"
232,6,"2090-2095"
232,6,"2095-2100"
232,7,"2015-2020"
232,7,"2020-2025"
232,7,"2025-2030"
232,7,"2030-2035"
232,7,"2035-2040"
232,7,"2040-2045"
232,7,"2045-2050"
232,7,"2050-2055"
232,7,"2055-2060"
232,7,"2060-2065"
232,7,"2065-2070"
232,7,"2070-2075"
232,7,"2075-2080"
232,7,"2080-2085"
232,7,"2085-2090"
232,7,"2090-2095"
232,7,"2095-2100"
232,8,"2015-2020"
232,8,"2020-2025"
232,8,"2025-2030"
232,8,"2030-2035"
232,8,"2035-2040"
232,8,"2040-2045"
232,8,"2045-2050"
232,8,"2050-2055"
232,8,"2055-2060"
232,8,"2060-2065"
232,8,"2065-2070"
232,8,"2070-2075"
232,8,"2075-2080"
232,8,"2080-2085"
232,8,"2085-2090"
232,8,"2090-2095"
232,8,"2095-2100"
232,9,"2015-2020"
232,9,"2020-2025"
232,9,"2025-2030"
232,9,"2030-2035"
232,9,"2035-2040"
232,9,"2040-2045"
232,9,"2045-2050"
232,9,"2050-2055"
232,9,"2055-2060"
232,9,"2060-2065"
232,9,"2065-2070"
232,9,"2070-2075"
232,9,"2075-2080"
232,9,"2080-2085"
232,9,"2085-2090"
232,9,"2090-2095"
232,9,"2095-2100"
232,202,"2015-2020"
232,202,"2020-2025"
232,202,"2025-2030"
232,202,"2030-2035"
232,202,"2035-2040"
232,202,"2040-2045"
232,202,"2045-2050"
232,202,"2050-2055"
232,202,"2055-2060"
232,202,"2060-2065"
232,202,"2065-2070"
232,202,"2070-2075"
232,202,"2075-2080"
232,202,"2080-2085"
232,202,"2085-2090"
232,202,"2090-2095"
232,202,"2095-2100"
233,3,"2015-2020"
233,3,"2020-2025"
233,3,"2025-2030"
233,3,"2030-2035"
233,3,"2035-2040"
233,3,"2040-2045"
233,3,"2045-2050"
233,3,"2050-2055"
233,3,"2055-2060"
233,3,"2060-2065"
233,3,"2065-2070"
233,3,"2070-2075"
233,3,"2075-2080"
233,3,"2080-2085"
233,3,"2085-2090"
233,3,"2090-2095"
233,3,"2095-2100"
233,4,"2015-2020"
233,4,"2020-2025"
233,4,"2025-2030"
233,4,"2030-2035"
233,4,"2035-2040"
233,4,"2040-2045"
233,4,"2045-2050"
233,4,"2050-2055"
233,4,"2055-2060"
233,4,"2060-2065"
233,4,"2065-2070"
233,4,"2070-2075"
233,4,"2075-2080"
233,4,"2080-2085"
233,4,"2085-2090"
233,4,"2090-2095"
233,4,"2095-2100"
233,5,"2015-2020"
233,5,"2020-2025"
233,5,"2025-2030"
233,5,"2030-2035"
233,5,"2035-2040"
233,5,"2040-2045"
233,5,"2045-2050"
233,5,"2050-2055"
233,5,"2055-2060"
233,5,"2060-2065"
233,5,"2065-2070"
233,5,"2070-2075"
233,5,"2075-2080"
233,5,"2080-2085"
233,5,"2085-2090"
233,5,"2090-2095"
233,5,"2095-2100"
233,6,"2015-2020"
233,6,"2020-2025"
233,6,"2025-2030"
233,6,"2030-2035"
233,6,"2035-2040"
233,6,"2040-2045"
233,6,"2045-2050"
233,6,"2050-2055"
233,6,"2055-2060"
233,6,"2060-2065"
233,6,"2065-2070"
233,6,"2070-2075"
233,6,"2075-2080"
233,6,"2080-2085"
233,6,"2085-2090"
233,6,"2090-2095"
233,6,"2095-2100"
233,7,"2015-2020"
233,7,"2020-2025"
233,7,"2025-2030"
233,7,"2030-2035"
233,7,"2035-2040"
233,7,"2040-2045"
233,7,"2045-2050"
233,7,"2050-2055"
233,7,"2055-2060"
233,7,"2060-2065"
233,7,"2065-2070"
233,7,"2070-2075"
233,7,"2075-2080"
233,7,"2080-2085"
233,7,"2085-2090"
233,7,"2090-2095"
233,7,"2095-2100"
233,8,"2015-2020"
233,8,"2020-2025"
233,8,"2025-2030"
233,8,"2030-2035"
233,8,"2035-2040"
233,8,"2040-2045"
233,8,"2045-2050"
233,8,"2050-2055"
233,8,"2055-2060"
233,8,"2060-2065"
233,8,"2065-2070"
233,8,"2070-2075"
233,8,"2075-2080"
233,8,"2080-2085"
233,8,"2085-2090"
233,8,"2090-2095"
233,8,"2095-2100"
233,9,"2015-2020"
233,9,"2020-2025"
233,9,"2025-2030"
233,9,"2030-2035"
233,9,"2035-2040"
233,9,"2040-2045"
233,9,"2045-2050"
233,9,"2050-2055"
233,9,"2055-2060"
233,9,"2060-2065"
233,9,"2065-2070"
233,9,"2070-2075"
233,9,"2075-2080"
233,9,"2080-2085"
233,9,"2085-2090"
233,9,"2090-2095"
233,9,"2095-2100"
233,202,"2015-2020"
233,202,"2020-2025"
233,202,"2025-2030"
233,202,"2030-2035"
233,202,"2035-2040"
233,202,"2040-2045"
233,202,"2045-2050"
233,202,"2050-2055"
233,202,"2055-2060"
233,202,"2060-2065"
233,202,"2065-2070"
233,202,"2070-2075"
233,202,"2075-2080"
233,202,"2080-2085"
233,202,"2085-2090"
233,202,"2090-2095"
233,202,"2095-2100"
748,3,"2015-2020"
748,3,"2020-2025"
748,3,"2025-2030"
748,3,"2030-2035"
748,3,"2035-2040"
748,3,"2040-2045"
748,3,"2045-2050"
748,3,"2050-2055"
748,3,"2055-2060"
748,3,"2060-2065"
748,3,"2065-2070"
748,3,"2070-2075"
748,3,"2075-2080"
748,3,"2080-2085"
748,3,"2085-2090"
748,3,"2090-2095"
748,3,"2095-2100"
748,4,"2015-2020"
748,4,"2020-2025"
748,4,"2025-2030"
748,4,"2030-2035"
748,4,"2035-2040"
748,4,"2040-2045"
748,4,"2045-2050"
748,4,"2050-2055"
748,4,"2055-2060"
748,4,"2060-2065"
748,4,"2065-2070"
748,4,"2070-2075"
748,4,"2075-2080"
748,4,"2080-2085"
748,4,"2085-2090"
748,4,"2090-2095"
748,4,"2095-2100"
748,5,"2015-2020"
748,5,"2020-2025"
748,5,"2025-2030"
748,5,"2030-2035"
748,5,"2035-2040"
748,5,"2040-2045"
748,5,"2045-2050"
748,5,"2050-2055"
748,5,"2055-2060"
748,5,"2060-2065"
748,5,"2065-2070"
748,5,"2070-2075"
748,5,"2075-2080"
748,5,"2080-2085"
748,5,"2085-2090"
748,5,"2090-2095"
748,5,"2095-2100"
748,6,"2015-2020"
748,6,"2020-2025"
748,6,"2025-2030"
748,6,"2030-2035"
748,6,"2035-2040"
748,6,"2040-2045"
748,6,"2045-2050"
748,6,"2050-2055"
748,6,"2055-2060"
748,6,"2060-2065"
748,6,"2065-2070"
748,6,"2070-2075"
748,6,"2075-2080"
748,6,"2080-2085"
748,6,"2085-2090"
748,6,"2090-2095"
748,6,"2095-2100"
748,7,"2015-2020"
748,7,"2020-2025"
748,7,"2025-2030"
748,7,"2030-2035"
748,7,"2035-2040"
748,7,"2040-2045"
748,7,"2045-2050"
748,7,"2050-2055"
748,7,"2055-2060"
748,7,"2060-2065"
748,7,"2065-2070"
748,7,"2070-2075"
748,7,"2075-2080"
748,7,"2080-2085"
748,7,"2085-2090"
748,7,"2090-2095"
748,7,"2095-2100"
748,8,"2015-2020"
748,8,"2020-2025"
748,8,"2025-2030"
748,8,"2030-2035"
748,8,"2035-2040"
748,8,"2040-2045"
748,8,"2045-2050"
748,8,"2050-2055"
748,8,"2055-2060"
748,8,"2060-2065"
748,8,"2065-2070"
748,8,"2070-2075"
748,8,"2075-2080"
748,8,"2080-2085"
748,8,"2085-2090"
748,8,"2090-2095"
748,8,"2095-2100"
748,9,"2015-2020"
748,9,"2020-2025"
748,9,"2025-2030"
748,9,"2030-2035"
748,9,"2035-2040"
748,9,"2040-2045"
748,9,"2045-2050"
748,9,"2050-2055"
748,9,"2055-2060"
748,9,"2060-2065"
748,9,"2065-2070"
748,9,"2070-2075"
748,9,"2075-2080"
748,9,"2080-2085"
748,9,"2085-2090"
748,9,"2090-2095"
748,9,"2095-2100"
748,202,"2015-2020"
748,202,"2020-2025"
748,202,"2025-2030"
748,202,"2030-2035"
748,202,"2035-2040"
748,202,"2040-2045"
748,202,"2045-2050"
748,202,"2050-2055"
748,202,"2055-2060"
748,202,"2060-2065"
748,202,"2065-2070"
748,202,"2070-2075"
748,202,"2075-2080"
748,202,"2080-2085"
748,202,"2085-2090"
748,202,"2090-2095"
748,202,"2095-2100"
231,3,"2015-2020"
231,3,"2020-2025"
231,3,"2025-2030"
231,3,"2030-2035"
231,3,"2035-2040"
231,3,"2040-2045"
231,3,"2045-2050"
231,3,"2050-2055"
231,3,"2055-2060"
231,3,"2060-2065"
231,3,"2065-2070"
231,3,"2070-2075"
231,3,"2075-2080"
231,3,"2080-2085"
231,3,"2085-2090"
231,3,"2090-2095"
231,3,"2095-2100"
231,4,"2015-2020"
231,4,"2020-2025"
231,4,"2025-2030"
231,4,"2030-2035"
231,4,"2035-2040"
231,4,"2040-2045"
231,4,"2045-2050"
231,4,"2050-2055"
231,4,"2055-2060"
231,4,"2060-2065"
231,4,"2065-2070"
231,4,"2070-2075"
231,4,"2075-2080"
231,4,"2080-2085"
231,4,"2085-2090"
231,4,"2090-2095"
231,4,"2095-2100"
231,5,"2015-2020"
231,5,"2020-2025"
231,5,"2025-2030"
231,5,"2030-2035"
231,5,"2035-2040"
231,5,"2040-2045"
231,5,"2045-2050"
231,5,"2050-2055"
231,5,"2055-2060"
231,5,"2060-2065"
231,5,"2065-2070"
231,5,"2070-2075"
231,5,"2075-2080"
231,5,"2080-2085"
231,5,"2085-2090"
231,5,"2090-2095"
231,5,"2095-2100"
231,6,"2015-2020"
231,6,"2020-2025"
231,6,"2025-2030"
231,6,"2030-2035"
231,6,"2035-2040"
231,6,"2040-2045"
231,6,"2045-2050"
231,6,"2050-2055"
231,6,"2055-2060"
231,6,"2060-2065"
231,6,"2065-2070"
231,6,"2070-2075"
231,6,"2075-2080"
231,6,"2080-2085"
231,6,"2085-2090"
231,6,"2090-2095"
231,6,"2095-2100"
231,7,"2015-2020"
231,7,"2020-2025"
231,7,"2025-2030"
231,7,"2030-2035"
231,7,"2035-2040"
231,7,"2040-2045"
231,7,"2045-2050"
231,7,"2050-2055"
231,7,"2055-2060"
231,7,"2060-2065"
231,7,"2065-2070"
231,7,"2070-2075"
231,7,"2075-2080"
231,7,"2080-2085"
231,7,"2085-2090"
231,7,"2090-2095"
231,7,"2095-2100"
231,8,"2015-2020"
231,8,"2020-2025"
231,8,"2025-2030"
231,8,"2030-2035"
231,8,"2035-2040"
231,8,"2040-2045"
231,8,"2045-2050"
231,8,"2050-2055"
231,8,"2055-2060"
231,8,"2060-2065"
231,8,"2065-2070"
231,8,"2070-2075"
231,8,"2075-2080"
231,8,"2080-2085"
231,8,"2085-2090"
231,8,"2090-2095"
231,8,"2095-2100"
231,9,"2015-2020"
231,9,"2020-2025"
231,9,"2025-2030"
231,9,"2030-2035"
231,9,"2035-2040"
231,9,"2040-2045"
231,9,"2045-2050"
231,9,"2050-2055"
231,9,"2055-2060"
231,9,"2060-2065"
231,9,"2065-2070"
231,9,"2070-2075"
231,9,"2075-2080"
231,9,"2080-2085"
231,9,"2085-2090"
231,9,"2090-2095"
231,9,"2095-2100"
231,202,"2015-2020"
231,202,"2020-2025"
231,202,"2025-2030"
231,202,"2030-2035"
231,202,"2035-2040"
231,202,"2040-2045"
231,202,"2045-2050"
231,202,"2050-2055"
231,202,"2055-2060"
231,202,"2060-2065"
231,202,"2065-2070"
231,202,"2070-2075"
231,202,"2075-2080"
231,202,"2080-2085"
231,202,"2085-2090"
231,202,"2090-2095"
231,202,"2095-2100"
908,3,"2015-2020"
908,3,"2020-2025"
908,3,"2025-2030"
908,3,"2030-2035"
908,3,"2035-2040"
908,3,"2040-2045"
908,3,"2045-2050"
908,3,"2050-2055"
908,3,"2055-2060"
908,3,"2060-2065"
908,3,"2065-2070"
908,3,"2070-2075"
908,3,"2075-2080"
908,3,"2080-2085"
908,3,"2085-2090"
908,3,"2090-2095"
908,3,"2095-2100"
908,4,"2015-2020"
908,4,"2020-2025"
908,4,"2025-2030"
908,4,"2030-2035"
908,4,"2035-2040"
908,4,"2040-2045"
908,4,"2045-2050"
908,4,"2050-2055"
908,4,"2055-2060"
908,4,"2060-2065"
908,4,"2065-2070"
908,4,"2070-2075"
908,4,"2075-2080"
908,4,"2080-2085"
908,4,"2085-2090"
908,4,"2090-2095"
908,4,"2095-2100"
908,5,"2015-2020"
908,5,"2020-2025"
908,5,"2025-2030"
908,5,"2030-2035"
908,5,"2035-2040"
908,5,"2040-2045"
908,5,"2045-2050"
908,5,"2050-2055"
908,5,"2055-2060"
908,5,"2060-2065"
908,5,"2065-2070"
908,5,"2070-2075"
908,5,"2075-2080"
908,5,"2080-2085"
908,5,"2085-2090"
908,5,"2090-2095"
908,5,"2095-2100"
908,6,"2015-2020"
908,6,"2020-2025"
908,6,"2025-2030"
908,6,"2030-2035"
908,6,"2035-2040"
908,6,"2040-2045"
908,6,"2045-2050"
908,6,"2050-2055"
908,6,"2055-2060"
908,6,"2060-2065"
908,6,"2065-2070"
908,6,"2070-2075"
908,6,"2075-2080"
908,6,"2080-2085"
908,6,"2085-2090"
908,6,"2090-2095"
908,6,"2095-2100"
908,7,"2015-2020"
908,7,"2020-2025"
908,7,"2025-2030"
908,7,"2030-2035"
908,7,"2035-2040"
908,7,"2040-2045"
908,7,"2045-2050"
908,7,"2050-2055"
908,7,"2055-2060"
908,7,"2060-2065"
908,7,"2065-2070"
908,7,"2070-2075"
908,7,"2075-2080"
908,7,"2080-2085"
908,7,"2085-2090"
908,7,"2090-2095"
908,7,"2095-2100"
908,8,"2015-2020"
908,8,"2020-2025"
908,8,"2025-2030"
908,8,"2030-2035"
908,8,"2035-2040"
908,8,"2040-2045"
908,8,"2045-2050"
908,8,"2050-2055"
908,8,"2055-2060"
908,8,"2060-2065"
908,8,"2065-2070"
908,8,"2070-2075"
908,8,"2075-2080"
908,8,"2080-2085"
908,8,"2085-2090"
908,8,"2090-2095"
908,8,"2095-2100"
908,9,"2015-2020"
908,9,"2020-2025"
908,9,"2025-2030"
908,9,"2030-2035"
908,9,"2035-2040"
908,9,"2040-2045"
908,9,"2045-2050"
908,9,"2050-2055"
908,9,"2055-2060"
908,9,"2060-2065"
908,9,"2065-2070"
908,9,"2070-2075"
908,9,"2075-2080"
908,9,"2080-2085"
908,9,"2085-2090"
908,9,"2090-2095"
908,9,"2095-2100"
238,3,"2015-2020"
238,3,"2020-2025"
238,3,"2025-2030"
238,3,"2030-2035"
238,3,"2035-2040"
238,3,"2040-2045"
238,3,"2045-2050"
238,3,"2050-2055"
238,3,"2055-2060"
238,3,"2060-2065"
238,3,"2065-2070"
238,3,"2070-2075"
238,3,"2075-2080"
238,3,"2080-2085"
238,3,"2085-2090"
238,3,"2090-2095"
238,3,"2095-2100"
238,4,"2015-2020"
238,4,"2020-2025"
238,4,"2025-2030"
238,4,"2030-2035"
238,4,"2035-2040"
238,4,"2040-2045"
238,4,"2045-2050"
238,4,"2050-2055"
238,4,"2055-2060"
238,4,"2060-2065"
238,4,"2065-2070"
238,4,"2070-2075"
238,4,"2075-2080"
238,4,"2080-2085"
238,4,"2085-2090"
238,4,"2090-2095"
238,4,"2095-2100"
238,5,"2015-2020"
238,5,"2020-2025"
238,5,"2025-2030"
238,5,"2030-2035"
238,5,"2035-2040"
238,5,"2040-2045"
238,5,"2045-2050"
238,5,"2050-2055"
238,5,"2055-2060"
238,5,"2060-2065"
238,5,"2065-2070"
238,5,"2070-2075"
238,5,"2075-2080"
238,5,"2080-2085"
238,5,"2085-2090"
238,5,"2090-2095"
238,5,"2095-2100"
238,6,"2015-2020"
238,6,"2020-2025"
238,6,"2025-2030"
238,6,"2030-2035"
238,6,"2035-2040"
238,6,"2040-2045"
238,6,"2045-2050"
238,6,"2050-2055"
238,6,"2055-2060"
238,6,"2060-2065"
238,6,"2065-2070"
238,6,"2070-2075"
238,6,"2075-2080"
238,6,"2080-2085"
238,6,"2085-2090"
238,6,"2090-2095"
238,6,"2095-2100"
238,7,"2015-2020"
238,7,"2020-2025"
238,7,"2025-2030"
238,7,"2030-2035"
238,7,"2035-2040"
238,7,"2040-2045"
238,7,"2045-2050"
238,7,"2050-2055"
238,7,"2055-2060"
238,7,"2060-2065"
238,7,"2065-2070"
238,7,"2070-2075"
238,7,"2075-2080"
238,7,"2080-2085"
238,7,"2085-2090"
238,7,"2090-2095"
238,7,"2095-2100"
238,8,"2015-2020"
238,8,"2020-2025"
238,8,"2025-2030"
238,8,"2030-2035"
238,8,"2035-2040"
238,8,"2040-2045"
238,8,"2045-2050"
238,8,"2050-2055"
238,8,"2055-2060"
238,8,"2060-2065"
238,8,"2065-2070"
238,8,"2070-2075"
238,8,"2075-2080"
238,8,"2080-2085"
238,8,"2085-2090"
238,8,"2090-2095"
238,8,"2095-2100"
238,9,"2015-2020"
238,9,"2020-2025"
238,9,"2025-2030"
238,9,"2030-2035"
238,9,"2035-2040"
238,9,"2040-2045"
238,9,"2045-2050"
238,9,"2050-2055"
238,9,"2055-2060"
238,9,"2060-2065"
238,9,"2065-2070"
238,9,"2070-2075"
238,9,"2075-2080"
238,9,"2080-2085"
238,9,"2085-2090"
238,9,"2090-2095"
238,9,"2095-2100"
234,3,"2015-2020"
234,3,"2020-2025"
234,3,"2025-2030"
234,3,"2030-2035"
234,3,"2035-2040"
234,3,"2040-2045"
234,3,"2045-2050"
234,3,"2050-2055"
234,3,"2055-2060"
234,3,"2060-2065"
234,3,"2065-2070"
234,3,"2070-2075"
234,3,"2075-2080"
234,3,"2080-2085"
234,3,"2085-2090"
234,3,"2090-2095"
234,3,"2095-2100"
234,4,"2015-2020"
234,4,"2020-2025"
234,4,"2025-2030"
234,4,"2030-2035"
234,4,"2035-2040"
234,4,"2040-2045"
234,4,"2045-2050"
234,4,"2050-2055"
234,4,"2055-2060"
234,4,"2060-2065"
234,4,"2065-2070"
234,4,"2070-2075"
234,4,"2075-2080"
234,4,"2080-2085"
234,4,"2085-2090"
234,4,"2090-2095"
234,4,"2095-2100"
234,5,"2015-2020"
234,5,"2020-2025"
234,5,"2025-2030"
234,5,"2030-2035"
234,5,"2035-2040"
234,5,"2040-2045"
234,5,"2045-2050"
234,5,"2050-2055"
234,5,"2055-2060"
234,5,"2060-2065"
234,5,"2065-2070"
234,5,"2070-2075"
234,5,"2075-2080"
234,5,"2080-2085"
234,5,"2085-2090"
234,5,"2090-2095"
234,5,"2095-2100"
234,6,"2015-2020"
234,6,"2020-2025"
234,6,"2025-2030"
234,6,"2030-2035"
234,6,"2035-2040"
234,6,"2040-2045"
234,6,"2045-2050"
234,6,"2050-2055"
234,6,"2055-2060"
234,6,"2060-2065"
234,6,"2065-2070"
234,6,"2070-2075"
234,6,"2075-2080"
234,6,"2080-2085"
234,6,"2085-2090"
234,6,"2090-2095"
234,6,"2095-2100"
234,7,"2015-2020"
234,7,"2020-2025"
234,7,"2025-2030"
234,7,"2030-2035"
234,7,"2035-2040"
234,7,"2040-2045"
234,7,"2045-2050"
234,7,"2050-2055"
234,7,"2055-2060"
234,7,"2060-2065"
234,7,"2065-2070"
234,7,"2070-2075"
234,7,"2075-2080"
234,7,"2080-2085"
234,7,"2085-2090"
234,7,"2090-2095"
234,7,"2095-2100"
234,8,"2015-2020"
234,8,"2020-2025"
234,8,"2025-2030"
234,8,"2030-2035"
234,8,"2035-2040"
234,8,"2040-2045"
234,8,"2045-2050"
234,8,"2050-2055"
234,8,"2055-2060"
234,8,"2060-2065"
234,8,"2065-2070"
234,8,"2070-2075"
234,8,"2075-2080"
234,8,"2080-2085"
234,8,"2085-2090"
234,8,"2090-2095"
234,8,"2095-2100"
234,9,"2015-2020"
234,9,"2020-2025"
234,9,"2025-2030"
234,9,"2030-2035"
234,9,"2035-2040"
234,9,"2040-2045"
234,9,"2045-2050"
234,9,"2050-2055"
234,9,"2055-2060"
234,9,"2060-2065"
234,9,"2065-2070"
234,9,"2070-2075"
234,9,"2075-2080"
234,9,"2080-2085"
234,9,"2085-2090"
234,9,"2090-2095"
234,9,"2095-2100"
242,3,"2015-2020"
242,3,"2020-2025"
242,3,"2025-2030"
242,3,"2030-2035"
242,3,"2035-2040"
242,3,"2040-2045"
242,3,"2045-2050"
242,3,"2050-2055"
242,3,"2055-2060"
242,3,"2060-2065"
242,3,"2065-2070"
242,3,"2070-2075"
242,3,"2075-2080"
242,3,"2080-2085"
242,3,"2085-2090"
242,3,"2090-2095"
242,3,"2095-2100"
242,4,"2015-2020"
242,4,"2020-2025"
242,4,"2025-2030"
242,4,"2030-2035"
242,4,"2035-2040"
242,4,"2040-2045"
242,4,"2045-2050"
242,4,"2050-2055"
242,4,"2055-2060"
242,4,"2060-2065"
242,4,"2065-2070"
242,4,"2070-2075"
242,4,"2075-2080"
242,4,"2080-2085"
242,4,"2085-2090"
242,4,"2090-2095"
242,4,"2095-2100"
242,5,"2015-2020"
242,5,"2020-2025"
242,5,"2025-2030"
242,5,"2030-2035"
242,5,"2035-2040"
242,5,"2040-2045"
242,5,"2045-2050"
242,5,"2050-2055"
242,5,"2055-2060"
242,5,"2060-2065"
242,5,"2065-2070"
242,5,"2070-2075"
242,5,"2075-2080"
242,5,"2080-2085"
242,5,"2085-2090"
242,5,"2090-2095"
242,5,"2095-2100"
242,6,"2015-2020"
242,6,"2020-2025"
242,6,"2025-2030"
242,6,"2030-2035"
242,6,"2035-2040"
242,6,"2040-2045"
242,6,"2045-2050"
242,6,"2050-2055"
242,6,"2055-2060"
242,6,"2060-2065"
242,6,"2065-2070"
242,6,"2070-2075"
242,6,"2075-2080"
242,6,"2080-2085"
242,6,"2085-2090"
242,6,"2090-2095"
242,6,"2095-2100"
242,7,"2015-2020"
242,7,"2020-2025"
242,7,"2025-2030"
242,7,"2030-2035"
242,7,"2035-2040"
242,7,"2040-2045"
242,7,"2045-2050"
242,7,"2050-2055"
242,7,"2055-2060"
242,7,"2060-2065"
242,7,"2065-2070"
242,7,"2070-2075"
242,7,"2075-2080"
242,7,"2080-2085"
242,7,"2085-2090"
242,7,"2090-2095"
242,7,"2095-2100"
242,8,"2015-2020"
242,8,"2020-2025"
242,8,"2025-2030"
242,8,"2030-2035"
242,8,"2035-2040"
242,8,"2040-2045"
242,8,"2045-2050"
242,8,"2050-2055"
242,8,"2055-2060"
242,8,"2060-2065"
242,8,"2065-2070"
242,8,"2070-2075"
242,8,"2075-2080"
242,8,"2080-2085"
242,8,"2085-2090"
242,8,"2090-2095"
242,8,"2095-2100"
242,9,"2015-2020"
242,9,"2020-2025"
242,9,"2025-2030"
242,9,"2030-2035"
242,9,"2035-2040"
242,9,"2040-2045"
242,9,"2045-2050"
242,9,"2050-2055"
242,9,"2055-2060"
242,9,"2060-2065"
242,9,"2065-2070"
242,9,"2070-2075"
242,9,"2075-2080"
242,9,"2080-2085"
242,9,"2085-2090"
242,9,"2090-2095"
242,9,"2095-2100"
242,202,"2015-2020"
242,202,"2020-2025"
242,202,"2025-2030"
242,202,"2030-2035"
242,202,"2035-2040"
242,202,"2040-2045"
242,202,"2045-2050"
242,202,"2050-2055"
242,202,"2055-2060"
242,202,"2060-2065"
242,202,"2065-2070"
242,202,"2070-2075"
242,202,"2075-2080"
242,202,"2080-2085"
242,202,"2085-2090"
242,202,"2090-2095"
242,202,"2095-2100"
246,3,"2015-2020"
246,3,"2020-2025"
246,3,"2025-2030"
246,3,"2030-2035"
246,3,"2035-2040"
246,3,"2040-2045"
246,3,"2045-2050"
246,3,"2050-2055"
246,3,"2055-2060"
246,3,"2060-2065"
246,3,"2065-2070"
246,3,"2070-2075"
246,3,"2075-2080"
246,3,"2080-2085"
246,3,"2085-2090"
246,3,"2090-2095"
246,3,"2095-2100"
246,4,"2015-2020"
246,4,"2020-2025"
246,4,"2025-2030"
246,4,"2030-2035"
246,4,"2035-2040"
246,4,"2040-2045"
246,4,"2045-2050"
246,4,"2050-2055"
246,4,"2055-2060"
246,4,"2060-2065"
246,4,"2065-2070"
246,4,"2070-2075"
246,4,"2075-2080"
246,4,"2080-2085"
246,4,"2085-2090"
246,4,"2090-2095"
246,4,"2095-2100"
246,5,"2015-2020"
246,5,"2020-2025"
246,5,"2025-2030"
246,5,"2030-2035"
246,5,"2035-2040"
246,5,"2040-2045"
246,5,"2045-2050"
246,5,"2050-2055"
246,5,"2055-2060"
246,5,"2060-2065"
246,5,"2065-2070"
246,5,"2070-2075"
246,5,"2075-2080"
246,5,"2080-2085"
246,5,"2085-2090"
246,5,"2090-2095"
246,5,"2095-2100"
246,6,"2015-2020"
246,6,"2020-2025"
246,6,"2025-2030"
246,6,"2030-2035"
246,6,"2035-2040"
246,6,"2040-2045"
246,6,"2045-2050"
246,6,"2050-2055"
246,6,"2055-2060"
246,6,"2060-2065"
246,6,"2065-2070"
246,6,"2070-2075"
246,6,"2075-2080"
246,6,"2080-2085"
246,6,"2085-2090"
246,6,"2090-2095"
246,6,"2095-2100"
246,7,"2015-2020"
246,7,"2020-2025"
246,7,"2025-2030"
246,7,"2030-2035"
246,7,"2035-2040"
246,7,"2040-2045"
246,7,"2045-2050"
246,7,"2050-2055"
246,7,"2055-2060"
246,7,"2060-2065"
246,7,"2065-2070"
246,7,"2070-2075"
246,7,"2075-2080"
246,7,"2080-2085"
246,7,"2085-2090"
246,7,"2090-2095"
246,7,"2095-2100"
246,8,"2015-2020"
246,8,"2020-2025"
246,8,"2025-2030"
246,8,"2030-2035"
246,8,"2035-2040"
246,8,"2040-2045"
246,8,"2045-2050"
246,8,"2050-2055"
246,8,"2055-2060"
246,8,"2060-2065"
246,8,"2065-2070"
246,8,"2070-2075"
246,8,"2075-2080"
246,8,"2080-2085"
246,8,"2085-2090"
246,8,"2090-2095"
246,8,"2095-2100"
246,9,"2015-2020"
246,9,"2020-2025"
246,9,"2025-2030"
246,9,"2030-2035"
246,9,"2035-2040"
246,9,"2040-2045"
246,9,"2045-2050"
246,9,"2050-2055"
246,9,"2055-2060"
246,9,"2060-2065"
246,9,"2065-2070"
246,9,"2070-2075"
246,9,"2075-2080"
246,9,"2080-2085"
246,9,"2085-2090"
246,9,"2090-2095"
246,9,"2095-2100"
246,202,"2015-2020"
246,202,"2020-2025"
246,202,"2025-2030"
246,202,"2030-2035"
246,202,"2035-2040"
246,202,"2040-2045"
246,202,"2045-2050"
246,202,"2050-2055"
246,202,"2055-2060"
246,202,"2060-2065"
246,202,"2065-2070"
246,202,"2070-2075"
246,202,"2075-2080"
246,202,"2080-2085"
246,202,"2085-2090"
246,202,"2090-2095"
246,202,"2095-2100"
250,3,"2015-2020"
250,3,"2020-2025"
250,3,"2025-2030"
250,3,"2030-2035"
250,3,"2035-2040"
250,3,"2040-2045"
250,3,"2045-2050"
250,3,"2050-2055"
250,3,"2055-2060"
250,3,"2060-2065"
250,3,"2065-2070"
250,3,"2070-2075"
250,3,"2075-2080"
250,3,"2080-2085"
250,3,"2085-2090"
250,3,"2090-2095"
250,3,"2095-2100"
250,4,"2015-2020"
250,4,"2020-2025"
250,4,"2025-2030"
250,4,"2030-2035"
250,4,"2035-2040"
250,4,"2040-2045"
250,4,"2045-2050"
250,4,"2050-2055"
250,4,"2055-2060"
250,4,"2060-2065"
250,4,"2065-2070"
250,4,"2070-2075"
250,4,"2075-2080"
250,4,"2080-2085"
250,4,"2085-2090"
250,4,"2090-2095"
250,4,"2095-2100"
250,5,"2015-2020"
250,5,"2020-2025"
250,5,"2025-2030"
250,5,"2030-2035"
250,5,"2035-2040"
250,5,"2040-2045"
250,5,"2045-2050"
250,5,"2050-2055"
250,5,"2055-2060"
250,5,"2060-2065"
250,5,"2065-2070"
250,5,"2070-2075"
250,5,"2075-2080"
250,5,"2080-2085"
250,5,"2085-2090"
250,5,"2090-2095"
250,5,"2095-2100"
250,6,"2015-2020"
250,6,"2020-2025"
250,6,"2025-2030"
250,6,"2030-2035"
250,6,"2035-2040"
250,6,"2040-2045"
250,6,"2045-2050"
250,6,"2050-2055"
250,6,"2055-2060"
250,6,"2060-2065"
250,6,"2065-2070"
250,6,"2070-2075"
250,6,"2075-2080"
250,6,"2080-2085"
250,6,"2085-2090"
250,6,"2090-2095"
250,6,"2095-2100"
250,7,"2015-2020"
250,7,"2020-2025"
250,7,"2025-2030"
250,7,"2030-2035"
250,7,"2035-2040"
250,7,"2040-2045"
250,7,"2045-2050"
250,7,"2050-2055"
250,7,"2055-2060"
250,7,"2060-2065"
250,7,"2065-2070"
250,7,"2070-2075"
250,7,"2075-2080"
250,7,"2080-2085"
250,7,"2085-2090"
250,7,"2090-2095"
250,7,"2095-2100"
250,8,"2015-2020"
250,8,"2020-2025"
250,8,"2025-2030"
250,8,"2030-2035"
250,8,"2035-2040"
250,8,"2040-2045"
250,8,"2045-2050"
250,8,"2050-2055"
250,8,"2055-2060"
250,8,"2060-2065"
250,8,"2065-2070"
250,8,"2070-2075"
250,8,"2075-2080"
250,8,"2080-2085"
250,8,"2085-2090"
250,8,"2090-2095"
250,8,"2095-2100"
250,9,"2015-2020"
250,9,"2020-2025"
250,9,"2025-2030"
250,9,"2030-2035"
250,9,"2035-2040"
250,9,"2040-2045"
250,9,"2045-2050"
250,9,"2050-2055"
250,9,"2055-2060"
250,9,"2060-2065"
250,9,"2065-2070"
250,9,"2070-2075"
250,9,"2075-2080"
250,9,"2080-2085"
250,9,"2085-2090"
250,9,"2090-2095"
250,9,"2095-2100"
250,202,"2015-2020"
250,202,"2020-2025"
250,202,"2025-2030"
250,202,"2030-2035"
250,202,"2035-2040"
250,202,"2040-2045"
250,202,"2045-2050"
250,202,"2050-2055"
250,202,"2055-2060"
250,202,"2060-2065"
250,202,"2065-2070"
250,202,"2070-2075"
250,202,"2075-2080"
250,202,"2080-2085"
250,202,"2085-2090"
250,202,"2090-2095"
250,202,"2095-2100"
254,3,"2015-2020"
254,3,"2020-2025"
254,3,"2025-2030"
254,3,"2030-2035"
254,3,"2035-2040"
254,3,"2040-2045"
254,3,"2045-2050"
254,3,"2050-2055"
254,3,"2055-2060"
254,3,"2060-2065"
254,3,"2065-2070"
254,3,"2070-2075"
254,3,"2075-2080"
254,3,"2080-2085"
254,3,"2085-2090"
254,3,"2090-2095"
254,3,"2095-2100"
254,4,"2015-2020"
254,4,"2020-2025"
254,4,"2025-2030"
254,4,"2030-2035"
254,4,"2035-2040"
254,4,"2040-2045"
254,4,"2045-2050"
254,4,"2050-2055"
254,4,"2055-2060"
254,4,"2060-2065"
254,4,"2065-2070"
254,4,"2070-2075"
254,4,"2075-2080"
254,4,"2080-2085"
254,4,"2085-2090"
254,4,"2090-2095"
254,4,"2095-2100"
254,5,"2015-2020"
254,5,"2020-2025"
254,5,"2025-2030"
254,5,"2030-2035"
254,5,"2035-2040"
254,5,"2040-2045"
254,5,"2045-2050"
254,5,"2050-2055"
254,5,"2055-2060"
254,5,"2060-2065"
254,5,"2065-2070"
254,5,"2070-2075"
254,5,"2075-2080"
254,5,"2080-2085"
254,5,"2085-2090"
254,5,"2090-2095"
254,5,"2095-2100"
254,6,"2015-2020"
254,6,"2020-2025"
254,6,"2025-2030"
254,6,"2030-2035"
254,6,"2035-2040"
254,6,"2040-2045"
254,6,"2045-2050"
254,6,"2050-2055"
254,6,"2055-2060"
254,6,"2060-2065"
254,6,"2065-2070"
254,6,"2070-2075"
254,6,"2075-2080"
254,6,"2080-2085"
254,6,"2085-2090"
254,6,"2090-2095"
254,6,"2095-2100"
254,7,"2015-2020"
254,7,"2020-2025"
254,7,"2025-2030"
254,7,"2030-2035"
254,7,"2035-2040"
254,7,"2040-2045"
254,7,"2045-2050"
254,7,"2050-2055"
254,7,"2055-2060"
254,7,"2060-2065"
254,7,"2065-2070"
254,7,"2070-2075"
254,7,"2075-2080"
254,7,"2080-2085"
254,7,"2085-2090"
254,7,"2090-2095"
254,7,"2095-2100"
254,8,"2015-2020"
254,8,"2020-2025"
254,8,"2025-2030"
254,8,"2030-2035"
254,8,"2035-2040"
254,8,"2040-2045"
254,8,"2045-2050"
254,8,"2050-2055"
254,8,"2055-2060"
254,8,"2060-2065"
254,8,"2065-2070"
254,8,"2070-2075"
254,8,"2075-2080"
254,8,"2080-2085"
254,8,"2085-2090"
254,8,"2090-2095"
254,8,"2095-2100"
254,9,"2015-2020"
254,9,"2020-2025"
254,9,"2025-2030"
254,9,"2030-2035"
254,9,"2035-2040"
254,9,"2040-2045"
254,9,"2045-2050"
254,9,"2050-2055"
254,9,"2055-2060"
254,9,"2060-2065"
254,9,"2065-2070"
254,9,"2070-2075"
254,9,"2075-2080"
254,9,"2080-2085"
254,9,"2085-2090"
254,9,"2090-2095"
254,9,"2095-2100"
254,202,"2015-2020"
254,202,"2020-2025"
254,202,"2025-2030"
254,202,"2030-2035"
254,202,"2035-2040"
254,202,"2040-2045"
254,202,"2045-2050"
254,202,"2050-2055"
254,202,"2055-2060"
254,202,"2060-2065"
254,202,"2065-2070"
254,202,"2070-2075"
254,202,"2075-2080"
254,202,"2080-2085"
254,202,"2085-2090"
254,202,"2090-2095"
254,202,"2095-2100"
258,3,"2015-2020"
258,3,"2020-2025"
258,3,"2025-2030"
258,3,"2030-2035"
258,3,"2035-2040"
258,3,"2040-2045"
258,3,"2045-2050"
258,3,"2050-2055"
258,3,"2055-2060"
258,3,"2060-2065"
258,3,"2065-2070"
258,3,"2070-2075"
258,3,"2075-2080"
258,3,"2080-2085"
258,3,"2085-2090"
258,3,"2090-2095"
258,3,"2095-2100"
258,4,"2015-2020"
258,4,"2020-2025"
258,4,"2025-2030"
258,4,"2030-2035"
258,4,"2035-2040"
258,4,"2040-2045"
258,4,"2045-2050"
258,4,"2050-2055"
258,4,"2055-2060"
258,4,"2060-2065"
258,4,"2065-2070"
258,4,"2070-2075"
258,4,"2075-2080"
258,4,"2080-2085"
258,4,"2085-2090"
258,4,"2090-2095"
258,4,"2095-2100"
258,5,"2015-2020"
258,5,"2020-2025"
258,5,"2025-2030"
258,5,"2030-2035"
258,5,"2035-2040"
258,5,"2040-2045"
258,5,"2045-2050"
258,5,"2050-2055"
258,5,"2055-2060"
258,5,"2060-2065"
258,5,"2065-2070"
258,5,"2070-2075"
258,5,"2075-2080"
258,5,"2080-2085"
258,5,"2085-2090"
258,5,"2090-2095"
258,5,"2095-2100"
258,6,"2015-2020"
258,6,"2020-2025"
258,6,"2025-2030"
258,6,"2030-2035"
258,6,"2035-2040"
258,6,"2040-2045"
258,6,"2045-2050"
258,6,"2050-2055"
258,6,"2055-2060"
258,6,"2060-2065"
258,6,"2065-2070"
258,6,"2070-2075"
258,6,"2075-2080"
258,6,"2080-2085"
258,6,"2085-2090"
258,6,"2090-2095"
258,6,"2095-2100"
258,7,"2015-2020"
258,7,"2020-2025"
258,7,"2025-2030"
258,7,"2030-2035"
258,7,"2035-2040"
258,7,"2040-2045"
258,7,"2045-2050"
258,7,"2050-2055"
258,7,"2055-2060"
258,7,"2060-2065"
258,7,"2065-2070"
258,7,"2070-2075"
258,7,"2075-2080"
258,7,"2080-2085"
258,7,"2085-2090"
258,7,"2090-2095"
258,7,"2095-2100"
258,8,"2015-2020"
258,8,"2020-2025"
258,8,"2025-2030"
258,8,"2030-2035"
258,8,"2035-2040"
258,8,"2040-2045"
258,8,"2045-2050"
258,8,"2050-2055"
258,8,"2055-2060"
258,8,"2060-2065"
258,8,"2065-2070"
258,8,"2070-2075"
258,8,"2075-2080"
258,8,"2080-2085"
258,8,"2085-2090"
258,8,"2090-2095"
258,8,"2095-2100"
258,9,"2015-2020"
258,9,"2020-2025"
258,9,"2025-2030"
258,9,"2030-2035"
258,9,"2035-2040"
258,9,"2040-2045"
258,9,"2045-2050"
258,9,"2050-2055"
258,9,"2055-2060"
258,9,"2060-2065"
258,9,"2065-2070"
258,9,"2070-2075"
258,9,"2075-2080"
258,9,"2080-2085"
258,9,"2085-2090"
258,9,"2090-2095"
258,9,"2095-2100"
258,202,"2015-2020"
258,202,"2020-2025"
258,202,"2025-2030"
258,202,"2030-2035"
258,202,"2035-2040"
258,202,"2040-2045"
258,202,"2045-2050"
258,202,"2050-2055"
258,202,"2055-2060"
258,202,"2060-2065"
258,202,"2065-2070"
258,202,"2070-2075"
258,202,"2075-2080"
258,202,"2080-2085"
258,202,"2085-2090"
258,202,"2090-2095"
258,202,"2095-2100"
266,3,"2015-2020"
266,3,"2020-2025"
266,3,"2025-2030"
266,3,"2030-2035"
266,3,"2035-2040"
266,3,"2040-2045"
266,3,"2045-2050"
266,3,"2050-2055"
266,3,"2055-2060"
266,3,"2060-2065"
266,3,"2065-2070"
266,3,"2070-2075"
266,3,"2075-2080"
266,3,"2080-2085"
266,3,"2085-2090"
266,3,"2090-2095"
266,3,"2095-2100"
266,4,"2015-2020"
266,4,"2020-2025"
266,4,"2025-2030"
266,4,"2030-2035"
266,4,"2035-2040"
266,4,"2040-2045"
266,4,"2045-2050"
266,4,"2050-2055"
266,4,"2055-2060"
266,4,"2060-2065"
266,4,"2065-2070"
266,4,"2070-2075"
266,4,"2075-2080"
266,4,"2080-2085"
266,4,"2085-2090"
266,4,"2090-2095"
266,4,"2095-2100"
266,5,"2015-2020"
266,5,"2020-2025"
266,5,"2025-2030"
266,5,"2030-2035"
266,5,"2035-2040"
266,5,"2040-2045"
266,5,"2045-2050"
266,5,"2050-2055"
266,5,"2055-2060"
266,5,"2060-2065"
266,5,"2065-2070"
266,5,"2070-2075"
266,5,"2075-2080"
266,5,"2080-2085"
266,5,"2085-2090"
266,5,"2090-2095"
266,5,"2095-2100"
266,6,"2015-2020"
266,6,"2020-2025"
266,6,"2025-2030"
266,6,"2030-2035"
266,6,"2035-2040"
266,6,"2040-2045"
266,6,"2045-2050"
266,6,"2050-2055"
266,6,"2055-2060"
266,6,"2060-2065"
266,6,"2065-2070"
266,6,"2070-2075"
266,6,"2075-2080"
266,6,"2080-2085"
266,6,"2085-2090"
266,6,"2090-2095"
266,6,"2095-2100"
266,7,"2015-2020"
266,7,"2020-2025"
266,7,"2025-2030"
266,7,"2030-2035"
266,7,"2035-2040"
266,7,"2040-2045"
266,7,"2045-2050"
266,7,"2050-2055"
266,7,"2055-2060"
266,7,"2060-2065"
266,7,"2065-2070"
266,7,"2070-2075"
266,7,"2075-2080"
266,7,"2080-2085"
266,7,"2085-2090"
266,7,"2090-2095"
266,7,"2095-2100"
266,8,"2015-2020"
266,8,"2020-2025"
266,8,"2025-2030"
266,8,"2030-2035"
266,8,"2035-2040"
266,8,"2040-2045"
266,8,"2045-2050"
266,8,"2050-2055"
266,8,"2055-2060"
266,8,"2060-2065"
266,8,"2065-2070"
266,8,"2070-2075"
266,8,"2075-2080"
266,8,"2080-2085"
266,8,"2085-2090"
266,8,"2090-2095"
266,8,"2095-2100"
266,9,"2015-2020"
266,9,"2020-2025"
266,9,"2025-2030"
266,9,"2030-2035"
266,9,"2035-2040"
266,9,"2040-2045"
266,9,"2045-2050"
266,9,"2050-2055"
266,9,"2055-2060"
266,9,"2060-2065"
266,9,"2065-2070"
266,9,"2070-2075"
266,9,"2075-2080"
266,9,"2080-2085"
266,9,"2085-2090"
266,9,"2090-2095"
266,9,"2095-2100"
266,202,"2015-2020"
266,202,"2020-2025"
266,202,"2025-2030"
266,202,"2030-2035"
266,202,"2035-2040"
266,202,"2040-2045"
266,202,"2045-2050"
266,202,"2050-2055"
266,202,"2055-2060"
266,202,"2060-2065"
266,202,"2065-2070"
266,202,"2070-2075"
266,202,"2075-2080"
266,202,"2080-2085"
266,202,"2085-2090"
266,202,"2090-2095"
266,202,"2095-2100"
270,3,"2015-2020"
270,3,"2020-2025"
270,3,"2025-2030"
270,3,"2030-2035"
270,3,"2035-2040"
270,3,"2040-2045"
270,3,"2045-2050"
270,3,"2050-2055"
270,3,"2055-2060"
270,3,"2060-2065"
270,3,"2065-2070"
270,3,"2070-2075"
270,3,"2075-2080"
270,3,"2080-2085"
270,3,"2085-2090"
270,3,"2090-2095"
270,3,"2095-2100"
270,4,"2015-2020"
270,4,"2020-2025"
270,4,"2025-2030"
270,4,"2030-2035"
270,4,"2035-2040"
270,4,"2040-2045"
270,4,"2045-2050"
270,4,"2050-2055"
270,4,"2055-2060"
270,4,"2060-2065"
270,4,"2065-2070"
270,4,"2070-2075"
270,4,"2075-2080"
270,4,"2080-2085"
270,4,"2085-2090"
270,4,"2090-2095"
270,4,"2095-2100"
270,5,"2015-2020"
270,5,"2020-2025"
270,5,"2025-2030"
270,5,"2030-2035"
270,5,"2035-2040"
270,5,"2040-2045"
270,5,"2045-2050"
270,5,"2050-2055"
270,5,"2055-2060"
270,5,"2060-2065"
270,5,"2065-2070"
270,5,"2070-2075"
270,5,"2075-2080"
270,5,"2080-2085"
270,5,"2085-2090"
270,5,"2090-2095"
270,5,"2095-2100"
270,6,"2015-2020"
270,6,"2020-2025"
270,6,"2025-2030"
270,6,"2030-2035"
270,6,"2035-2040"
270,6,"2040-2045"
270,6,"2045-2050"
270,6,"2050-2055"
270,6,"2055-2060"
270,6,"2060-2065"
270,6,"2065-2070"
270,6,"2070-2075"
270,6,"2075-2080"
270,6,"2080-2085"
270,6,"2085-2090"
270,6,"2090-2095"
270,6,"2095-2100"
270,7,"2015-2020"
270,7,"2020-2025"
270,7,"2025-2030"
270,7,"2030-2035"
270,7,"2035-2040"
270,7,"2040-2045"
270,7,"2045-2050"
270,7,"2050-2055"
270,7,"2055-2060"
270,7,"2060-2065"
270,7,"2065-2070"
270,7,"2070-2075"
270,7,"2075-2080"
270,7,"2080-2085"
270,7,"2085-2090"
270,7,"2090-2095"
270,7,"2095-2100"
270,8,"2015-2020"
270,8,"2020-2025"
270,8,"2025-2030"
270,8,"2030-2035"
270,8,"2035-2040"
270,8,"2040-2045"
270,8,"2045-2050"
270,8,"2050-2055"
270,8,"2055-2060"
270,8,"2060-2065"
270,8,"2065-2070"
270,8,"2070-2075"
270,8,"2075-2080"
270,8,"2080-2085"
270,8,"2085-2090"
270,8,"2090-2095"
270,8,"2095-2100"
270,9,"2015-2020"
270,9,"2020-2025"
270,9,"2025-2030"
270,9,"2030-2035"
270,9,"2035-2040"
270,9,"2040-2045"
270,9,"2045-2050"
270,9,"2050-2055"
270,9,"2055-2060"
270,9,"2060-2065"
270,9,"2065-2070"
270,9,"2070-2075"
270,9,"2075-2080"
270,9,"2080-2085"
270,9,"2085-2090"
270,9,"2090-2095"
270,9,"2095-2100"
270,202,"2015-2020"
270,202,"2020-2025"
270,202,"2025-2030"
270,202,"2030-2035"
270,202,"2035-2040"
270,202,"2040-2045"
270,202,"2045-2050"
270,202,"2050-2055"
270,202,"2055-2060"
270,202,"2060-2065"
270,202,"2065-2070"
270,202,"2070-2075"
270,202,"2075-2080"
270,202,"2080-2085"
270,202,"2085-2090"
270,202,"2090-2095"
270,202,"2095-2100"
268,3,"2015-2020"
268,3,"2020-2025"
268,3,"2025-2030"
268,3,"2030-2035"
268,3,"2035-2040"
268,3,"2040-2045"
268,3,"2045-2050"
268,3,"2050-2055"
268,3,"2055-2060"
268,3,"2060-2065"
268,3,"2065-2070"
268,3,"2070-2075"
268,3,"2075-2080"
268,3,"2080-2085"
268,3,"2085-2090"
268,3,"2090-2095"
268,3,"2095-2100"
268,4,"2015-2020"
268,4,"2020-2025"
268,4,"2025-2030"
268,4,"2030-2035"
268,4,"2035-2040"
268,4,"2040-2045"
268,4,"2045-2050"
268,4,"2050-2055"
268,4,"2055-2060"
268,4,"2060-2065"
268,4,"2065-2070"
268,4,"2070-2075"
268,4,"2075-2080"
268,4,"2080-2085"
268,4,"2085-2090"
268,4,"2090-2095"
268,4,"2095-2100"
268,5,"2015-2020"
268,5,"2020-2025"
268,5,"2025-2030"
268,5,"2030-2035"
268,5,"2035-2040"
268,5,"2040-2045"
268,5,"2045-2050"
268,5,"2050-2055"
268,5,"2055-2060"
268,5,"2060-2065"
268,5,"2065-2070"
268,5,"2070-2075"
268,5,"2075-2080"
268,5,"2080-2085"
268,5,"2085-2090"
268,5,"2090-2095"
268,5,"2095-2100"
268,6,"2015-2020"
268,6,"2020-2025"
268,6,"2025-2030"
268,6,"2030-2035"
268,6,"2035-2040"
268,6,"2040-2045"
268,6,"2045-2050"
268,6,"2050-2055"
268,6,"2055-2060"
268,6,"2060-2065"
268,6,"2065-2070"
268,6,"2070-2075"
268,6,"2075-2080"
268,6,"2080-2085"
268,6,"2085-2090"
268,6,"2090-2095"
268,6,"2095-2100"
268,7,"2015-2020"
268,7,"2020-2025"
268,7,"2025-2030"
268,7,"2030-2035"
268,7,"2035-2040"
268,7,"2040-2045"
268,7,"2045-2050"
268,7,"2050-2055"
268,7,"2055-2060"
268,7,"2060-2065"
268,7,"2065-2070"
268,7,"2070-2075"
268,7,"2075-2080"
268,7,"2080-2085"
268,7,"2085-2090"
268,7,"2090-2095"
268,7,"2095-2100"
268,8,"2015-2020"
268,8,"2020-2025"
268,8,"2025-2030"
268,8,"2030-2035"
268,8,"2035-2040"
268,8,"2040-2045"
268,8,"2045-2050"
268,8,"2050-2055"
268,8,"2055-2060"
268,8,"2060-2065"
268,8,"2065-2070"
268,8,"2070-2075"
268,8,"2075-2080"
268,8,"2080-2085"
268,8,"2085-2090"
268,8,"2090-2095"
268,8,"2095-2100"
268,9,"2015-2020"
268,9,"2020-2025"
268,9,"2025-2030"
268,9,"2030-2035"
268,9,"2035-2040"
268,9,"2040-2045"
268,9,"2045-2050"
268,9,"2050-2055"
268,9,"2055-2060"
268,9,"2060-2065"
268,9,"2065-2070"
268,9,"2070-2075"
268,9,"2075-2080"
268,9,"2080-2085"
268,9,"2085-2090"
268,9,"2090-2095"
268,9,"2095-2100"
268,202,"2015-2020"
268,202,"2020-2025"
268,202,"2025-2030"
268,202,"2030-2035"
268,202,"2035-2040"
268,202,"2040-2045"
268,202,"2045-2050"
268,202,"2050-2055"
268,202,"2055-2060"
268,202,"2060-2065"
268,202,"2065-2070"
268,202,"2070-2075"
268,202,"2075-2080"
268,202,"2080-2085"
268,202,"2085-2090"
268,202,"2090-2095"
268,202,"2095-2100"
276,3,"2015-2020"
276,3,"2020-2025"
276,3,"2025-2030"
276,3,"2030-2035"
276,3,"2035-2040"
276,3,"2040-2045"
276,3,"2045-2050"
276,3,"2050-2055"
276,3,"2055-2060"
276,3,"2060-2065"
276,3,"2065-2070"
276,3,"2070-2075"
276,3,"2075-2080"
276,3,"2080-2085"
276,3,"2085-2090"
276,3,"2090-2095"
276,3,"2095-2100"
276,4,"2015-2020"
276,4,"2020-2025"
276,4,"2025-2030"
276,4,"2030-2035"
276,4,"2035-2040"
276,4,"2040-2045"
276,4,"2045-2050"
276,4,"2050-2055"
276,4,"2055-2060"
276,4,"2060-2065"
276,4,"2065-2070"
276,4,"2070-2075"
276,4,"2075-2080"
276,4,"2080-2085"
276,4,"2085-2090"
276,4,"2090-2095"
276,4,"2095-2100"
276,5,"2015-2020"
276,5,"2020-2025"
276,5,"2025-2030"
276,5,"2030-2035"
276,5,"2035-2040"
276,5,"2040-2045"
276,5,"2045-2050"
276,5,"2050-2055"
276,5,"2055-2060"
276,5,"2060-2065"
276,5,"2065-2070"
276,5,"2070-2075"
276,5,"2075-2080"
276,5,"2080-2085"
276,5,"2085-2090"
276,5,"2090-2095"
276,5,"2095-2100"
276,6,"2015-2020"
276,6,"2020-2025"
276,6,"2025-2030"
276,6,"2030-2035"
276,6,"2035-2040"
276,6,"2040-2045"
276,6,"2045-2050"
276,6,"2050-2055"
276,6,"2055-2060"
276,6,"2060-2065"
276,6,"2065-2070"
276,6,"2070-2075"
276,6,"2075-2080"
276,6,"2080-2085"
276,6,"2085-2090"
276,6,"2090-2095"
276,6,"2095-2100"
276,7,"2015-2020"
276,7,"2020-2025"
276,7,"2025-2030"
276,7,"2030-2035"
276,7,"2035-2040"
276,7,"2040-2045"
276,7,"2045-2050"
276,7,"2050-2055"
276,7,"2055-2060"
276,7,"2060-2065"
276,7,"2065-2070"
276,7,"2070-2075"
276,7,"2075-2080"
276,7,"2080-2085"
276,7,"2085-2090"
276,7,"2090-2095"
276,7,"2095-2100"
276,8,"2015-2020"
276,8,"2020-2025"
276,8,"2025-2030"
276,8,"2030-2035"
276,8,"2035-2040"
276,8,"2040-2045"
276,8,"2045-2050"
276,8,"2050-2055"
276,8,"2055-2060"
276,8,"2060-2065"
276,8,"2065-2070"
276,8,"2070-2075"
276,8,"2075-2080"
276,8,"2080-2085"
276,8,"2085-2090"
276,8,"2090-2095"
276,8,"2095-2100"
276,9,"2015-2020"
276,9,"2020-2025"
276,9,"2025-2030"
276,9,"2030-2035"
276,9,"2035-2040"
276,9,"2040-2045"
276,9,"2045-2050"
276,9,"2050-2055"
276,9,"2055-2060"
276,9,"2060-2065"
276,9,"2065-2070"
276,9,"2070-2075"
276,9,"2075-2080"
276,9,"2080-2085"
276,9,"2085-2090"
276,9,"2090-2095"
276,9,"2095-2100"
276,202,"2015-2020"
276,202,"2020-2025"
276,202,"2025-2030"
276,202,"2030-2035"
276,202,"2035-2040"
276,202,"2040-2045"
276,202,"2045-2050"
276,202,"2050-2055"
276,202,"2055-2060"
276,202,"2060-2065"
276,202,"2065-2070"
276,202,"2070-2075"
276,202,"2075-2080"
276,202,"2080-2085"
276,202,"2085-2090"
276,202,"2090-2095"
276,202,"2095-2100"
288,3,"2015-2020"
288,3,"2020-2025"
288,3,"2025-2030"
288,3,"2030-2035"
288,3,"2035-2040"
288,3,"2040-2045"
288,3,"2045-2050"
288,3,"2050-2055"
288,3,"2055-2060"
288,3,"2060-2065"
288,3,"2065-2070"
288,3,"2070-2075"
288,3,"2075-2080"
288,3,"2080-2085"
288,3,"2085-2090"
288,3,"2090-2095"
288,3,"2095-2100"
288,4,"2015-2020"
288,4,"2020-2025"
288,4,"2025-2030"
288,4,"2030-2035"
288,4,"2035-2040"
288,4,"2040-2045"
288,4,"2045-2050"
288,4,"2050-2055"
288,4,"2055-2060"
288,4,"2060-2065"
288,4,"2065-2070"
288,4,"2070-2075"
288,4,"2075-2080"
288,4,"2080-2085"
288,4,"2085-2090"
288,4,"2090-2095"
288,4,"2095-2100"
288,5,"2015-2020"
288,5,"2020-2025"
288,5,"2025-2030"
288,5,"2030-2035"
288,5,"2035-2040"
288,5,"2040-2045"
288,5,"2045-2050"
288,5,"2050-2055"
288,5,"2055-2060"
288,5,"2060-2065"
288,5,"2065-2070"
288,5,"2070-2075"
288,5,"2075-2080"
288,5,"2080-2085"
288,5,"2085-2090"
288,5,"2090-2095"
288,5,"2095-2100"
288,6,"2015-2020"
288,6,"2020-2025"
288,6,"2025-2030"
288,6,"2030-2035"
288,6,"2035-2040"
288,6,"2040-2045"
288,6,"2045-2050"
288,6,"2050-2055"
288,6,"2055-2060"
288,6,"2060-2065"
288,6,"2065-2070"
288,6,"2070-2075"
288,6,"2075-2080"
288,6,"2080-2085"
288,6,"2085-2090"
288,6,"2090-2095"
288,6,"2095-2100"
288,7,"2015-2020"
288,7,"2020-2025"
288,7,"2025-2030"
288,7,"2030-2035"
288,7,"2035-2040"
288,7,"2040-2045"
288,7,"2045-2050"
288,7,"2050-2055"
288,7,"2055-2060"
288,7,"2060-2065"
288,7,"2065-2070"
288,7,"2070-2075"
288,7,"2075-2080"
288,7,"2080-2085"
288,7,"2085-2090"
288,7,"2090-2095"
288,7,"2095-2100"
288,8,"2015-2020"
288,8,"2020-2025"
288,8,"2025-2030"
288,8,"2030-2035"
288,8,"2035-2040"
288,8,"2040-2045"
288,8,"2045-2050"
288,8,"2050-2055"
288,8,"2055-2060"
288,8,"2060-2065"
288,8,"2065-2070"
288,8,"2070-2075"
288,8,"2075-2080"
288,8,"2080-2085"
288,8,"2085-2090"
288,8,"2090-2095"
288,8,"2095-2100"
288,9,"2015-2020"
288,9,"2020-2025"
288,9,"2025-2030"
288,9,"2030-2035"
288,9,"2035-2040"
288,9,"2040-2045"
288,9,"2045-2050"
288,9,"2050-2055"
288,9,"2055-2060"
288,9,"2060-2065"
288,9,"2065-2070"
288,9,"2070-2075"
288,9,"2075-2080"
288,9,"2080-2085"
288,9,"2085-2090"
288,9,"2090-2095"
288,9,"2095-2100"
288,202,"2015-2020"
288,202,"2020-2025"
288,202,"2025-2030"
288,202,"2030-2035"
288,202,"2035-2040"
288,202,"2040-2045"
288,202,"2045-2050"
288,202,"2050-2055"
288,202,"2055-2060"
288,202,"2060-2065"
288,202,"2065-2070"
288,202,"2070-2075"
288,202,"2075-2080"
288,202,"2080-2085"
288,202,"2085-2090"
288,202,"2090-2095"
288,202,"2095-2100"
292,3,"2015-2020"
292,3,"2020-2025"
292,3,"2025-2030"
292,3,"2030-2035"
292,3,"2035-2040"
292,3,"2040-2045"
292,3,"2045-2050"
292,3,"2050-2055"
292,3,"2055-2060"
292,3,"2060-2065"
292,3,"2065-2070"
292,3,"2070-2075"
292,3,"2075-2080"
292,3,"2080-2085"
292,3,"2085-2090"
292,3,"2090-2095"
292,3,"2095-2100"
292,4,"2015-2020"
292,4,"2020-2025"
292,4,"2025-2030"
292,4,"2030-2035"
292,4,"2035-2040"
292,4,"2040-2045"
292,4,"2045-2050"
292,4,"2050-2055"
292,4,"2055-2060"
292,4,"2060-2065"
292,4,"2065-2070"
292,4,"2070-2075"
292,4,"2075-2080"
292,4,"2080-2085"
292,4,"2085-2090"
292,4,"2090-2095"
292,4,"2095-2100"
292,5,"2015-2020"
292,5,"2020-2025"
292,5,"2025-2030"
292,5,"2030-2035"
292,5,"2035-2040"
292,5,"2040-2045"
292,5,"2045-2050"
292,5,"2050-2055"
292,5,"2055-2060"
292,5,"2060-2065"
292,5,"2065-2070"
292,5,"2070-2075"
292,5,"2075-2080"
292,5,"2080-2085"
292,5,"2085-2090"
292,5,"2090-2095"
292,5,"2095-2100"
292,6,"2015-2020"
292,6,"2020-2025"
292,6,"2025-2030"
292,6,"2030-2035"
292,6,"2035-2040"
292,6,"2040-2045"
292,6,"2045-2050"
292,6,"2050-2055"
292,6,"2055-2060"
292,6,"2060-2065"
292,6,"2065-2070"
292,6,"2070-2075"
292,6,"2075-2080"
292,6,"2080-2085"
292,6,"2085-2090"
292,6,"2090-2095"
292,6,"2095-2100"
292,7,"2015-2020"
292,7,"2020-2025"
292,7,"2025-2030"
292,7,"2030-2035"
292,7,"2035-2040"
292,7,"2040-2045"
292,7,"2045-2050"
292,7,"2050-2055"
292,7,"2055-2060"
292,7,"2060-2065"
292,7,"2065-2070"
292,7,"2070-2075"
292,7,"2075-2080"
292,7,"2080-2085"
292,7,"2085-2090"
292,7,"2090-2095"
292,7,"2095-2100"
292,8,"2015-2020"
292,8,"2020-2025"
292,8,"2025-2030"
292,8,"2030-2035"
292,8,"2035-2040"
292,8,"2040-2045"
292,8,"2045-2050"
292,8,"2050-2055"
292,8,"2055-2060"
292,8,"2060-2065"
292,8,"2065-2070"
292,8,"2070-2075"
292,8,"2075-2080"
292,8,"2080-2085"
292,8,"2085-2090"
292,8,"2090-2095"
292,8,"2095-2100"
292,9,"2015-2020"
292,9,"2020-2025"
292,9,"2025-2030"
292,9,"2030-2035"
292,9,"2035-2040"
292,9,"2040-2045"
292,9,"2045-2050"
292,9,"2050-2055"
292,9,"2055-2060"
292,9,"2060-2065"
292,9,"2065-2070"
292,9,"2070-2075"
292,9,"2075-2080"
292,9,"2080-2085"
292,9,"2085-2090"
292,9,"2090-2095"
292,9,"2095-2100"
300,3,"2015-2020"
300,3,"2020-2025"
300,3,"2025-2030"
300,3,"2030-2035"
300,3,"2035-2040"
300,3,"2040-2045"
300,3,"2045-2050"
300,3,"2050-2055"
300,3,"2055-2060"
300,3,"2060-2065"
300,3,"2065-2070"
300,3,"2070-2075"
300,3,"2075-2080"
300,3,"2080-2085"
300,3,"2085-2090"
300,3,"2090-2095"
300,3,"2095-2100"
300,4,"2015-2020"
300,4,"2020-2025"
300,4,"2025-2030"
300,4,"2030-2035"
300,4,"2035-2040"
300,4,"2040-2045"
300,4,"2045-2050"
300,4,"2050-2055"
300,4,"2055-2060"
300,4,"2060-2065"
300,4,"2065-2070"
300,4,"2070-2075"
300,4,"2075-2080"
300,4,"2080-2085"
300,4,"2085-2090"
300,4,"2090-2095"
300,4,"2095-2100"
300,5,"2015-2020"
300,5,"2020-2025"
300,5,"2025-2030"
300,5,"2030-2035"
300,5,"2035-2040"
300,5,"2040-2045"
300,5,"2045-2050"
300,5,"2050-2055"
300,5,"2055-2060"
300,5,"2060-2065"
300,5,"2065-2070"
300,5,"2070-2075"
300,5,"2075-2080"
300,5,"2080-2085"
300,5,"2085-2090"
300,5,"2090-2095"
300,5,"2095-2100"
300,6,"2015-2020"
300,6,"2020-2025"
300,6,"2025-2030"
300,6,"2030-2035"
300,6,"2035-2040"
300,6,"2040-2045"
300,6,"2045-2050"
300,6,"2050-2055"
300,6,"2055-2060"
300,6,"2060-2065"
300,6,"2065-2070"
300,6,"2070-2075"
300,6,"2075-2080"
300,6,"2080-2085"
300,6,"2085-2090"
300,6,"2090-2095"
300,6,"2095-2100"
300,7,"2015-2020"
300,7,"2020-2025"
300,7,"2025-2030"
300,7,"2030-2035"
300,7,"2035-2040"
300,7,"2040-2045"
300,7,"2045-2050"
300,7,"2050-2055"
300,7,"2055-2060"
300,7,"2060-2065"
300,7,"2065-2070"
300,7,"2070-2075"
300,7,"2075-2080"
300,7,"2080-2085"
300,7,"2085-2090"
300,7,"2090-2095"
300,7,"2095-2100"
300,8,"2015-2020"
300,8,"2020-2025"
300,8,"2025-2030"
300,8,"2030-2035"
300,8,"2035-2040"
300,8,"2040-2045"
300,8,"2045-2050"
300,8,"2050-2055"
300,8,"2055-2060"
300,8,"2060-2065"
300,8,"2065-2070"
300,8,"2070-2075"
300,8,"2075-2080"
300,8,"2080-2085"
300,8,"2085-2090"
300,8,"2090-2095"
300,8,"2095-2100"
300,9,"2015-2020"
300,9,"2020-2025"
300,9,"2025-2030"
300,9,"2030-2035"
300,9,"2035-2040"
300,9,"2040-2045"
300,9,"2045-2050"
300,9,"2050-2055"
300,9,"2055-2060"
300,9,"2060-2065"
300,9,"2065-2070"
300,9,"2070-2075"
300,9,"2075-2080"
300,9,"2080-2085"
300,9,"2085-2090"
300,9,"2090-2095"
300,9,"2095-2100"
300,202,"2015-2020"
300,202,"2020-2025"
300,202,"2025-2030"
300,202,"2030-2035"
300,202,"2035-2040"
300,202,"2040-2045"
300,202,"2045-2050"
300,202,"2050-2055"
300,202,"2055-2060"
300,202,"2060-2065"
300,202,"2065-2070"
300,202,"2070-2075"
300,202,"2075-2080"
300,202,"2080-2085"
300,202,"2085-2090"
300,202,"2090-2095"
300,202,"2095-2100"
304,3,"2015-2020"
304,3,"2020-2025"
304,3,"2025-2030"
304,3,"2030-2035"
304,3,"2035-2040"
304,3,"2040-2045"
304,3,"2045-2050"
304,3,"2050-2055"
304,3,"2055-2060"
304,3,"2060-2065"
304,3,"2065-2070"
304,3,"2070-2075"
304,3,"2075-2080"
304,3,"2080-2085"
304,3,"2085-2090"
304,3,"2090-2095"
304,3,"2095-2100"
304,4,"2015-2020"
304,4,"2020-2025"
304,4,"2025-2030"
304,4,"2030-2035"
304,4,"2035-2040"
304,4,"2040-2045"
304,4,"2045-2050"
304,4,"2050-2055"
304,4,"2055-2060"
304,4,"2060-2065"
304,4,"2065-2070"
304,4,"2070-2075"
304,4,"2075-2080"
304,4,"2080-2085"
304,4,"2085-2090"
304,4,"2090-2095"
304,4,"2095-2100"
304,5,"2015-2020"
304,5,"2020-2025"
304,5,"2025-2030"
304,5,"2030-2035"
304,5,"2035-2040"
304,5,"2040-2045"
304,5,"2045-2050"
304,5,"2050-2055"
304,5,"2055-2060"
304,5,"2060-2065"
304,5,"2065-2070"
304,5,"2070-2075"
304,5,"2075-2080"
304,5,"2080-2085"
304,5,"2085-2090"
304,5,"2090-2095"
304,5,"2095-2100"
304,6,"2015-2020"
304,6,"2020-2025"
304,6,"2025-2030"
304,6,"2030-2035"
304,6,"2035-2040"
304,6,"2040-2045"
304,6,"2045-2050"
304,6,"2050-2055"
304,6,"2055-2060"
304,6,"2060-2065"
304,6,"2065-2070"
304,6,"2070-2075"
304,6,"2075-2080"
304,6,"2080-2085"
304,6,"2085-2090"
304,6,"2090-2095"
304,6,"2095-2100"
304,7,"2015-2020"
304,7,"2020-2025"
304,7,"2025-2030"
304,7,"2030-2035"
304,7,"2035-2040"
304,7,"2040-2045"
304,7,"2045-2050"
304,7,"2050-2055"
304,7,"2055-2060"
304,7,"2060-2065"
304,7,"2065-2070"
304,7,"2070-2075"
304,7,"2075-2080"
304,7,"2080-2085"
304,7,"2085-2090"
304,7,"2090-2095"
304,7,"2095-2100"
304,8,"2015-2020"
304,8,"2020-2025"
304,8,"2025-2030"
304,8,"2030-2035"
304,8,"2035-2040"
304,8,"2040-2045"
304,8,"2045-2050"
304,8,"2050-2055"
304,8,"2055-2060"
304,8,"2060-2065"
304,8,"2065-2070"
304,8,"2070-2075"
304,8,"2075-2080"
304,8,"2080-2085"
304,8,"2085-2090"
304,8,"2090-2095"
304,8,"2095-2100"
304,9,"2015-2020"
304,9,"2020-2025"
304,9,"2025-2030"
304,9,"2030-2035"
304,9,"2035-2040"
304,9,"2040-2045"
304,9,"2045-2050"
304,9,"2050-2055"
304,9,"2055-2060"
304,9,"2060-2065"
304,9,"2065-2070"
304,9,"2070-2075"
304,9,"2075-2080"
304,9,"2080-2085"
304,9,"2085-2090"
304,9,"2090-2095"
304,9,"2095-2100"
308,3,"2015-2020"
308,3,"2020-2025"
308,3,"2025-2030"
308,3,"2030-2035"
308,3,"2035-2040"
308,3,"2040-2045"
308,3,"2045-2050"
308,3,"2050-2055"
308,3,"2055-2060"
308,3,"2060-2065"
308,3,"2065-2070"
308,3,"2070-2075"
308,3,"2075-2080"
308,3,"2080-2085"
308,3,"2085-2090"
308,3,"2090-2095"
308,3,"2095-2100"
308,4,"2015-2020"
308,4,"2020-2025"
308,4,"2025-2030"
308,4,"2030-2035"
308,4,"2035-2040"
308,4,"2040-2045"
308,4,"2045-2050"
308,4,"2050-2055"
308,4,"2055-2060"
308,4,"2060-2065"
308,4,"2065-2070"
308,4,"2070-2075"
308,4,"2075-2080"
308,4,"2080-2085"
308,4,"2085-2090"
308,4,"2090-2095"
308,4,"2095-2100"
308,5,"2015-2020"
308,5,"2020-2025"
308,5,"2025-2030"
308,5,"2030-2035"
308,5,"2035-2040"
308,5,"2040-2045"
308,5,"2045-2050"
308,5,"2050-2055"
308,5,"2055-2060"
308,5,"2060-2065"
308,5,"2065-2070"
308,5,"2070-2075"
308,5,"2075-2080"
308,5,"2080-2085"
308,5,"2085-2090"
308,5,"2090-2095"
308,5,"2095-2100"
308,6,"2015-2020"
308,6,"2020-2025"
308,6,"2025-2030"
308,6,"2030-2035"
308,6,"2035-2040"
308,6,"2040-2045"
308,6,"2045-2050"
308,6,"2050-2055"
308,6,"2055-2060"
308,6,"2060-2065"
308,6,"2065-2070"
308,6,"2070-2075"
308,6,"2075-2080"
308,6,"2080-2085"
308,6,"2085-2090"
308,6,"2090-2095"
308,6,"2095-2100"
308,7,"2015-2020"
308,7,"2020-2025"
308,7,"2025-2030"
308,7,"2030-2035"
308,7,"2035-2040"
308,7,"2040-2045"
308,7,"2045-2050"
308,7,"2050-2055"
308,7,"2055-2060"
308,7,"2060-2065"
308,7,"2065-2070"
308,7,"2070-2075"
308,7,"2075-2080"
308,7,"2080-2085"
308,7,"2085-2090"
308,7,"2090-2095"
308,7,"2095-2100"
308,8,"2015-2020"
308,8,"2020-2025"
308,8,"2025-2030"
308,8,"2030-2035"
308,8,"2035-2040"
308,8,"2040-2045"
308,8,"2045-2050"
308,8,"2050-2055"
308,8,"2055-2060"
308,8,"2060-2065"
308,8,"2065-2070"
308,8,"2070-2075"
308,8,"2075-2080"
308,8,"2080-2085"
308,8,"2085-2090"
308,8,"2090-2095"
308,8,"2095-2100"
308,9,"2015-2020"
308,9,"2020-2025"
308,9,"2025-2030"
308,9,"2030-2035"
308,9,"2035-2040"
308,9,"2040-2045"
308,9,"2045-2050"
308,9,"2050-2055"
308,9,"2055-2060"
308,9,"2060-2065"
308,9,"2065-2070"
308,9,"2070-2075"
308,9,"2075-2080"
308,9,"2080-2085"
308,9,"2085-2090"
308,9,"2090-2095"
308,9,"2095-2100"
308,202,"2015-2020"
308,202,"2020-2025"
308,202,"2025-2030"
308,202,"2030-2035"
308,202,"2035-2040"
308,202,"2040-2045"
308,202,"2045-2050"
308,202,"2050-2055"
308,202,"2055-2060"
308,202,"2060-2065"
308,202,"2065-2070"
308,202,"2070-2075"
308,202,"2075-2080"
308,202,"2080-2085"
308,202,"2085-2090"
308,202,"2090-2095"
308,202,"2095-2100"
312,3,"2015-2020"
312,3,"2020-2025"
312,3,"2025-2030"
312,3,"2030-2035"
312,3,"2035-2040"
312,3,"2040-2045"
312,3,"2045-2050"
312,3,"2050-2055"
312,3,"2055-2060"
312,3,"2060-2065"
312,3,"2065-2070"
312,3,"2070-2075"
312,3,"2075-2080"
312,3,"2080-2085"
312,3,"2085-2090"
312,3,"2090-2095"
312,3,"2095-2100"
312,4,"2015-2020"
312,4,"2020-2025"
312,4,"2025-2030"
312,4,"2030-2035"
312,4,"2035-2040"
312,4,"2040-2045"
312,4,"2045-2050"
312,4,"2050-2055"
312,4,"2055-2060"
312,4,"2060-2065"
312,4,"2065-2070"
312,4,"2070-2075"
312,4,"2075-2080"
312,4,"2080-2085"
312,4,"2085-2090"
312,4,"2090-2095"
312,4,"2095-2100"
312,5,"2015-2020"
312,5,"2020-2025"
312,5,"2025-2030"
312,5,"2030-2035"
312,5,"2035-2040"
312,5,"2040-2045"
312,5,"2045-2050"
312,5,"2050-2055"
312,5,"2055-2060"
312,5,"2060-2065"
312,5,"2065-2070"
312,5,"2070-2075"
312,5,"2075-2080"
312,5,"2080-2085"
312,5,"2085-2090"
312,5,"2090-2095"
312,5,"2095-2100"
312,6,"2015-2020"
312,6,"2020-2025"
312,6,"2025-2030"
312,6,"2030-2035"
312,6,"2035-2040"
312,6,"2040-2045"
312,6,"2045-2050"
312,6,"2050-2055"
312,6,"2055-2060"
312,6,"2060-2065"
312,6,"2065-2070"
312,6,"2070-2075"
312,6,"2075-2080"
312,6,"2080-2085"
312,6,"2085-2090"
312,6,"2090-2095"
312,6,"2095-2100"
312,7,"2015-2020"
312,7,"2020-2025"
312,7,"2025-2030"
312,7,"2030-2035"
312,7,"2035-2040"
312,7,"2040-2045"
312,7,"2045-2050"
312,7,"2050-2055"
312,7,"2055-2060"
312,7,"2060-2065"
312,7,"2065-2070"
312,7,"2070-2075"
312,7,"2075-2080"
312,7,"2080-2085"
312,7,"2085-2090"
312,7,"2090-2095"
312,7,"2095-2100"
312,8,"2015-2020"
312,8,"2020-2025"
312,8,"2025-2030"
312,8,"2030-2035"
312,8,"2035-2040"
312,8,"2040-2045"
312,8,"2045-2050"
312,8,"2050-2055"
312,8,"2055-2060"
312,8,"2060-2065"
312,8,"2065-2070"
312,8,"2070-2075"
312,8,"2075-2080"
312,8,"2080-2085"
312,8,"2085-2090"
312,8,"2090-2095"
312,8,"2095-2100"
312,9,"2015-2020"
312,9,"2020-2025"
312,9,"2025-2030"
312,9,"2030-2035"
312,9,"2035-2040"
312,9,"2040-2045"
312,9,"2045-2050"
312,9,"2050-2055"
312,9,"2055-2060"
312,9,"2060-2065"
312,9,"2065-2070"
312,9,"2070-2075"
312,9,"2075-2080"
312,9,"2080-2085"
312,9,"2085-2090"
312,9,"2090-2095"
312,9,"2095-2100"
312,202,"2015-2020"
312,202,"2020-2025"
312,202,"2025-2030"
312,202,"2030-2035"
312,202,"2035-2040"
312,202,"2040-2045"
312,202,"2045-2050"
312,202,"2050-2055"
312,202,"2055-2060"
312,202,"2060-2065"
312,202,"2065-2070"
312,202,"2070-2075"
312,202,"2075-2080"
312,202,"2080-2085"
312,202,"2085-2090"
312,202,"2090-2095"
312,202,"2095-2100"
316,3,"2015-2020"
316,3,"2020-2025"
316,3,"2025-2030"
316,3,"2030-2035"
316,3,"2035-2040"
316,3,"2040-2045"
316,3,"2045-2050"
316,3,"2050-2055"
316,3,"2055-2060"
316,3,"2060-2065"
316,3,"2065-2070"
316,3,"2070-2075"
316,3,"2075-2080"
316,3,"2080-2085"
316,3,"2085-2090"
316,3,"2090-2095"
316,3,"2095-2100"
316,4,"2015-2020"
316,4,"2020-2025"
316,4,"2025-2030"
316,4,"2030-2035"
316,4,"2035-2040"
316,4,"2040-2045"
316,4,"2045-2050"
316,4,"2050-2055"
316,4,"2055-2060"
316,4,"2060-2065"
316,4,"2065-2070"
316,4,"2070-2075"
316,4,"2075-2080"
316,4,"2080-2085"
316,4,"2085-2090"
316,4,"2090-2095"
316,4,"2095-2100"
316,5,"2015-2020"
316,5,"2020-2025"
316,5,"2025-2030"
316,5,"2030-2035"
316,5,"2035-2040"
316,5,"2040-2045"
316,5,"2045-2050"
316,5,"2050-2055"
316,5,"2055-2060"
316,5,"2060-2065"
316,5,"2065-2070"
316,5,"2070-2075"
316,5,"2075-2080"
316,5,"2080-2085"
316,5,"2085-2090"
316,5,"2090-2095"
316,5,"2095-2100"
316,6,"2015-2020"
316,6,"2020-2025"
316,6,"2025-2030"
316,6,"2030-2035"
316,6,"2035-2040"
316,6,"2040-2045"
316,6,"2045-2050"
316,6,"2050-2055"
316,6,"2055-2060"
316,6,"2060-2065"
316,6,"2065-2070"
316,6,"2070-2075"
316,6,"2075-2080"
316,6,"2080-2085"
316,6,"2085-2090"
316,6,"2090-2095"
316,6,"2095-2100"
316,7,"2015-2020"
316,7,"2020-2025"
316,7,"2025-2030"
316,7,"2030-2035"
316,7,"2035-2040"
316,7,"2040-2045"
316,7,"2045-2050"
316,7,"2050-2055"
316,7,"2055-2060"
316,7,"2060-2065"
316,7,"2065-2070"
316,7,"2070-2075"
316,7,"2075-2080"
316,7,"2080-2085"
316,7,"2085-2090"
316,7,"2090-2095"
316,7,"2095-2100"
316,8,"2015-2020"
316,8,"2020-2025"
316,8,"2025-2030"
316,8,"2030-2035"
316,8,"2035-2040"
316,8,"2040-2045"
316,8,"2045-2050"
316,8,"2050-2055"
316,8,"2055-2060"
316,8,"2060-2065"
316,8,"2065-2070"
316,8,"2070-2075"
316,8,"2075-2080"
316,8,"2080-2085"
316,8,"2085-2090"
316,8,"2090-2095"
316,8,"2095-2100"
316,9,"2015-2020"
316,9,"2020-2025"
316,9,"2025-2030"
316,9,"2030-2035"
316,9,"2035-2040"
316,9,"2040-2045"
316,9,"2045-2050"
316,9,"2050-2055"
316,9,"2055-2060"
316,9,"2060-2065"
316,9,"2065-2070"
316,9,"2070-2075"
316,9,"2075-2080"
316,9,"2080-2085"
316,9,"2085-2090"
316,9,"2090-2095"
316,9,"2095-2100"
316,202,"2015-2020"
316,202,"2020-2025"
316,202,"2025-2030"
316,202,"2030-2035"
316,202,"2035-2040"
316,202,"2040-2045"
316,202,"2045-2050"
316,202,"2050-2055"
316,202,"2055-2060"
316,202,"2060-2065"
316,202,"2065-2070"
316,202,"2070-2075"
316,202,"2075-2080"
316,202,"2080-2085"
316,202,"2085-2090"
316,202,"2090-2095"
316,202,"2095-2100"
320,3,"2015-2020"
320,3,"2020-2025"
320,3,"2025-2030"
320,3,"2030-2035"
320,3,"2035-2040"
320,3,"2040-2045"
320,3,"2045-2050"
320,3,"2050-2055"
320,3,"2055-2060"
320,3,"2060-2065"
320,3,"2065-2070"
320,3,"2070-2075"
320,3,"2075-2080"
320,3,"2080-2085"
320,3,"2085-2090"
320,3,"2090-2095"
320,3,"2095-2100"
320,4,"2015-2020"
320,4,"2020-2025"
320,4,"2025-2030"
320,4,"2030-2035"
320,4,"2035-2040"
320,4,"2040-2045"
320,4,"2045-2050"
320,4,"2050-2055"
320,4,"2055-2060"
320,4,"2060-2065"
320,4,"2065-2070"
320,4,"2070-2075"
320,4,"2075-2080"
320,4,"2080-2085"
320,4,"2085-2090"
320,4,"2090-2095"
320,4,"2095-2100"
320,5,"2015-2020"
320,5,"2020-2025"
320,5,"2025-2030"
320,5,"2030-2035"
320,5,"2035-2040"
320,5,"2040-2045"
320,5,"2045-2050"
320,5,"2050-2055"
320,5,"2055-2060"
320,5,"2060-2065"
320,5,"2065-2070"
320,5,"2070-2075"
320,5,"2075-2080"
320,5,"2080-2085"
320,5,"2085-2090"
320,5,"2090-2095"
320,5,"2095-2100"
320,6,"2015-2020"
320,6,"2020-2025"
320,6,"2025-2030"
320,6,"2030-2035"
320,6,"2035-2040"
320,6,"2040-2045"
320,6,"2045-2050"
320,6,"2050-2055"
320,6,"2055-2060"
320,6,"2060-2065"
320,6,"2065-2070"
320,6,"2070-2075"
320,6,"2075-2080"
320,6,"2080-2085"
320,6,"2085-2090"
320,6,"2090-2095"
320,6,"2095-2100"
320,7,"2015-2020"
320,7,"2020-2025"
320,7,"2025-2030"
320,7,"2030-2035"
320,7,"2035-2040"
320,7,"2040-2045"
320,7,"2045-2050"
320,7,"2050-2055"
320,7,"2055-2060"
320,7,"2060-2065"
320,7,"2065-2070"
320,7,"2070-2075"
320,7,"2075-2080"
320,7,"2080-2085"
320,7,"2085-2090"
320,7,"2090-2095"
320,7,"2095-2100"
320,8,"2015-2020"
320,8,"2020-2025"
320,8,"2025-2030"
320,8,"2030-2035"
320,8,"2035-2040"
320,8,"2040-2045"
320,8,"2045-2050"
320,8,"2050-2055"
320,8,"2055-2060"
320,8,"2060-2065"
320,8,"2065-2070"
320,8,"2070-2075"
320,8,"2075-2080"
320,8,"2080-2085"
320,8,"2085-2090"
320,8,"2090-2095"
320,8,"2095-2100"
320,9,"2015-2020"
320,9,"2020-2025"
320,9,"2025-2030"
320,9,"2030-2035"
320,9,"2035-2040"
320,9,"2040-2045"
320,9,"2045-2050"
320,9,"2050-2055"
320,9,"2055-2060"
320,9,"2060-2065"
320,9,"2065-2070"
320,9,"2070-2075"
320,9,"2075-2080"
320,9,"2080-2085"
320,9,"2085-2090"
320,9,"2090-2095"
320,9,"2095-2100"
320,202,"2015-2020"
320,202,"2020-2025"
320,202,"2025-2030"
320,202,"2030-2035"
320,202,"2035-2040"
320,202,"2040-2045"
320,202,"2045-2050"
320,202,"2050-2055"
320,202,"2055-2060"
320,202,"2060-2065"
320,202,"2065-2070"
320,202,"2070-2075"
320,202,"2075-2080"
320,202,"2080-2085"
320,202,"2085-2090"
320,202,"2090-2095"
320,202,"2095-2100"
324,3,"2015-2020"
324,3,"2020-2025"
324,3,"2025-2030"
324,3,"2030-2035"
324,3,"2035-2040"
324,3,"2040-2045"
324,3,"2045-2050"
324,3,"2050-2055"
324,3,"2055-2060"
324,3,"2060-2065"
324,3,"2065-2070"
324,3,"2070-2075"
324,3,"2075-2080"
324,3,"2080-2085"
324,3,"2085-2090"
324,3,"2090-2095"
324,3,"2095-2100"
324,4,"2015-2020"
324,4,"2020-2025"
324,4,"2025-2030"
324,4,"2030-2035"
324,4,"2035-2040"
324,4,"2040-2045"
324,4,"2045-2050"
324,4,"2050-2055"
324,4,"2055-2060"
324,4,"2060-2065"
324,4,"2065-2070"
324,4,"2070-2075"
324,4,"2075-2080"
324,4,"2080-2085"
324,4,"2085-2090"
324,4,"2090-2095"
324,4,"2095-2100"
324,5,"2015-2020"
324,5,"2020-2025"
324,5,"2025-2030"
324,5,"2030-2035"
324,5,"2035-2040"
324,5,"2040-2045"
324,5,"2045-2050"
324,5,"2050-2055"
324,5,"2055-2060"
324,5,"2060-2065"
324,5,"2065-2070"
324,5,"2070-2075"
324,5,"2075-2080"
324,5,"2080-2085"
324,5,"2085-2090"
324,5,"2090-2095"
324,5,"2095-2100"
324,6,"2015-2020"
324,6,"2020-2025"
324,6,"2025-2030"
324,6,"2030-2035"
324,6,"2035-2040"
324,6,"2040-2045"
324,6,"2045-2050"
324,6,"2050-2055"
324,6,"2055-2060"
324,6,"2060-2065"
324,6,"2065-2070"
324,6,"2070-2075"
324,6,"2075-2080"
324,6,"2080-2085"
324,6,"2085-2090"
324,6,"2090-2095"
324,6,"2095-2100"
324,7,"2015-2020"
324,7,"2020-2025"
324,7,"2025-2030"
324,7,"2030-2035"
324,7,"2035-2040"
324,7,"2040-2045"
324,7,"2045-2050"
324,7,"2050-2055"
324,7,"2055-2060"
324,7,"2060-2065"
324,7,"2065-2070"
324,7,"2070-2075"
324,7,"2075-2080"
324,7,"2080-2085"
324,7,"2085-2090"
324,7,"2090-2095"
324,7,"2095-2100"
324,8,"2015-2020"
324,8,"2020-2025"
324,8,"2025-2030"
324,8,"2030-2035"
324,8,"2035-2040"
324,8,"2040-2045"
324,8,"2045-2050"
324,8,"2050-2055"
324,8,"2055-2060"
324,8,"2060-2065"
324,8,"2065-2070"
324,8,"2070-2075"
324,8,"2075-2080"
324,8,"2080-2085"
324,8,"2085-2090"
324,8,"2090-2095"
324,8,"2095-2100"
324,9,"2015-2020"
324,9,"2020-2025"
324,9,"2025-2030"
324,9,"2030-2035"
324,9,"2035-2040"
324,9,"2040-2045"
324,9,"2045-2050"
324,9,"2050-2055"
324,9,"2055-2060"
324,9,"2060-2065"
324,9,"2065-2070"
324,9,"2070-2075"
324,9,"2075-2080"
324,9,"2080-2085"
324,9,"2085-2090"
324,9,"2090-2095"
324,9,"2095-2100"
324,202,"2015-2020"
324,202,"2020-2025"
324,202,"2025-2030"
324,202,"2030-2035"
324,202,"2035-2040"
324,202,"2040-2045"
324,202,"2045-2050"
324,202,"2050-2055"
324,202,"2055-2060"
324,202,"2060-2065"
324,202,"2065-2070"
324,202,"2070-2075"
324,202,"2075-2080"
324,202,"2080-2085"
324,202,"2085-2090"
324,202,"2090-2095"
324,202,"2095-2100"
624,3,"2015-2020"
624,3,"2020-2025"
624,3,"2025-2030"
624,3,"2030-2035"
624,3,"2035-2040"
624,3,"2040-2045"
624,3,"2045-2050"
624,3,"2050-2055"
624,3,"2055-2060"
624,3,"2060-2065"
624,3,"2065-2070"
624,3,"2070-2075"
624,3,"2075-2080"
624,3,"2080-2085"
624,3,"2085-2090"
624,3,"2090-2095"
624,3,"2095-2100"
624,4,"2015-2020"
624,4,"2020-2025"
624,4,"2025-2030"
624,4,"2030-2035"
624,4,"2035-2040"
624,4,"2040-2045"
624,4,"2045-2050"
624,4,"2050-2055"
624,4,"2055-2060"
624,4,"2060-2065"
624,4,"2065-2070"
624,4,"2070-2075"
624,4,"2075-2080"
624,4,"2080-2085"
624,4,"2085-2090"
624,4,"2090-2095"
624,4,"2095-2100"
624,5,"2015-2020"
624,5,"2020-2025"
624,5,"2025-2030"
624,5,"2030-2035"
624,5,"2035-2040"
624,5,"2040-2045"
624,5,"2045-2050"
624,5,"2050-2055"
624,5,"2055-2060"
624,5,"2060-2065"
624,5,"2065-2070"
624,5,"2070-2075"
624,5,"2075-2080"
624,5,"2080-2085"
624,5,"2085-2090"
624,5,"2090-2095"
624,5,"2095-2100"
624,6,"2015-2020"
624,6,"2020-2025"
624,6,"2025-2030"
624,6,"2030-2035"
624,6,"2035-2040"
624,6,"2040-2045"
624,6,"2045-2050"
624,6,"2050-2055"
624,6,"2055-2060"
624,6,"2060-2065"
624,6,"2065-2070"
624,6,"2070-2075"
624,6,"2075-2080"
624,6,"2080-2085"
624,6,"2085-2090"
624,6,"2090-2095"
624,6,"2095-2100"
624,7,"2015-2020"
624,7,"2020-2025"
624,7,"2025-2030"
624,7,"2030-2035"
624,7,"2035-2040"
624,7,"2040-2045"
624,7,"2045-2050"
624,7,"2050-2055"
624,7,"2055-2060"
624,7,"2060-2065"
624,7,"2065-2070"
624,7,"2070-2075"
624,7,"2075-2080"
624,7,"2080-2085"
624,7,"2085-2090"
624,7,"2090-2095"
624,7,"2095-2100"
624,8,"2015-2020"
624,8,"2020-2025"
624,8,"2025-2030"
624,8,"2030-2035"
624,8,"2035-2040"
624,8,"2040-2045"
624,8,"2045-2050"
624,8,"2050-2055"
624,8,"2055-2060"
624,8,"2060-2065"
624,8,"2065-2070"
624,8,"2070-2075"
624,8,"2075-2080"
624,8,"2080-2085"
624,8,"2085-2090"
624,8,"2090-2095"
624,8,"2095-2100"
624,9,"2015-2020"
624,9,"2020-2025"
624,9,"2025-2030"
624,9,"2030-2035"
624,9,"2035-2040"
624,9,"2040-2045"
624,9,"2045-2050"
624,9,"2050-2055"
624,9,"2055-2060"
624,9,"2060-2065"
624,9,"2065-2070"
624,9,"2070-2075"
624,9,"2075-2080"
624,9,"2080-2085"
624,9,"2085-2090"
624,9,"2090-2095"
624,9,"2095-2100"
624,202,"2015-2020"
624,202,"2020-2025"
624,202,"2025-2030"
624,202,"2030-2035"
624,202,"2035-2040"
624,202,"2040-2045"
624,202,"2045-2050"
624,202,"2050-2055"
624,202,"2055-2060"
624,202,"2060-2065"
624,202,"2065-2070"
624,202,"2070-2075"
624,202,"2075-2080"
624,202,"2080-2085"
624,202,"2085-2090"
624,202,"2090-2095"
624,202,"2095-2100"
328,3,"2015-2020"
328,3,"2020-2025"
328,3,"2025-2030"
328,3,"2030-2035"
328,3,"2035-2040"
328,3,"2040-2045"
328,3,"2045-2050"
328,3,"2050-2055"
328,3,"2055-2060"
328,3,"2060-2065"
328,3,"2065-2070"
328,3,"2070-2075"
328,3,"2075-2080"
328,3,"2080-2085"
328,3,"2085-2090"
328,3,"2090-2095"
328,3,"2095-2100"
328,4,"2015-2020"
328,4,"2020-2025"
328,4,"2025-2030"
328,4,"2030-2035"
328,4,"2035-2040"
328,4,"2040-2045"
328,4,"2045-2050"
328,4,"2050-2055"
328,4,"2055-2060"
328,4,"2060-2065"
328,4,"2065-2070"
328,4,"2070-2075"
328,4,"2075-2080"
328,4,"2080-2085"
328,4,"2085-2090"
328,4,"2090-2095"
328,4,"2095-2100"
328,5,"2015-2020"
328,5,"2020-2025"
328,5,"2025-2030"
328,5,"2030-2035"
328,5,"2035-2040"
328,5,"2040-2045"
328,5,"2045-2050"
328,5,"2050-2055"
328,5,"2055-2060"
328,5,"2060-2065"
328,5,"2065-2070"
328,5,"2070-2075"
328,5,"2075-2080"
328,5,"2080-2085"
328,5,"2085-2090"
328,5,"2090-2095"
328,5,"2095-2100"
328,6,"2015-2020"
328,6,"2020-2025"
328,6,"2025-2030"
328,6,"2030-2035"
328,6,"2035-2040"
328,6,"2040-2045"
328,6,"2045-2050"
328,6,"2050-2055"
328,6,"2055-2060"
328,6,"2060-2065"
328,6,"2065-2070"
328,6,"2070-2075"
328,6,"2075-2080"
328,6,"2080-2085"
328,6,"2085-2090"
328,6,"2090-2095"
328,6,"2095-2100"
328,7,"2015-2020"
328,7,"2020-2025"
328,7,"2025-2030"
328,7,"2030-2035"
328,7,"2035-2040"
328,7,"2040-2045"
328,7,"2045-2050"
328,7,"2050-2055"
328,7,"2055-2060"
328,7,"2060-2065"
328,7,"2065-2070"
328,7,"2070-2075"
328,7,"2075-2080"
328,7,"2080-2085"
328,7,"2085-2090"
328,7,"2090-2095"
328,7,"2095-2100"
328,8,"2015-2020"
328,8,"2020-2025"
328,8,"2025-2030"
328,8,"2030-2035"
328,8,"2035-2040"
328,8,"2040-2045"
328,8,"2045-2050"
328,8,"2050-2055"
328,8,"2055-2060"
328,8,"2060-2065"
328,8,"2065-2070"
328,8,"2070-2075"
328,8,"2075-2080"
328,8,"2080-2085"
328,8,"2085-2090"
328,8,"2090-2095"
328,8,"2095-2100"
328,9,"2015-2020"
328,9,"2020-2025"
328,9,"2025-2030"
328,9,"2030-2035"
328,9,"2035-2040"
328,9,"2040-2045"
328,9,"2045-2050"
328,9,"2050-2055"
328,9,"2055-2060"
328,9,"2060-2065"
328,9,"2065-2070"
328,9,"2070-2075"
328,9,"2075-2080"
328,9,"2080-2085"
328,9,"2085-2090"
328,9,"2090-2095"
328,9,"2095-2100"
328,202,"2015-2020"
328,202,"2020-2025"
328,202,"2025-2030"
328,202,"2030-2035"
328,202,"2035-2040"
328,202,"2040-2045"
328,202,"2045-2050"
328,202,"2050-2055"
328,202,"2055-2060"
328,202,"2060-2065"
328,202,"2065-2070"
328,202,"2070-2075"
328,202,"2075-2080"
328,202,"2080-2085"
328,202,"2085-2090"
328,202,"2090-2095"
328,202,"2095-2100"
332,3,"2015-2020"
332,3,"2020-2025"
332,3,"2025-2030"
332,3,"2030-2035"
332,3,"2035-2040"
332,3,"2040-2045"
332,3,"2045-2050"
332,3,"2050-2055"
332,3,"2055-2060"
332,3,"2060-2065"
332,3,"2065-2070"
332,3,"2070-2075"
332,3,"2075-2080"
332,3,"2080-2085"
332,3,"2085-2090"
332,3,"2090-2095"
332,3,"2095-2100"
332,4,"2015-2020"
332,4,"2020-2025"
332,4,"2025-2030"
332,4,"2030-2035"
332,4,"2035-2040"
332,4,"2040-2045"
332,4,"2045-2050"
332,4,"2050-2055"
332,4,"2055-2060"
332,4,"2060-2065"
332,4,"2065-2070"
332,4,"2070-2075"
332,4,"2075-2080"
332,4,"2080-2085"
332,4,"2085-2090"
332,4,"2090-2095"
332,4,"2095-2100"
332,5,"2015-2020"
332,5,"2020-2025"
332,5,"2025-2030"
332,5,"2030-2035"
332,5,"2035-2040"
332,5,"2040-2045"
332,5,"2045-2050"
332,5,"2050-2055"
332,5,"2055-2060"
332,5,"2060-2065"
332,5,"2065-2070"
332,5,"2070-2075"
332,5,"2075-2080"
332,5,"2080-2085"
332,5,"2085-2090"
332,5,"2090-2095"
332,5,"2095-2100"
332,6,"2015-2020"
332,6,"2020-2025"
332,6,"2025-2030"
332,6,"2030-2035"
332,6,"2035-2040"
332,6,"2040-2045"
332,6,"2045-2050"
332,6,"2050-2055"
332,6,"2055-2060"
332,6,"2060-2065"
332,6,"2065-2070"
332,6,"2070-2075"
332,6,"2075-2080"
332,6,"2080-2085"
332,6,"2085-2090"
332,6,"2090-2095"
332,6,"2095-2100"
332,7,"2015-2020"
332,7,"2020-2025"
332,7,"2025-2030"
332,7,"2030-2035"
332,7,"2035-2040"
332,7,"2040-2045"
332,7,"2045-2050"
332,7,"2050-2055"
332,7,"2055-2060"
332,7,"2060-2065"
332,7,"2065-2070"
332,7,"2070-2075"
332,7,"2075-2080"
332,7,"2080-2085"
332,7,"2085-2090"
332,7,"2090-2095"
332,7,"2095-2100"
332,8,"2015-2020"
332,8,"2020-2025"
332,8,"2025-2030"
332,8,"2030-2035"
332,8,"2035-2040"
332,8,"2040-2045"
332,8,"2045-2050"
332,8,"2050-2055"
332,8,"2055-2060"
332,8,"2060-2065"
332,8,"2065-2070"
332,8,"2070-2075"
332,8,"2075-2080"
332,8,"2080-2085"
332,8,"2085-2090"
332,8,"2090-2095"
332,8,"2095-2100"
332,9,"2015-2020"
332,9,"2020-2025"
332,9,"2025-2030"
332,9,"2030-2035"
332,9,"2035-2040"
332,9,"2040-2045"
332,9,"2045-2050"
332,9,"2050-2055"
332,9,"2055-2060"
332,9,"2060-2065"
332,9,"2065-2070"
332,9,"2070-2075"
332,9,"2075-2080"
332,9,"2080-2085"
332,9,"2085-2090"
332,9,"2090-2095"
332,9,"2095-2100"
332,202,"2015-2020"
332,202,"2020-2025"
332,202,"2025-2030"
332,202,"2030-2035"
332,202,"2035-2040"
332,202,"2040-2045"
332,202,"2045-2050"
332,202,"2050-2055"
332,202,"2055-2060"
332,202,"2060-2065"
332,202,"2065-2070"
332,202,"2070-2075"
332,202,"2075-2080"
332,202,"2080-2085"
332,202,"2085-2090"
332,202,"2090-2095"
332,202,"2095-2100"
1503,3,"2015-2020"
1503,3,"2020-2025"
1503,3,"2025-2030"
1503,3,"2030-2035"
1503,3,"2035-2040"
1503,3,"2040-2045"
1503,3,"2045-2050"
1503,3,"2050-2055"
1503,3,"2055-2060"
1503,3,"2060-2065"
1503,3,"2065-2070"
1503,3,"2070-2075"
1503,3,"2075-2080"
1503,3,"2080-2085"
1503,3,"2085-2090"
1503,3,"2090-2095"
1503,3,"2095-2100"
1503,4,"2015-2020"
1503,4,"2020-2025"
1503,4,"2025-2030"
1503,4,"2030-2035"
1503,4,"2035-2040"
1503,4,"2040-2045"
1503,4,"2045-2050"
1503,4,"2050-2055"
1503,4,"2055-2060"
1503,4,"2060-2065"
1503,4,"2065-2070"
1503,4,"2070-2075"
1503,4,"2075-2080"
1503,4,"2080-2085"
1503,4,"2085-2090"
1503,4,"2090-2095"
1503,4,"2095-2100"
1503,5,"2015-2020"
1503,5,"2020-2025"
1503,5,"2025-2030"
1503,5,"2030-2035"
1503,5,"2035-2040"
1503,5,"2040-2045"
1503,5,"2045-2050"
1503,5,"2050-2055"
1503,5,"2055-2060"
1503,5,"2060-2065"
1503,5,"2065-2070"
1503,5,"2070-2075"
1503,5,"2075-2080"
1503,5,"2080-2085"
1503,5,"2085-2090"
1503,5,"2090-2095"
1503,5,"2095-2100"
1503,6,"2015-2020"
1503,6,"2020-2025"
1503,6,"2025-2030"
1503,6,"2030-2035"
1503,6,"2035-2040"
1503,6,"2040-2045"
1503,6,"2045-2050"
1503,6,"2050-2055"
1503,6,"2055-2060"
1503,6,"2060-2065"
1503,6,"2065-2070"
1503,6,"2070-2075"
1503,6,"2075-2080"
1503,6,"2080-2085"
1503,6,"2085-2090"
1503,6,"2090-2095"
1503,6,"2095-2100"
1503,7,"2015-2020"
1503,7,"2020-2025"
1503,7,"2025-2030"
1503,7,"2030-2035"
1503,7,"2035-2040"
1503,7,"2040-2045"
1503,7,"2045-2050"
1503,7,"2050-2055"
1503,7,"2055-2060"
1503,7,"2060-2065"
1503,7,"2065-2070"
1503,7,"2070-2075"
1503,7,"2075-2080"
1503,7,"2080-2085"
1503,7,"2085-2090"
1503,7,"2090-2095"
1503,7,"2095-2100"
1503,8,"2015-2020"
1503,8,"2020-2025"
1503,8,"2025-2030"
1503,8,"2030-2035"
1503,8,"2035-2040"
1503,8,"2040-2045"
1503,8,"2045-2050"
1503,8,"2050-2055"
1503,8,"2055-2060"
1503,8,"2060-2065"
1503,8,"2065-2070"
1503,8,"2070-2075"
1503,8,"2075-2080"
1503,8,"2080-2085"
1503,8,"2085-2090"
1503,8,"2090-2095"
1503,8,"2095-2100"
1503,9,"2015-2020"
1503,9,"2020-2025"
1503,9,"2025-2030"
1503,9,"2030-2035"
1503,9,"2035-2040"
1503,9,"2040-2045"
1503,9,"2045-2050"
1503,9,"2050-2055"
1503,9,"2055-2060"
1503,9,"2060-2065"
1503,9,"2065-2070"
1503,9,"2070-2075"
1503,9,"2075-2080"
1503,9,"2080-2085"
1503,9,"2085-2090"
1503,9,"2090-2095"
1503,9,"2095-2100"
336,3,"2015-2020"
336,3,"2020-2025"
336,3,"2025-2030"
336,3,"2030-2035"
336,3,"2035-2040"
336,3,"2040-2045"
336,3,"2045-2050"
336,3,"2050-2055"
336,3,"2055-2060"
336,3,"2060-2065"
336,3,"2065-2070"
336,3,"2070-2075"
336,3,"2075-2080"
336,3,"2080-2085"
336,3,"2085-2090"
336,3,"2090-2095"
336,3,"2095-2100"
336,4,"2015-2020"
336,4,"2020-2025"
336,4,"2025-2030"
336,4,"2030-2035"
336,4,"2035-2040"
336,4,"2040-2045"
336,4,"2045-2050"
336,4,"2050-2055"
336,4,"2055-2060"
336,4,"2060-2065"
336,4,"2065-2070"
336,4,"2070-2075"
336,4,"2075-2080"
336,4,"2080-2085"
336,4,"2085-2090"
336,4,"2090-2095"
336,4,"2095-2100"
336,5,"2015-2020"
336,5,"2020-2025"
336,5,"2025-2030"
336,5,"2030-2035"
336,5,"2035-2040"
336,5,"2040-2045"
336,5,"2045-2050"
336,5,"2050-2055"
336,5,"2055-2060"
336,5,"2060-2065"
336,5,"2065-2070"
336,5,"2070-2075"
336,5,"2075-2080"
336,5,"2080-2085"
336,5,"2085-2090"
336,5,"2090-2095"
336,5,"2095-2100"
336,6,"2015-2020"
336,6,"2020-2025"
336,6,"2025-2030"
336,6,"2030-2035"
336,6,"2035-2040"
336,6,"2040-2045"
336,6,"2045-2050"
336,6,"2050-2055"
336,6,"2055-2060"
336,6,"2060-2065"
336,6,"2065-2070"
336,6,"2070-2075"
336,6,"2075-2080"
336,6,"2080-2085"
336,6,"2085-2090"
336,6,"2090-2095"
336,6,"2095-2100"
336,7,"2015-2020"
336,7,"2020-2025"
336,7,"2025-2030"
336,7,"2030-2035"
336,7,"2035-2040"
336,7,"2040-2045"
336,7,"2045-2050"
336,7,"2050-2055"
336,7,"2055-2060"
336,7,"2060-2065"
336,7,"2065-2070"
336,7,"2070-2075"
336,7,"2075-2080"
336,7,"2080-2085"
336,7,"2085-2090"
336,7,"2090-2095"
336,7,"2095-2100"
336,8,"2015-2020"
336,8,"2020-2025"
336,8,"2025-2030"
336,8,"2030-2035"
336,8,"2035-2040"
336,8,"2040-2045"
336,8,"2045-2050"
336,8,"2050-2055"
336,8,"2055-2060"
336,8,"2060-2065"
336,8,"2065-2070"
336,8,"2070-2075"
336,8,"2075-2080"
336,8,"2080-2085"
336,8,"2085-2090"
336,8,"2090-2095"
336,8,"2095-2100"
336,9,"2015-2020"
336,9,"2020-2025"
336,9,"2025-2030"
336,9,"2030-2035"
336,9,"2035-2040"
336,9,"2040-2045"
336,9,"2045-2050"
336,9,"2050-2055"
336,9,"2055-2060"
336,9,"2060-2065"
336,9,"2065-2070"
336,9,"2070-2075"
336,9,"2075-2080"
336,9,"2080-2085"
336,9,"2085-2090"
336,9,"2090-2095"
336,9,"2095-2100"
340,3,"2015-2020"
340,3,"2020-2025"
340,3,"2025-2030"
340,3,"2030-2035"
340,3,"2035-2040"
340,3,"2040-2045"
340,3,"2045-2050"
340,3,"2050-2055"
340,3,"2055-2060"
340,3,"2060-2065"
340,3,"2065-2070"
340,3,"2070-2075"
340,3,"2075-2080"
340,3,"2080-2085"
340,3,"2085-2090"
340,3,"2090-2095"
340,3,"2095-2100"
340,4,"2015-2020"
340,4,"2020-2025"
340,4,"2025-2030"
340,4,"2030-2035"
340,4,"2035-2040"
340,4,"2040-2045"
340,4,"2045-2050"
340,4,"2050-2055"
340,4,"2055-2060"
340,4,"2060-2065"
340,4,"2065-2070"
340,4,"2070-2075"
340,4,"2075-2080"
340,4,"2080-2085"
340,4,"2085-2090"
340,4,"2090-2095"
340,4,"2095-2100"
340,5,"2015-2020"
340,5,"2020-2025"
340,5,"2025-2030"
340,5,"2030-2035"
340,5,"2035-2040"
340,5,"2040-2045"
340,5,"2045-2050"
340,5,"2050-2055"
340,5,"2055-2060"
340,5,"2060-2065"
340,5,"2065-2070"
340,5,"2070-2075"
340,5,"2075-2080"
340,5,"2080-2085"
340,5,"2085-2090"
340,5,"2090-2095"
340,5,"2095-2100"
340,6,"2015-2020"
340,6,"2020-2025"
340,6,"2025-2030"
340,6,"2030-2035"
340,6,"2035-2040"
340,6,"2040-2045"
340,6,"2045-2050"
340,6,"2050-2055"
340,6,"2055-2060"
340,6,"2060-2065"
340,6,"2065-2070"
340,6,"2070-2075"
340,6,"2075-2080"
340,6,"2080-2085"
340,6,"2085-2090"
340,6,"2090-2095"
340,6,"2095-2100"
340,7,"2015-2020"
340,7,"2020-2025"
340,7,"2025-2030"
340,7,"2030-2035"
340,7,"2035-2040"
340,7,"2040-2045"
340,7,"2045-2050"
340,7,"2050-2055"
340,7,"2055-2060"
340,7,"2060-2065"
340,7,"2065-2070"
340,7,"2070-2075"
340,7,"2075-2080"
340,7,"2080-2085"
340,7,"2085-2090"
340,7,"2090-2095"
340,7,"2095-2100"
340,8,"2015-2020"
340,8,"2020-2025"
340,8,"2025-2030"
340,8,"2030-2035"
340,8,"2035-2040"
340,8,"2040-2045"
340,8,"2045-2050"
340,8,"2050-2055"
340,8,"2055-2060"
340,8,"2060-2065"
340,8,"2065-2070"
340,8,"2070-2075"
340,8,"2075-2080"
340,8,"2080-2085"
340,8,"2085-2090"
340,8,"2090-2095"
340,8,"2095-2100"
340,9,"2015-2020"
340,9,"2020-2025"
340,9,"2025-2030"
340,9,"2030-2035"
340,9,"2035-2040"
340,9,"2040-2045"
340,9,"2045-2050"
340,9,"2050-2055"
340,9,"2055-2060"
340,9,"2060-2065"
340,9,"2065-2070"
340,9,"2070-2075"
340,9,"2075-2080"
340,9,"2080-2085"
340,9,"2085-2090"
340,9,"2090-2095"
340,9,"2095-2100"
340,202,"2015-2020"
340,202,"2020-2025"
340,202,"2025-2030"
340,202,"2030-2035"
340,202,"2035-2040"
340,202,"2040-2045"
340,202,"2045-2050"
340,202,"2050-2055"
340,202,"2055-2060"
340,202,"2060-2065"
340,202,"2065-2070"
340,202,"2070-2075"
340,202,"2075-2080"
340,202,"2080-2085"
340,202,"2085-2090"
340,202,"2090-2095"
340,202,"2095-2100"
348,3,"2015-2020"
348,3,"2020-2025"
348,3,"2025-2030"
348,3,"2030-2035"
348,3,"2035-2040"
348,3,"2040-2045"
348,3,"2045-2050"
348,3,"2050-2055"
348,3,"2055-2060"
348,3,"2060-2065"
348,3,"2065-2070"
348,3,"2070-2075"
348,3,"2075-2080"
348,3,"2080-2085"
348,3,"2085-2090"
348,3,"2090-2095"
348,3,"2095-2100"
348,4,"2015-2020"
348,4,"2020-2025"
348,4,"2025-2030"
348,4,"2030-2035"
348,4,"2035-2040"
348,4,"2040-2045"
348,4,"2045-2050"
348,4,"2050-2055"
348,4,"2055-2060"
348,4,"2060-2065"
348,4,"2065-2070"
348,4,"2070-2075"
348,4,"2075-2080"
348,4,"2080-2085"
348,4,"2085-2090"
348,4,"2090-2095"
348,4,"2095-2100"
348,5,"2015-2020"
348,5,"2020-2025"
348,5,"2025-2030"
348,5,"2030-2035"
348,5,"2035-2040"
348,5,"2040-2045"
348,5,"2045-2050"
348,5,"2050-2055"
348,5,"2055-2060"
348,5,"2060-2065"
348,5,"2065-2070"
348,5,"2070-2075"
348,5,"2075-2080"
348,5,"2080-2085"
348,5,"2085-2090"
348,5,"2090-2095"
348,5,"2095-2100"
348,6,"2015-2020"
348,6,"2020-2025"
348,6,"2025-2030"
348,6,"2030-2035"
348,6,"2035-2040"
348,6,"2040-2045"
348,6,"2045-2050"
348,6,"2050-2055"
348,6,"2055-2060"
348,6,"2060-2065"
348,6,"2065-2070"
348,6,"2070-2075"
348,6,"2075-2080"
348,6,"2080-2085"
348,6,"2085-2090"
348,6,"2090-2095"
348,6,"2095-2100"
348,7,"2015-2020"
348,7,"2020-2025"
348,7,"2025-2030"
348,7,"2030-2035"
348,7,"2035-2040"
348,7,"2040-2045"
348,7,"2045-2050"
348,7,"2050-2055"
348,7,"2055-2060"
348,7,"2060-2065"
348,7,"2065-2070"
348,7,"2070-2075"
348,7,"2075-2080"
348,7,"2080-2085"
348,7,"2085-2090"
348,7,"2090-2095"
348,7,"2095-2100"
348,8,"2015-2020"
348,8,"2020-2025"
348,8,"2025-2030"
348,8,"2030-2035"
348,8,"2035-2040"
348,8,"2040-2045"
348,8,"2045-2050"
348,8,"2050-2055"
348,8,"2055-2060"
348,8,"2060-2065"
348,8,"2065-2070"
348,8,"2070-2075"
348,8,"2075-2080"
348,8,"2080-2085"
348,8,"2085-2090"
348,8,"2090-2095"
348,8,"2095-2100"
348,9,"2015-2020"
348,9,"2020-2025"
348,9,"2025-2030"
348,9,"2030-2035"
348,9,"2035-2040"
348,9,"2040-2045"
348,9,"2045-2050"
348,9,"2050-2055"
348,9,"2055-2060"
348,9,"2060-2065"
348,9,"2065-2070"
348,9,"2070-2075"
348,9,"2075-2080"
348,9,"2080-2085"
348,9,"2085-2090"
348,9,"2090-2095"
348,9,"2095-2100"
348,202,"2015-2020"
348,202,"2020-2025"
348,202,"2025-2030"
348,202,"2030-2035"
348,202,"2035-2040"
348,202,"2040-2045"
348,202,"2045-2050"
348,202,"2050-2055"
348,202,"2055-2060"
348,202,"2060-2065"
348,202,"2065-2070"
348,202,"2070-2075"
348,202,"2075-2080"
348,202,"2080-2085"
348,202,"2085-2090"
348,202,"2090-2095"
348,202,"2095-2100"
352,3,"2015-2020"
352,3,"2020-2025"
352,3,"2025-2030"
352,3,"2030-2035"
352,3,"2035-2040"
352,3,"2040-2045"
352,3,"2045-2050"
352,3,"2050-2055"
352,3,"2055-2060"
352,3,"2060-2065"
352,3,"2065-2070"
352,3,"2070-2075"
352,3,"2075-2080"
352,3,"2080-2085"
352,3,"2085-2090"
352,3,"2090-2095"
352,3,"2095-2100"
352,4,"2015-2020"
352,4,"2020-2025"
352,4,"2025-2030"
352,4,"2030-2035"
352,4,"2035-2040"
352,4,"2040-2045"
352,4,"2045-2050"
352,4,"2050-2055"
352,4,"2055-2060"
352,4,"2060-2065"
352,4,"2065-2070"
352,4,"2070-2075"
352,4,"2075-2080"
352,4,"2080-2085"
352,4,"2085-2090"
352,4,"2090-2095"
352,4,"2095-2100"
352,5,"2015-2020"
352,5,"2020-2025"
352,5,"2025-2030"
352,5,"2030-2035"
352,5,"2035-2040"
352,5,"2040-2045"
352,5,"2045-2050"
352,5,"2050-2055"
352,5,"2055-2060"
352,5,"2060-2065"
352,5,"2065-2070"
352,5,"2070-2075"
352,5,"2075-2080"
352,5,"2080-2085"
352,5,"2085-2090"
352,5,"2090-2095"
352,5,"2095-2100"
352,6,"2015-2020"
352,6,"2020-2025"
352,6,"2025-2030"
352,6,"2030-2035"
352,6,"2035-2040"
352,6,"2040-2045"
352,6,"2045-2050"
352,6,"2050-2055"
352,6,"2055-2060"
352,6,"2060-2065"
352,6,"2065-2070"
352,6,"2070-2075"
352,6,"2075-2080"
352,6,"2080-2085"
352,6,"2085-2090"
352,6,"2090-2095"
352,6,"2095-2100"
352,7,"2015-2020"
352,7,"2020-2025"
352,7,"2025-2030"
352,7,"2030-2035"
352,7,"2035-2040"
352,7,"2040-2045"
352,7,"2045-2050"
352,7,"2050-2055"
352,7,"2055-2060"
352,7,"2060-2065"
352,7,"2065-2070"
352,7,"2070-2075"
352,7,"2075-2080"
352,7,"2080-2085"
352,7,"2085-2090"
352,7,"2090-2095"
352,7,"2095-2100"
352,8,"2015-2020"
352,8,"2020-2025"
352,8,"2025-2030"
352,8,"2030-2035"
352,8,"2035-2040"
352,8,"2040-2045"
352,8,"2045-2050"
352,8,"2050-2055"
352,8,"2055-2060"
352,8,"2060-2065"
352,8,"2065-2070"
352,8,"2070-2075"
352,8,"2075-2080"
352,8,"2080-2085"
352,8,"2085-2090"
352,8,"2090-2095"
352,8,"2095-2100"
352,9,"2015-2020"
352,9,"2020-2025"
352,9,"2025-2030"
352,9,"2030-2035"
352,9,"2035-2040"
352,9,"2040-2045"
352,9,"2045-2050"
352,9,"2050-2055"
352,9,"2055-2060"
352,9,"2060-2065"
352,9,"2065-2070"
352,9,"2070-2075"
352,9,"2075-2080"
352,9,"2080-2085"
352,9,"2085-2090"
352,9,"2090-2095"
352,9,"2095-2100"
352,202,"2015-2020"
352,202,"2020-2025"
352,202,"2025-2030"
352,202,"2030-2035"
352,202,"2035-2040"
352,202,"2040-2045"
352,202,"2045-2050"
352,202,"2050-2055"
352,202,"2055-2060"
352,202,"2060-2065"
352,202,"2065-2070"
352,202,"2070-2075"
352,202,"2075-2080"
352,202,"2080-2085"
352,202,"2085-2090"
352,202,"2090-2095"
352,202,"2095-2100"
356,3,"2015-2020"
356,3,"2020-2025"
356,3,"2025-2030"
356,3,"2030-2035"
356,3,"2035-2040"
356,3,"2040-2045"
356,3,"2045-2050"
356,3,"2050-2055"
356,3,"2055-2060"
356,3,"2060-2065"
356,3,"2065-2070"
356,3,"2070-2075"
356,3,"2075-2080"
356,3,"2080-2085"
356,3,"2085-2090"
356,3,"2090-2095"
356,3,"2095-2100"
356,4,"2015-2020"
356,4,"2020-2025"
356,4,"2025-2030"
356,4,"2030-2035"
356,4,"2035-2040"
356,4,"2040-2045"
356,4,"2045-2050"
356,4,"2050-2055"
356,4,"2055-2060"
356,4,"2060-2065"
356,4,"2065-2070"
356,4,"2070-2075"
356,4,"2075-2080"
356,4,"2080-2085"
356,4,"2085-2090"
356,4,"2090-2095"
356,4,"2095-2100"
356,5,"2015-2020"
356,5,"2020-2025"
356,5,"2025-2030"
356,5,"2030-2035"
356,5,"2035-2040"
356,5,"2040-2045"
356,5,"2045-2050"
356,5,"2050-2055"
356,5,"2055-2060"
356,5,"2060-2065"
356,5,"2065-2070"
356,5,"2070-2075"
356,5,"2075-2080"
356,5,"2080-2085"
356,5,"2085-2090"
356,5,"2090-2095"
356,5,"2095-2100"
356,6,"2015-2020"
356,6,"2020-2025"
356,6,"2025-2030"
356,6,"2030-2035"
356,6,"2035-2040"
356,6,"2040-2045"
356,6,"2045-2050"
356,6,"2050-2055"
356,6,"2055-2060"
356,6,"2060-2065"
356,6,"2065-2070"
356,6,"2070-2075"
356,6,"2075-2080"
356,6,"2080-2085"
356,6,"2085-2090"
356,6,"2090-2095"
356,6,"2095-2100"
356,7,"2015-2020"
356,7,"2020-2025"
356,7,"2025-2030"
356,7,"2030-2035"
356,7,"2035-2040"
356,7,"2040-2045"
356,7,"2045-2050"
356,7,"2050-2055"
356,7,"2055-2060"
356,7,"2060-2065"
356,7,"2065-2070"
356,7,"2070-2075"
356,7,"2075-2080"
356,7,"2080-2085"
356,7,"2085-2090"
356,7,"2090-2095"
356,7,"2095-2100"
356,8,"2015-2020"
356,8,"2020-2025"
356,8,"2025-2030"
356,8,"2030-2035"
356,8,"2035-2040"
356,8,"2040-2045"
356,8,"2045-2050"
356,8,"2050-2055"
356,8,"2055-2060"
356,8,"2060-2065"
356,8,"2065-2070"
356,8,"2070-2075"
356,8,"2075-2080"
356,8,"2080-2085"
356,8,"2085-2090"
356,8,"2090-2095"
356,8,"2095-2100"
356,9,"2015-2020"
356,9,"2020-2025"
356,9,"2025-2030"
356,9,"2030-2035"
356,9,"2035-2040"
356,9,"2040-2045"
356,9,"2045-2050"
356,9,"2050-2055"
356,9,"2055-2060"
356,9,"2060-2065"
356,9,"2065-2070"
356,9,"2070-2075"
356,9,"2075-2080"
356,9,"2080-2085"
356,9,"2085-2090"
356,9,"2090-2095"
356,9,"2095-2100"
356,202,"2015-2020"
356,202,"2020-2025"
356,202,"2025-2030"
356,202,"2030-2035"
356,202,"2035-2040"
356,202,"2040-2045"
356,202,"2045-2050"
356,202,"2050-2055"
356,202,"2055-2060"
356,202,"2060-2065"
356,202,"2065-2070"
356,202,"2070-2075"
356,202,"2075-2080"
356,202,"2080-2085"
356,202,"2085-2090"
356,202,"2090-2095"
356,202,"2095-2100"
360,3,"2015-2020"
360,3,"2020-2025"
360,3,"2025-2030"
360,3,"2030-2035"
360,3,"2035-2040"
360,3,"2040-2045"
360,3,"2045-2050"
360,3,"2050-2055"
360,3,"2055-2060"
360,3,"2060-2065"
360,3,"2065-2070"
360,3,"2070-2075"
360,3,"2075-2080"
360,3,"2080-2085"
360,3,"2085-2090"
360,3,"2090-2095"
360,3,"2095-2100"
360,4,"2015-2020"
360,4,"2020-2025"
360,4,"2025-2030"
360,4,"2030-2035"
360,4,"2035-2040"
360,4,"2040-2045"
360,4,"2045-2050"
360,4,"2050-2055"
360,4,"2055-2060"
360,4,"2060-2065"
360,4,"2065-2070"
360,4,"2070-2075"
360,4,"2075-2080"
360,4,"2080-2085"
360,4,"2085-2090"
360,4,"2090-2095"
360,4,"2095-2100"
360,5,"2015-2020"
360,5,"2020-2025"
360,5,"2025-2030"
360,5,"2030-2035"
360,5,"2035-2040"
360,5,"2040-2045"
360,5,"2045-2050"
360,5,"2050-2055"
360,5,"2055-2060"
360,5,"2060-2065"
360,5,"2065-2070"
360,5,"2070-2075"
360,5,"2075-2080"
360,5,"2080-2085"
360,5,"2085-2090"
360,5,"2090-2095"
360,5,"2095-2100"
360,6,"2015-2020"
360,6,"2020-2025"
360,6,"2025-2030"
360,6,"2030-2035"
360,6,"2035-2040"
360,6,"2040-2045"
360,6,"2045-2050"
360,6,"2050-2055"
360,6,"2055-2060"
360,6,"2060-2065"
360,6,"2065-2070"
360,6,"2070-2075"
360,6,"2075-2080"
360,6,"2080-2085"
360,6,"2085-2090"
360,6,"2090-2095"
360,6,"2095-2100"
360,7,"2015-2020"
360,7,"2020-2025"
360,7,"2025-2030"
360,7,"2030-2035"
360,7,"2035-2040"
360,7,"2040-2045"
360,7,"2045-2050"
360,7,"2050-2055"
360,7,"2055-2060"
360,7,"2060-2065"
360,7,"2065-2070"
360,7,"2070-2075"
360,7,"2075-2080"
360,7,"2080-2085"
360,7,"2085-2090"
360,7,"2090-2095"
360,7,"2095-2100"
360,8,"2015-2020"
360,8,"2020-2025"
360,8,"2025-2030"
360,8,"2030-2035"
360,8,"2035-2040"
360,8,"2040-2045"
360,8,"2045-2050"
360,8,"2050-2055"
360,8,"2055-2060"
360,8,"2060-2065"
360,8,"2065-2070"
360,8,"2070-2075"
360,8,"2075-2080"
360,8,"2080-2085"
360,8,"2085-2090"
360,8,"2090-2095"
360,8,"2095-2100"
360,9,"2015-2020"
360,9,"2020-2025"
360,9,"2025-2030"
360,9,"2030-2035"
360,9,"2035-2040"
360,9,"2040-2045"
360,9,"2045-2050"
360,9,"2050-2055"
360,9,"2055-2060"
360,9,"2060-2065"
360,9,"2065-2070"
360,9,"2070-2075"
360,9,"2075-2080"
360,9,"2080-2085"
360,9,"2085-2090"
360,9,"2090-2095"
360,9,"2095-2100"
360,202,"2015-2020"
360,202,"2020-2025"
360,202,"2025-2030"
360,202,"2030-2035"
360,202,"2035-2040"
360,202,"2040-2045"
360,202,"2045-2050"
360,202,"2050-2055"
360,202,"2055-2060"
360,202,"2060-2065"
360,202,"2065-2070"
360,202,"2070-2075"
360,202,"2075-2080"
360,202,"2080-2085"
360,202,"2085-2090"
360,202,"2090-2095"
360,202,"2095-2100"
364,3,"2015-2020"
364,3,"2020-2025"
364,3,"2025-2030"
364,3,"2030-2035"
364,3,"2035-2040"
364,3,"2040-2045"
364,3,"2045-2050"
364,3,"2050-2055"
364,3,"2055-2060"
364,3,"2060-2065"
364,3,"2065-2070"
364,3,"2070-2075"
364,3,"2075-2080"
364,3,"2080-2085"
364,3,"2085-2090"
364,3,"2090-2095"
364,3,"2095-2100"
364,4,"2015-2020"
364,4,"2020-2025"
364,4,"2025-2030"
364,4,"2030-2035"
364,4,"2035-2040"
364,4,"2040-2045"
364,4,"2045-2050"
364,4,"2050-2055"
364,4,"2055-2060"
364,4,"2060-2065"
364,4,"2065-2070"
364,4,"2070-2075"
364,4,"2075-2080"
364,4,"2080-2085"
364,4,"2085-2090"
364,4,"2090-2095"
364,4,"2095-2100"
364,5,"2015-2020"
364,5,"2020-2025"
364,5,"2025-2030"
364,5,"2030-2035"
364,5,"2035-2040"
364,5,"2040-2045"
364,5,"2045-2050"
364,5,"2050-2055"
364,5,"2055-2060"
364,5,"2060-2065"
364,5,"2065-2070"
364,5,"2070-2075"
364,5,"2075-2080"
364,5,"2080-2085"
364,5,"2085-2090"
364,5,"2090-2095"
364,5,"2095-2100"
364,6,"2015-2020"
364,6,"2020-2025"
364,6,"2025-2030"
364,6,"2030-2035"
364,6,"2035-2040"
364,6,"2040-2045"
364,6,"2045-2050"
364,6,"2050-2055"
364,6,"2055-2060"
364,6,"2060-2065"
364,6,"2065-2070"
364,6,"2070-2075"
364,6,"2075-2080"
364,6,"2080-2085"
364,6,"2085-2090"
364,6,"2090-2095"
364,6,"2095-2100"
364,7,"2015-2020"
364,7,"2020-2025"
364,7,"2025-2030"
364,7,"2030-2035"
364,7,"2035-2040"
364,7,"2040-2045"
364,7,"2045-2050"
364,7,"2050-2055"
364,7,"2055-2060"
364,7,"2060-2065"
364,7,"2065-2070"
364,7,"2070-2075"
364,7,"2075-2080"
364,7,"2080-2085"
364,7,"2085-2090"
364,7,"2090-2095"
364,7,"2095-2100"
364,8,"2015-2020"
364,8,"2020-2025"
364,8,"2025-2030"
364,8,"2030-2035"
364,8,"2035-2040"
364,8,"2040-2045"
364,8,"2045-2050"
364,8,"2050-2055"
364,8,"2055-2060"
364,8,"2060-2065"
364,8,"2065-2070"
364,8,"2070-2075"
364,8,"2075-2080"
364,8,"2080-2085"
364,8,"2085-2090"
364,8,"2090-2095"
364,8,"2095-2100"
364,9,"2015-2020"
364,9,"2020-2025"
364,9,"2025-2030"
364,9,"2030-2035"
364,9,"2035-2040"
364,9,"2040-2045"
364,9,"2045-2050"
364,9,"2050-2055"
364,9,"2055-2060"
364,9,"2060-2065"
364,9,"2065-2070"
364,9,"2070-2075"
364,9,"2075-2080"
364,9,"2080-2085"
364,9,"2085-2090"
364,9,"2090-2095"
364,9,"2095-2100"
364,202,"2015-2020"
364,202,"2020-2025"
364,202,"2025-2030"
364,202,"2030-2035"
364,202,"2035-2040"
364,202,"2040-2045"
364,202,"2045-2050"
364,202,"2050-2055"
364,202,"2055-2060"
364,202,"2060-2065"
364,202,"2065-2070"
364,202,"2070-2075"
364,202,"2075-2080"
364,202,"2080-2085"
364,202,"2085-2090"
364,202,"2090-2095"
364,202,"2095-2100"
368,3,"2015-2020"
368,3,"2020-2025"
368,3,"2025-2030"
368,3,"2030-2035"
368,3,"2035-2040"
368,3,"2040-2045"
368,3,"2045-2050"
368,3,"2050-2055"
368,3,"2055-2060"
368,3,"2060-2065"
368,3,"2065-2070"
368,3,"2070-2075"
368,3,"2075-2080"
368,3,"2080-2085"
368,3,"2085-2090"
368,3,"2090-2095"
368,3,"2095-2100"
368,4,"2015-2020"
368,4,"2020-2025"
368,4,"2025-2030"
368,4,"2030-2035"
368,4,"2035-2040"
368,4,"2040-2045"
368,4,"2045-2050"
368,4,"2050-2055"
368,4,"2055-2060"
368,4,"2060-2065"
368,4,"2065-2070"
368,4,"2070-2075"
368,4,"2075-2080"
368,4,"2080-2085"
368,4,"2085-2090"
368,4,"2090-2095"
368,4,"2095-2100"
368,5,"2015-2020"
368,5,"2020-2025"
368,5,"2025-2030"
368,5,"2030-2035"
368,5,"2035-2040"
368,5,"2040-2045"
368,5,"2045-2050"
368,5,"2050-2055"
368,5,"2055-2060"
368,5,"2060-2065"
368,5,"2065-2070"
368,5,"2070-2075"
368,5,"2075-2080"
368,5,"2080-2085"
368,5,"2085-2090"
368,5,"2090-2095"
368,5,"2095-2100"
368,6,"2015-2020"
368,6,"2020-2025"
368,6,"2025-2030"
368,6,"2030-2035"
368,6,"2035-2040"
368,6,"2040-2045"
368,6,"2045-2050"
368,6,"2050-2055"
368,6,"2055-2060"
368,6,"2060-2065"
368,6,"2065-2070"
368,6,"2070-2075"
368,6,"2075-2080"
368,6,"2080-2085"
368,6,"2085-2090"
368,6,"2090-2095"
368,6,"2095-2100"
368,7,"2015-2020"
368,7,"2020-2025"
368,7,"2025-2030"
368,7,"2030-2035"
368,7,"2035-2040"
368,7,"2040-2045"
368,7,"2045-2050"
368,7,"2050-2055"
368,7,"2055-2060"
368,7,"2060-2065"
368,7,"2065-2070"
368,7,"2070-2075"
368,7,"2075-2080"
368,7,"2080-2085"
368,7,"2085-2090"
368,7,"2090-2095"
368,7,"2095-2100"
368,8,"2015-2020"
368,8,"2020-2025"
368,8,"2025-2030"
368,8,"2030-2035"
368,8,"2035-2040"
368,8,"2040-2045"
368,8,"2045-2050"
368,8,"2050-2055"
368,8,"2055-2060"
368,8,"2060-2065"
368,8,"2065-2070"
368,8,"2070-2075"
368,8,"2075-2080"
368,8,"2080-2085"
368,8,"2085-2090"
368,8,"2090-2095"
368,8,"2095-2100"
368,9,"2015-2020"
368,9,"2020-2025"
368,9,"2025-2030"
368,9,"2030-2035"
368,9,"2035-2040"
368,9,"2040-2045"
368,9,"2045-2050"
368,9,"2050-2055"
368,9,"2055-2060"
368,9,"2060-2065"
368,9,"2065-2070"
368,9,"2070-2075"
368,9,"2075-2080"
368,9,"2080-2085"
368,9,"2085-2090"
368,9,"2090-2095"
368,9,"2095-2100"
368,202,"2015-2020"
368,202,"2020-2025"
368,202,"2025-2030"
368,202,"2030-2035"
368,202,"2035-2040"
368,202,"2040-2045"
368,202,"2045-2050"
368,202,"2050-2055"
368,202,"2055-2060"
368,202,"2060-2065"
368,202,"2065-2070"
368,202,"2070-2075"
368,202,"2075-2080"
368,202,"2080-2085"
368,202,"2085-2090"
368,202,"2090-2095"
368,202,"2095-2100"
372,3,"2015-2020"
372,3,"2020-2025"
372,3,"2025-2030"
372,3,"2030-2035"
372,3,"2035-2040"
372,3,"2040-2045"
372,3,"2045-2050"
372,3,"2050-2055"
372,3,"2055-2060"
372,3,"2060-2065"
372,3,"2065-2070"
372,3,"2070-2075"
372,3,"2075-2080"
372,3,"2080-2085"
372,3,"2085-2090"
372,3,"2090-2095"
372,3,"2095-2100"
372,4,"2015-2020"
372,4,"2020-2025"
372,4,"2025-2030"
372,4,"2030-2035"
372,4,"2035-2040"
372,4,"2040-2045"
372,4,"2045-2050"
372,4,"2050-2055"
372,4,"2055-2060"
372,4,"2060-2065"
372,4,"2065-2070"
372,4,"2070-2075"
372,4,"2075-2080"
372,4,"2080-2085"
372,4,"2085-2090"
372,4,"2090-2095"
372,4,"2095-2100"
372,5,"2015-2020"
372,5,"2020-2025"
372,5,"2025-2030"
372,5,"2030-2035"
372,5,"2035-2040"
372,5,"2040-2045"
372,5,"2045-2050"
372,5,"2050-2055"
372,5,"2055-2060"
372,5,"2060-2065"
372,5,"2065-2070"
372,5,"2070-2075"
372,5,"2075-2080"
372,5,"2080-2085"
372,5,"2085-2090"
372,5,"2090-2095"
372,5,"2095-2100"
372,6,"2015-2020"
372,6,"2020-2025"
372,6,"2025-2030"
372,6,"2030-2035"
372,6,"2035-2040"
372,6,"2040-2045"
372,6,"2045-2050"
372,6,"2050-2055"
372,6,"2055-2060"
372,6,"2060-2065"
372,6,"2065-2070"
372,6,"2070-2075"
372,6,"2075-2080"
372,6,"2080-2085"
372,6,"2085-2090"
372,6,"2090-2095"
372,6,"2095-2100"
372,7,"2015-2020"
372,7,"2020-2025"
372,7,"2025-2030"
372,7,"2030-2035"
372,7,"2035-2040"
372,7,"2040-2045"
372,7,"2045-2050"
372,7,"2050-2055"
372,7,"2055-2060"
372,7,"2060-2065"
372,7,"2065-2070"
372,7,"2070-2075"
372,7,"2075-2080"
372,7,"2080-2085"
372,7,"2085-2090"
372,7,"2090-2095"
372,7,"2095-2100"
372,8,"2015-2020"
372,8,"2020-2025"
372,8,"2025-2030"
372,8,"2030-2035"
372,8,"2035-2040"
372,8,"2040-2045"
372,8,"2045-2050"
372,8,"2050-2055"
372,8,"2055-2060"
372,8,"2060-2065"
372,8,"2065-2070"
372,8,"2070-2075"
372,8,"2075-2080"
372,8,"2080-2085"
372,8,"2085-2090"
372,8,"2090-2095"
372,8,"2095-2100"
372,9,"2015-2020"
372,9,"2020-2025"
372,9,"2025-2030"
372,9,"2030-2035"
372,9,"2035-2040"
372,9,"2040-2045"
372,9,"2045-2050"
372,9,"2050-2055"
372,9,"2055-2060"
372,9,"2060-2065"
372,9,"2065-2070"
372,9,"2070-2075"
372,9,"2075-2080"
372,9,"2080-2085"
372,9,"2085-2090"
372,9,"2090-2095"
372,9,"2095-2100"
372,202,"2015-2020"
372,202,"2020-2025"
372,202,"2025-2030"
372,202,"2030-2035"
372,202,"2035-2040"
372,202,"2040-2045"
372,202,"2045-2050"
372,202,"2050-2055"
372,202,"2055-2060"
372,202,"2060-2065"
372,202,"2065-2070"
372,202,"2070-2075"
372,202,"2075-2080"
372,202,"2080-2085"
372,202,"2085-2090"
372,202,"2090-2095"
372,202,"2095-2100"
833,3,"2015-2020"
833,3,"2020-2025"
833,3,"2025-2030"
833,3,"2030-2035"
833,3,"2035-2040"
833,3,"2040-2045"
833,3,"2045-2050"
833,3,"2050-2055"
833,3,"2055-2060"
833,3,"2060-2065"
833,3,"2065-2070"
833,3,"2070-2075"
833,3,"2075-2080"
833,3,"2080-2085"
833,3,"2085-2090"
833,3,"2090-2095"
833,3,"2095-2100"
833,4,"2015-2020"
833,4,"2020-2025"
833,4,"2025-2030"
833,4,"2030-2035"
833,4,"2035-2040"
833,4,"2040-2045"
833,4,"2045-2050"
833,4,"2050-2055"
833,4,"2055-2060"
833,4,"2060-2065"
833,4,"2065-2070"
833,4,"2070-2075"
833,4,"2075-2080"
833,4,"2080-2085"
833,4,"2085-2090"
833,4,"2090-2095"
833,4,"2095-2100"
833,5,"2015-2020"
833,5,"2020-2025"
833,5,"2025-2030"
833,5,"2030-2035"
833,5,"2035-2040"
833,5,"2040-2045"
833,5,"2045-2050"
833,5,"2050-2055"
833,5,"2055-2060"
833,5,"2060-2065"
833,5,"2065-2070"
833,5,"2070-2075"
833,5,"2075-2080"
833,5,"2080-2085"
833,5,"2085-2090"
833,5,"2090-2095"
833,5,"2095-2100"
833,6,"2015-2020"
833,6,"2020-2025"
833,6,"2025-2030"
833,6,"2030-2035"
833,6,"2035-2040"
833,6,"2040-2045"
833,6,"2045-2050"
833,6,"2050-2055"
833,6,"2055-2060"
833,6,"2060-2065"
833,6,"2065-2070"
833,6,"2070-2075"
833,6,"2075-2080"
833,6,"2080-2085"
833,6,"2085-2090"
833,6,"2090-2095"
833,6,"2095-2100"
833,7,"2015-2020"
833,7,"2020-2025"
833,7,"2025-2030"
833,7,"2030-2035"
833,7,"2035-2040"
833,7,"2040-2045"
833,7,"2045-2050"
833,7,"2050-2055"
833,7,"2055-2060"
833,7,"2060-2065"
833,7,"2065-2070"
833,7,"2070-2075"
833,7,"2075-2080"
833,7,"2080-2085"
833,7,"2085-2090"
833,7,"2090-2095"
833,7,"2095-2100"
833,8,"2015-2020"
833,8,"2020-2025"
833,8,"2025-2030"
833,8,"2030-2035"
833,8,"2035-2040"
833,8,"2040-2045"
833,8,"2045-2050"
833,8,"2050-2055"
833,8,"2055-2060"
833,8,"2060-2065"
833,8,"2065-2070"
833,8,"2070-2075"
833,8,"2075-2080"
833,8,"2080-2085"
833,8,"2085-2090"
833,8,"2090-2095"
833,8,"2095-2100"
833,9,"2015-2020"
833,9,"2020-2025"
833,9,"2025-2030"
833,9,"2030-2035"
833,9,"2035-2040"
833,9,"2040-2045"
833,9,"2045-2050"
833,9,"2050-2055"
833,9,"2055-2060"
833,9,"2060-2065"
833,9,"2065-2070"
833,9,"2070-2075"
833,9,"2075-2080"
833,9,"2080-2085"
833,9,"2085-2090"
833,9,"2090-2095"
833,9,"2095-2100"
376,3,"2015-2020"
376,3,"2020-2025"
376,3,"2025-2030"
376,3,"2030-2035"
376,3,"2035-2040"
376,3,"2040-2045"
376,3,"2045-2050"
376,3,"2050-2055"
376,3,"2055-2060"
376,3,"2060-2065"
376,3,"2065-2070"
376,3,"2070-2075"
376,3,"2075-2080"
376,3,"2080-2085"
376,3,"2085-2090"
376,3,"2090-2095"
376,3,"2095-2100"
376,4,"2015-2020"
376,4,"2020-2025"
376,4,"2025-2030"
376,4,"2030-2035"
376,4,"2035-2040"
376,4,"2040-2045"
376,4,"2045-2050"
376,4,"2050-2055"
376,4,"2055-2060"
376,4,"2060-2065"
376,4,"2065-2070"
376,4,"2070-2075"
376,4,"2075-2080"
376,4,"2080-2085"
376,4,"2085-2090"
376,4,"2090-2095"
376,4,"2095-2100"
376,5,"2015-2020"
376,5,"2020-2025"
376,5,"2025-2030"
376,5,"2030-2035"
376,5,"2035-2040"
376,5,"2040-2045"
376,5,"2045-2050"
376,5,"2050-2055"
376,5,"2055-2060"
376,5,"2060-2065"
376,5,"2065-2070"
376,5,"2070-2075"
376,5,"2075-2080"
376,5,"2080-2085"
376,5,"2085-2090"
376,5,"2090-2095"
376,5,"2095-2100"
376,6,"2015-2020"
376,6,"2020-2025"
376,6,"2025-2030"
376,6,"2030-2035"
376,6,"2035-2040"
376,6,"2040-2045"
376,6,"2045-2050"
376,6,"2050-2055"
376,6,"2055-2060"
376,6,"2060-2065"
376,6,"2065-2070"
376,6,"2070-2075"
376,6,"2075-2080"
376,6,"2080-2085"
376,6,"2085-2090"
376,6,"2090-2095"
376,6,"2095-2100"
376,7,"2015-2020"
376,7,"2020-2025"
376,7,"2025-2030"
376,7,"2030-2035"
376,7,"2035-2040"
376,7,"2040-2045"
376,7,"2045-2050"
376,7,"2050-2055"
376,7,"2055-2060"
376,7,"2060-2065"
376,7,"2065-2070"
376,7,"2070-2075"
376,7,"2075-2080"
376,7,"2080-2085"
376,7,"2085-2090"
376,7,"2090-2095"
376,7,"2095-2100"
376,8,"2015-2020"
376,8,"2020-2025"
376,8,"2025-2030"
376,8,"2030-2035"
376,8,"2035-2040"
376,8,"2040-2045"
376,8,"2045-2050"
376,8,"2050-2055"
376,8,"2055-2060"
376,8,"2060-2065"
376,8,"2065-2070"
376,8,"2070-2075"
376,8,"2075-2080"
376,8,"2080-2085"
376,8,"2085-2090"
376,8,"2090-2095"
376,8,"2095-2100"
376,9,"2015-2020"
376,9,"2020-2025"
376,9,"2025-2030"
376,9,"2030-2035"
376,9,"2035-2040"
376,9,"2040-2045"
376,9,"2045-2050"
376,9,"2050-2055"
376,9,"2055-2060"
376,9,"2060-2065"
376,9,"2065-2070"
376,9,"2070-2075"
376,9,"2075-2080"
376,9,"2080-2085"
376,9,"2085-2090"
376,9,"2090-2095"
376,9,"2095-2100"
376,202,"2015-2020"
376,202,"2020-2025"
376,202,"2025-2030"
376,202,"2030-2035"
376,202,"2035-2040"
376,202,"2040-2045"
376,202,"2045-2050"
376,202,"2050-2055"
376,202,"2055-2060"
376,202,"2060-2065"
376,202,"2065-2070"
376,202,"2070-2075"
376,202,"2075-2080"
376,202,"2080-2085"
376,202,"2085-2090"
376,202,"2090-2095"
376,202,"2095-2100"
380,3,"2015-2020"
380,3,"2020-2025"
380,3,"2025-2030"
380,3,"2030-2035"
380,3,"2035-2040"
380,3,"2040-2045"
380,3,"2045-2050"
380,3,"2050-2055"
380,3,"2055-2060"
380,3,"2060-2065"
380,3,"2065-2070"
380,3,"2070-2075"
380,3,"2075-2080"
380,3,"2080-2085"
380,3,"2085-2090"
380,3,"2090-2095"
380,3,"2095-2100"
380,4,"2015-2020"
380,4,"2020-2025"
380,4,"2025-2030"
380,4,"2030-2035"
380,4,"2035-2040"
380,4,"2040-2045"
380,4,"2045-2050"
380,4,"2050-2055"
380,4,"2055-2060"
380,4,"2060-2065"
380,4,"2065-2070"
380,4,"2070-2075"
380,4,"2075-2080"
380,4,"2080-2085"
380,4,"2085-2090"
380,4,"2090-2095"
380,4,"2095-2100"
380,5,"2015-2020"
380,5,"2020-2025"
380,5,"2025-2030"
380,5,"2030-2035"
380,5,"2035-2040"
380,5,"2040-2045"
380,5,"2045-2050"
380,5,"2050-2055"
380,5,"2055-2060"
380,5,"2060-2065"
380,5,"2065-2070"
380,5,"2070-2075"
380,5,"2075-2080"
380,5,"2080-2085"
380,5,"2085-2090"
380,5,"2090-2095"
380,5,"2095-2100"
380,6,"2015-2020"
380,6,"2020-2025"
380,6,"2025-2030"
380,6,"2030-2035"
380,6,"2035-2040"
380,6,"2040-2045"
380,6,"2045-2050"
380,6,"2050-2055"
380,6,"2055-2060"
380,6,"2060-2065"
380,6,"2065-2070"
380,6,"2070-2075"
380,6,"2075-2080"
380,6,"2080-2085"
380,6,"2085-2090"
380,6,"2090-2095"
380,6,"2095-2100"
380,7,"2015-2020"
380,7,"2020-2025"
380,7,"2025-2030"
380,7,"2030-2035"
380,7,"2035-2040"
380,7,"2040-2045"
380,7,"2045-2050"
380,7,"2050-2055"
380,7,"2055-2060"
380,7,"2060-2065"
380,7,"2065-2070"
380,7,"2070-2075"
380,7,"2075-2080"
380,7,"2080-2085"
380,7,"2085-2090"
380,7,"2090-2095"
380,7,"2095-2100"
380,8,"2015-2020"
380,8,"2020-2025"
380,8,"2025-2030"
380,8,"2030-2035"
380,8,"2035-2040"
380,8,"2040-2045"
380,8,"2045-2050"
380,8,"2050-2055"
380,8,"2055-2060"
380,8,"2060-2065"
380,8,"2065-2070"
380,8,"2070-2075"
380,8,"2075-2080"
380,8,"2080-2085"
380,8,"2085-2090"
380,8,"2090-2095"
380,8,"2095-2100"
380,9,"2015-2020"
380,9,"2020-2025"
380,9,"2025-2030"
380,9,"2030-2035"
380,9,"2035-2040"
380,9,"2040-2045"
380,9,"2045-2050"
380,9,"2050-2055"
380,9,"2055-2060"
380,9,"2060-2065"
380,9,"2065-2070"
380,9,"2070-2075"
380,9,"2075-2080"
380,9,"2080-2085"
380,9,"2085-2090"
380,9,"2090-2095"
380,9,"2095-2100"
380,202,"2015-2020"
380,202,"2020-2025"
380,202,"2025-2030"
380,202,"2030-2035"
380,202,"2035-2040"
380,202,"2040-2045"
380,202,"2045-2050"
380,202,"2050-2055"
380,202,"2055-2060"
380,202,"2060-2065"
380,202,"2065-2070"
380,202,"2070-2075"
380,202,"2075-2080"
380,202,"2080-2085"
380,202,"2085-2090"
380,202,"2090-2095"
380,202,"2095-2100"
388,3,"2015-2020"
388,3,"2020-2025"
388,3,"2025-2030"
388,3,"2030-2035"
388,3,"2035-2040"
388,3,"2040-2045"
388,3,"2045-2050"
388,3,"2050-2055"
388,3,"2055-2060"
388,3,"2060-2065"
388,3,"2065-2070"
388,3,"2070-2075"
388,3,"2075-2080"
388,3,"2080-2085"
388,3,"2085-2090"
388,3,"2090-2095"
388,3,"2095-2100"
388,4,"2015-2020"
388,4,"2020-2025"
388,4,"2025-2030"
388,4,"2030-2035"
388,4,"2035-2040"
388,4,"2040-2045"
388,4,"2045-2050"
388,4,"2050-2055"
388,4,"2055-2060"
388,4,"2060-2065"
388,4,"2065-2070"
388,4,"2070-2075"
388,4,"2075-2080"
388,4,"2080-2085"
388,4,"2085-2090"
388,4,"2090-2095"
388,4,"2095-2100"
388,5,"2015-2020"
388,5,"2020-2025"
388,5,"2025-2030"
388,5,"2030-2035"
388,5,"2035-2040"
388,5,"2040-2045"
388,5,"2045-2050"
388,5,"2050-2055"
388,5,"2055-2060"
388,5,"2060-2065"
388,5,"2065-2070"
388,5,"2070-2075"
388,5,"2075-2080"
388,5,"2080-2085"
388,5,"2085-2090"
388,5,"2090-2095"
388,5,"2095-2100"
388,6,"2015-2020"
388,6,"2020-2025"
388,6,"2025-2030"
388,6,"2030-2035"
388,6,"2035-2040"
388,6,"2040-2045"
388,6,"2045-2050"
388,6,"2050-2055"
388,6,"2055-2060"
388,6,"2060-2065"
388,6,"2065-2070"
388,6,"2070-2075"
388,6,"2075-2080"
388,6,"2080-2085"
388,6,"2085-2090"
388,6,"2090-2095"
388,6,"2095-2100"
388,7,"2015-2020"
388,7,"2020-2025"
388,7,"2025-2030"
388,7,"2030-2035"
388,7,"2035-2040"
388,7,"2040-2045"
388,7,"2045-2050"
388,7,"2050-2055"
388,7,"2055-2060"
388,7,"2060-2065"
388,7,"2065-2070"
388,7,"2070-2075"
388,7,"2075-2080"
388,7,"2080-2085"
388,7,"2085-2090"
388,7,"2090-2095"
388,7,"2095-2100"
388,8,"2015-2020"
388,8,"2020-2025"
388,8,"2025-2030"
388,8,"2030-2035"
388,8,"2035-2040"
388,8,"2040-2045"
388,8,"2045-2050"
388,8,"2050-2055"
388,8,"2055-2060"
388,8,"2060-2065"
388,8,"2065-2070"
388,8,"2070-2075"
388,8,"2075-2080"
388,8,"2080-2085"
388,8,"2085-2090"
388,8,"2090-2095"
388,8,"2095-2100"
388,9,"2015-2020"
388,9,"2020-2025"
388,9,"2025-2030"
388,9,"2030-2035"
388,9,"2035-2040"
388,9,"2040-2045"
388,9,"2045-2050"
388,9,"2050-2055"
388,9,"2055-2060"
388,9,"2060-2065"
388,9,"2065-2070"
388,9,"2070-2075"
388,9,"2075-2080"
388,9,"2080-2085"
388,9,"2085-2090"
388,9,"2090-2095"
388,9,"2095-2100"
388,202,"2015-2020"
388,202,"2020-2025"
388,202,"2025-2030"
388,202,"2030-2035"
388,202,"2035-2040"
388,202,"2040-2045"
388,202,"2045-2050"
388,202,"2050-2055"
388,202,"2055-2060"
388,202,"2060-2065"
388,202,"2065-2070"
388,202,"2070-2075"
388,202,"2075-2080"
388,202,"2080-2085"
388,202,"2085-2090"
388,202,"2090-2095"
388,202,"2095-2100"
392,3,"2015-2020"
392,3,"2020-2025"
392,3,"2025-2030"
392,3,"2030-2035"
392,3,"2035-2040"
392,3,"2040-2045"
392,3,"2045-2050"
392,3,"2050-2055"
392,3,"2055-2060"
392,3,"2060-2065"
392,3,"2065-2070"
392,3,"2070-2075"
392,3,"2075-2080"
392,3,"2080-2085"
392,3,"2085-2090"
392,3,"2090-2095"
392,3,"2095-2100"
392,4,"2015-2020"
392,4,"2020-2025"
392,4,"2025-2030"
392,4,"2030-2035"
392,4,"2035-2040"
392,4,"2040-2045"
392,4,"2045-2050"
392,4,"2050-2055"
392,4,"2055-2060"
392,4,"2060-2065"
392,4,"2065-2070"
392,4,"2070-2075"
392,4,"2075-2080"
392,4,"2080-2085"
392,4,"2085-2090"
392,4,"2090-2095"
392,4,"2095-2100"
392,5,"2015-2020"
392,5,"2020-2025"
392,5,"2025-2030"
392,5,"2030-2035"
392,5,"2035-2040"
392,5,"2040-2045"
392,5,"2045-2050"
392,5,"2050-2055"
392,5,"2055-2060"
392,5,"2060-2065"
392,5,"2065-2070"
392,5,"2070-2075"
392,5,"2075-2080"
392,5,"2080-2085"
392,5,"2085-2090"
392,5,"2090-2095"
392,5,"2095-2100"
392,6,"2015-2020"
392,6,"2020-2025"
392,6,"2025-2030"
392,6,"2030-2035"
392,6,"2035-2040"
392,6,"2040-2045"
392,6,"2045-2050"
392,6,"2050-2055"
392,6,"2055-2060"
392,6,"2060-2065"
392,6,"2065-2070"
392,6,"2070-2075"
392,6,"2075-2080"
392,6,"2080-2085"
392,6,"2085-2090"
392,6,"2090-2095"
392,6,"2095-2100"
392,7,"2015-2020"
392,7,"2020-2025"
392,7,"2025-2030"
392,7,"2030-2035"
392,7,"2035-2040"
392,7,"2040-2045"
392,7,"2045-2050"
392,7,"2050-2055"
392,7,"2055-2060"
392,7,"2060-2065"
392,7,"2065-2070"
392,7,"2070-2075"
392,7,"2075-2080"
392,7,"2080-2085"
392,7,"2085-2090"
392,7,"2090-2095"
392,7,"2095-2100"
392,8,"2015-2020"
392,8,"2020-2025"
392,8,"2025-2030"
392,8,"2030-2035"
392,8,"2035-2040"
392,8,"2040-2045"
392,8,"2045-2050"
392,8,"2050-2055"
392,8,"2055-2060"
392,8,"2060-2065"
392,8,"2065-2070"
392,8,"2070-2075"
392,8,"2075-2080"
392,8,"2080-2085"
392,8,"2085-2090"
392,8,"2090-2095"
392,8,"2095-2100"
392,9,"2015-2020"
392,9,"2020-2025"
392,9,"2025-2030"
392,9,"2030-2035"
392,9,"2035-2040"
392,9,"2040-2045"
392,9,"2045-2050"
392,9,"2050-2055"
392,9,"2055-2060"
392,9,"2060-2065"
392,9,"2065-2070"
392,9,"2070-2075"
392,9,"2075-2080"
392,9,"2080-2085"
392,9,"2085-2090"
392,9,"2090-2095"
392,9,"2095-2100"
392,202,"2015-2020"
392,202,"2020-2025"
392,202,"2025-2030"
392,202,"2030-2035"
392,202,"2035-2040"
392,202,"2040-2045"
392,202,"2045-2050"
392,202,"2050-2055"
392,202,"2055-2060"
392,202,"2060-2065"
392,202,"2065-2070"
392,202,"2070-2075"
392,202,"2075-2080"
392,202,"2080-2085"
392,202,"2085-2090"
392,202,"2090-2095"
392,202,"2095-2100"
400,3,"2015-2020"
400,3,"2020-2025"
400,3,"2025-2030"
400,3,"2030-2035"
400,3,"2035-2040"
400,3,"2040-2045"
400,3,"2045-2050"
400,3,"2050-2055"
400,3,"2055-2060"
400,3,"2060-2065"
400,3,"2065-2070"
400,3,"2070-2075"
400,3,"2075-2080"
400,3,"2080-2085"
400,3,"2085-2090"
400,3,"2090-2095"
400,3,"2095-2100"
400,4,"2015-2020"
400,4,"2020-2025"
400,4,"2025-2030"
400,4,"2030-2035"
400,4,"2035-2040"
400,4,"2040-2045"
400,4,"2045-2050"
400,4,"2050-2055"
400,4,"2055-2060"
400,4,"2060-2065"
400,4,"2065-2070"
400,4,"2070-2075"
400,4,"2075-2080"
400,4,"2080-2085"
400,4,"2085-2090"
400,4,"2090-2095"
400,4,"2095-2100"
400,5,"2015-2020"
400,5,"2020-2025"
400,5,"2025-2030"
400,5,"2030-2035"
400,5,"2035-2040"
400,5,"2040-2045"
400,5,"2045-2050"
400,5,"2050-2055"
400,5,"2055-2060"
400,5,"2060-2065"
400,5,"2065-2070"
400,5,"2070-2075"
400,5,"2075-2080"
400,5,"2080-2085"
400,5,"2085-2090"
400,5,"2090-2095"
400,5,"2095-2100"
400,6,"2015-2020"
400,6,"2020-2025"
400,6,"2025-2030"
400,6,"2030-2035"
400,6,"2035-2040"
400,6,"2040-2045"
400,6,"2045-2050"
400,6,"2050-2055"
400,6,"2055-2060"
400,6,"2060-2065"
400,6,"2065-2070"
400,6,"2070-2075"
400,6,"2075-2080"
400,6,"2080-2085"
400,6,"2085-2090"
400,6,"2090-2095"
400,6,"2095-2100"
400,7,"2015-2020"
400,7,"2020-2025"
400,7,"2025-2030"
400,7,"2030-2035"
400,7,"2035-2040"
400,7,"2040-2045"
400,7,"2045-2050"
400,7,"2050-2055"
400,7,"2055-2060"
400,7,"2060-2065"
400,7,"2065-2070"
400,7,"2070-2075"
400,7,"2075-2080"
400,7,"2080-2085"
400,7,"2085-2090"
400,7,"2090-2095"
400,7,"2095-2100"
400,8,"2015-2020"
400,8,"2020-2025"
400,8,"2025-2030"
400,8,"2030-2035"
400,8,"2035-2040"
400,8,"2040-2045"
400,8,"2045-2050"
400,8,"2050-2055"
400,8,"2055-2060"
400,8,"2060-2065"
400,8,"2065-2070"
400,8,"2070-2075"
400,8,"2075-2080"
400,8,"2080-2085"
400,8,"2085-2090"
400,8,"2090-2095"
400,8,"2095-2100"
400,9,"2015-2020"
400,9,"2020-2025"
400,9,"2025-2030"
400,9,"2030-2035"
400,9,"2035-2040"
400,9,"2040-2045"
400,9,"2045-2050"
400,9,"2050-2055"
400,9,"2055-2060"
400,9,"2060-2065"
400,9,"2065-2070"
400,9,"2070-2075"
400,9,"2075-2080"
400,9,"2080-2085"
400,9,"2085-2090"
400,9,"2090-2095"
400,9,"2095-2100"
400,202,"2015-2020"
400,202,"2020-2025"
400,202,"2025-2030"
400,202,"2030-2035"
400,202,"2035-2040"
400,202,"2040-2045"
400,202,"2045-2050"
400,202,"2050-2055"
400,202,"2055-2060"
400,202,"2060-2065"
400,202,"2065-2070"
400,202,"2070-2075"
400,202,"2075-2080"
400,202,"2080-2085"
400,202,"2085-2090"
400,202,"2090-2095"
400,202,"2095-2100"
398,3,"2015-2020"
398,3,"2020-2025"
398,3,"2025-2030"
398,3,"2030-2035"
398,3,"2035-2040"
398,3,"2040-2045"
398,3,"2045-2050"
398,3,"2050-2055"
398,3,"2055-2060"
398,3,"2060-2065"
398,3,"2065-2070"
398,3,"2070-2075"
398,3,"2075-2080"
398,3,"2080-2085"
398,3,"2085-2090"
398,3,"2090-2095"
398,3,"2095-2100"
398,4,"2015-2020"
398,4,"2020-2025"
398,4,"2025-2030"
398,4,"2030-2035"
398,4,"2035-2040"
398,4,"2040-2045"
398,4,"2045-2050"
398,4,"2050-2055"
398,4,"2055-2060"
398,4,"2060-2065"
398,4,"2065-2070"
398,4,"2070-2075"
398,4,"2075-2080"
398,4,"2080-2085"
398,4,"2085-2090"
398,4,"2090-2095"
398,4,"2095-2100"
398,5,"2015-2020"
398,5,"2020-2025"
398,5,"2025-2030"
398,5,"2030-2035"
398,5,"2035-2040"
398,5,"2040-2045"
398,5,"2045-2050"
398,5,"2050-2055"
398,5,"2055-2060"
398,5,"2060-2065"
398,5,"2065-2070"
398,5,"2070-2075"
398,5,"2075-2080"
398,5,"2080-2085"
398,5,"2085-2090"
398,5,"2090-2095"
398,5,"2095-2100"
398,6,"2015-2020"
398,6,"2020-2025"
398,6,"2025-2030"
398,6,"2030-2035"
398,6,"2035-2040"
398,6,"2040-2045"
398,6,"2045-2050"
398,6,"2050-2055"
398,6,"2055-2060"
398,6,"2060-2065"
398,6,"2065-2070"
398,6,"2070-2075"
398,6,"2075-2080"
398,6,"2080-2085"
398,6,"2085-2090"
398,6,"2090-2095"
398,6,"2095-2100"
398,7,"2015-2020"
398,7,"2020-2025"
398,7,"2025-2030"
398,7,"2030-2035"
398,7,"2035-2040"
398,7,"2040-2045"
398,7,"2045-2050"
398,7,"2050-2055"
398,7,"2055-2060"
398,7,"2060-2065"
398,7,"2065-2070"
398,7,"2070-2075"
398,7,"2075-2080"
398,7,"2080-2085"
398,7,"2085-2090"
398,7,"2090-2095"
398,7,"2095-2100"
398,8,"2015-2020"
398,8,"2020-2025"
398,8,"2025-2030"
398,8,"2030-2035"
398,8,"2035-2040"
398,8,"2040-2045"
398,8,"2045-2050"
398,8,"2050-2055"
398,8,"2055-2060"
398,8,"2060-2065"
398,8,"2065-2070"
398,8,"2070-2075"
398,8,"2075-2080"
398,8,"2080-2085"
398,8,"2085-2090"
398,8,"2090-2095"
398,8,"2095-2100"
398,9,"2015-2020"
398,9,"2020-2025"
398,9,"2025-2030"
398,9,"2030-2035"
398,9,"2035-2040"
398,9,"2040-2045"
398,9,"2045-2050"
398,9,"2050-2055"
398,9,"2055-2060"
398,9,"2060-2065"
398,9,"2065-2070"
398,9,"2070-2075"
398,9,"2075-2080"
398,9,"2080-2085"
398,9,"2085-2090"
398,9,"2090-2095"
398,9,"2095-2100"
398,202,"2015-2020"
398,202,"2020-2025"
398,202,"2025-2030"
398,202,"2030-2035"
398,202,"2035-2040"
398,202,"2040-2045"
398,202,"2045-2050"
398,202,"2050-2055"
398,202,"2055-2060"
398,202,"2060-2065"
398,202,"2065-2070"
398,202,"2070-2075"
398,202,"2075-2080"
398,202,"2080-2085"
398,202,"2085-2090"
398,202,"2090-2095"
398,202,"2095-2100"
404,3,"2015-2020"
404,3,"2020-2025"
404,3,"2025-2030"
404,3,"2030-2035"
404,3,"2035-2040"
404,3,"2040-2045"
404,3,"2045-2050"
404,3,"2050-2055"
404,3,"2055-2060"
404,3,"2060-2065"
404,3,"2065-2070"
404,3,"2070-2075"
404,3,"2075-2080"
404,3,"2080-2085"
404,3,"2085-2090"
404,3,"2090-2095"
404,3,"2095-2100"
404,4,"2015-2020"
404,4,"2020-2025"
404,4,"2025-2030"
404,4,"2030-2035"
404,4,"2035-2040"
404,4,"2040-2045"
404,4,"2045-2050"
404,4,"2050-2055"
404,4,"2055-2060"
404,4,"2060-2065"
404,4,"2065-2070"
404,4,"2070-2075"
404,4,"2075-2080"
404,4,"2080-2085"
404,4,"2085-2090"
404,4,"2090-2095"
404,4,"2095-2100"
404,5,"2015-2020"
404,5,"2020-2025"
404,5,"2025-2030"
404,5,"2030-2035"
404,5,"2035-2040"
404,5,"2040-2045"
404,5,"2045-2050"
404,5,"2050-2055"
404,5,"2055-2060"
404,5,"2060-2065"
404,5,"2065-2070"
404,5,"2070-2075"
404,5,"2075-2080"
404,5,"2080-2085"
404,5,"2085-2090"
404,5,"2090-2095"
404,5,"2095-2100"
404,6,"2015-2020"
404,6,"2020-2025"
404,6,"2025-2030"
404,6,"2030-2035"
404,6,"2035-2040"
404,6,"2040-2045"
404,6,"2045-2050"
404,6,"2050-2055"
404,6,"2055-2060"
404,6,"2060-2065"
404,6,"2065-2070"
404,6,"2070-2075"
404,6,"2075-2080"
404,6,"2080-2085"
404,6,"2085-2090"
404,6,"2090-2095"
404,6,"2095-2100"
404,7,"2015-2020"
404,7,"2020-2025"
404,7,"2025-2030"
404,7,"2030-2035"
404,7,"2035-2040"
404,7,"2040-2045"
404,7,"2045-2050"
404,7,"2050-2055"
404,7,"2055-2060"
404,7,"2060-2065"
404,7,"2065-2070"
404,7,"2070-2075"
404,7,"2075-2080"
404,7,"2080-2085"
404,7,"2085-2090"
404,7,"2090-2095"
404,7,"2095-2100"
404,8,"2015-2020"
404,8,"2020-2025"
404,8,"2025-2030"
404,8,"2030-2035"
404,8,"2035-2040"
404,8,"2040-2045"
404,8,"2045-2050"
404,8,"2050-2055"
404,8,"2055-2060"
404,8,"2060-2065"
404,8,"2065-2070"
404,8,"2070-2075"
404,8,"2075-2080"
404,8,"2080-2085"
404,8,"2085-2090"
404,8,"2090-2095"
404,8,"2095-2100"
404,9,"2015-2020"
404,9,"2020-2025"
404,9,"2025-2030"
404,9,"2030-2035"
404,9,"2035-2040"
404,9,"2040-2045"
404,9,"2045-2050"
404,9,"2050-2055"
404,9,"2055-2060"
404,9,"2060-2065"
404,9,"2065-2070"
404,9,"2070-2075"
404,9,"2075-2080"
404,9,"2080-2085"
404,9,"2085-2090"
404,9,"2090-2095"
404,9,"2095-2100"
404,202,"2015-2020"
404,202,"2020-2025"
404,202,"2025-2030"
404,202,"2030-2035"
404,202,"2035-2040"
404,202,"2040-2045"
404,202,"2045-2050"
404,202,"2050-2055"
404,202,"2055-2060"
404,202,"2060-2065"
404,202,"2065-2070"
404,202,"2070-2075"
404,202,"2075-2080"
404,202,"2080-2085"
404,202,"2085-2090"
404,202,"2090-2095"
404,202,"2095-2100"
296,3,"2015-2020"
296,3,"2020-2025"
296,3,"2025-2030"
296,3,"2030-2035"
296,3,"2035-2040"
296,3,"2040-2045"
296,3,"2045-2050"
296,3,"2050-2055"
296,3,"2055-2060"
296,3,"2060-2065"
296,3,"2065-2070"
296,3,"2070-2075"
296,3,"2075-2080"
296,3,"2080-2085"
296,3,"2085-2090"
296,3,"2090-2095"
296,3,"2095-2100"
296,4,"2015-2020"
296,4,"2020-2025"
296,4,"2025-2030"
296,4,"2030-2035"
296,4,"2035-2040"
296,4,"2040-2045"
296,4,"2045-2050"
296,4,"2050-2055"
296,4,"2055-2060"
296,4,"2060-2065"
296,4,"2065-2070"
296,4,"2070-2075"
296,4,"2075-2080"
296,4,"2080-2085"
296,4,"2085-2090"
296,4,"2090-2095"
296,4,"2095-2100"
296,5,"2015-2020"
296,5,"2020-2025"
296,5,"2025-2030"
296,5,"2030-2035"
296,5,"2035-2040"
296,5,"2040-2045"
296,5,"2045-2050"
296,5,"2050-2055"
296,5,"2055-2060"
296,5,"2060-2065"
296,5,"2065-2070"
296,5,"2070-2075"
296,5,"2075-2080"
296,5,"2080-2085"
296,5,"2085-2090"
296,5,"2090-2095"
296,5,"2095-2100"
296,6,"2015-2020"
296,6,"2020-2025"
296,6,"2025-2030"
296,6,"2030-2035"
296,6,"2035-2040"
296,6,"2040-2045"
296,6,"2045-2050"
296,6,"2050-2055"
296,6,"2055-2060"
296,6,"2060-2065"
296,6,"2065-2070"
296,6,"2070-2075"
296,6,"2075-2080"
296,6,"2080-2085"
296,6,"2085-2090"
296,6,"2090-2095"
296,6,"2095-2100"
296,7,"2015-2020"
296,7,"2020-2025"
296,7,"2025-2030"
296,7,"2030-2035"
296,7,"2035-2040"
296,7,"2040-2045"
296,7,"2045-2050"
296,7,"2050-2055"
296,7,"2055-2060"
296,7,"2060-2065"
296,7,"2065-2070"
296,7,"2070-2075"
296,7,"2075-2080"
296,7,"2080-2085"
296,7,"2085-2090"
296,7,"2090-2095"
296,7,"2095-2100"
296,8,"2015-2020"
296,8,"2020-2025"
296,8,"2025-2030"
296,8,"2030-2035"
296,8,"2035-2040"
296,8,"2040-2045"
296,8,"2045-2050"
296,8,"2050-2055"
296,8,"2055-2060"
296,8,"2060-2065"
296,8,"2065-2070"
296,8,"2070-2075"
296,8,"2075-2080"
296,8,"2080-2085"
296,8,"2085-2090"
296,8,"2090-2095"
296,8,"2095-2100"
296,9,"2015-2020"
296,9,"2020-2025"
296,9,"2025-2030"
296,9,"2030-2035"
296,9,"2035-2040"
296,9,"2040-2045"
296,9,"2045-2050"
296,9,"2050-2055"
296,9,"2055-2060"
296,9,"2060-2065"
296,9,"2065-2070"
296,9,"2070-2075"
296,9,"2075-2080"
296,9,"2080-2085"
296,9,"2085-2090"
296,9,"2090-2095"
296,9,"2095-2100"
296,202,"2015-2020"
296,202,"2020-2025"
296,202,"2025-2030"
296,202,"2030-2035"
296,202,"2035-2040"
296,202,"2040-2045"
296,202,"2045-2050"
296,202,"2050-2055"
296,202,"2055-2060"
296,202,"2060-2065"
296,202,"2065-2070"
296,202,"2070-2075"
296,202,"2075-2080"
296,202,"2080-2085"
296,202,"2085-2090"
296,202,"2090-2095"
296,202,"2095-2100"
414,3,"2015-2020"
414,3,"2020-2025"
414,3,"2025-2030"
414,3,"2030-2035"
414,3,"2035-2040"
414,3,"2040-2045"
414,3,"2045-2050"
414,3,"2050-2055"
414,3,"2055-2060"
414,3,"2060-2065"
414,3,"2065-2070"
414,3,"2070-2075"
414,3,"2075-2080"
414,3,"2080-2085"
414,3,"2085-2090"
414,3,"2090-2095"
414,3,"2095-2100"
414,4,"2015-2020"
414,4,"2020-2025"
414,4,"2025-2030"
414,4,"2030-2035"
414,4,"2035-2040"
414,4,"2040-2045"
414,4,"2045-2050"
414,4,"2050-2055"
414,4,"2055-2060"
414,4,"2060-2065"
414,4,"2065-2070"
414,4,"2070-2075"
414,4,"2075-2080"
414,4,"2080-2085"
414,4,"2085-2090"
414,4,"2090-2095"
414,4,"2095-2100"
414,5,"2015-2020"
414,5,"2020-2025"
414,5,"2025-2030"
414,5,"2030-2035"
414,5,"2035-2040"
414,5,"2040-2045"
414,5,"2045-2050"
414,5,"2050-2055"
414,5,"2055-2060"
414,5,"2060-2065"
414,5,"2065-2070"
414,5,"2070-2075"
414,5,"2075-2080"
414,5,"2080-2085"
414,5,"2085-2090"
414,5,"2090-2095"
414,5,"2095-2100"
414,6,"2015-2020"
414,6,"2020-2025"
414,6,"2025-2030"
414,6,"2030-2035"
414,6,"2035-2040"
414,6,"2040-2045"
414,6,"2045-2050"
414,6,"2050-2055"
414,6,"2055-2060"
414,6,"2060-2065"
414,6,"2065-2070"
414,6,"2070-2075"
414,6,"2075-2080"
414,6,"2080-2085"
414,6,"2085-2090"
414,6,"2090-2095"
414,6,"2095-2100"
414,7,"2015-2020"
414,7,"2020-2025"
414,7,"2025-2030"
414,7,"2030-2035"
414,7,"2035-2040"
414,7,"2040-2045"
414,7,"2045-2050"
414,7,"2050-2055"
414,7,"2055-2060"
414,7,"2060-2065"
414,7,"2065-2070"
414,7,"2070-2075"
414,7,"2075-2080"
414,7,"2080-2085"
414,7,"2085-2090"
414,7,"2090-2095"
414,7,"2095-2100"
414,8,"2015-2020"
414,8,"2020-2025"
414,8,"2025-2030"
414,8,"2030-2035"
414,8,"2035-2040"
414,8,"2040-2045"
414,8,"2045-2050"
414,8,"2050-2055"
414,8,"2055-2060"
414,8,"2060-2065"
414,8,"2065-2070"
414,8,"2070-2075"
414,8,"2075-2080"
414,8,"2080-2085"
414,8,"2085-2090"
414,8,"2090-2095"
414,8,"2095-2100"
414,9,"2015-2020"
414,9,"2020-2025"
414,9,"2025-2030"
414,9,"2030-2035"
414,9,"2035-2040"
414,9,"2040-2045"
414,9,"2045-2050"
414,9,"2050-2055"
414,9,"2055-2060"
414,9,"2060-2065"
414,9,"2065-2070"
414,9,"2070-2075"
414,9,"2075-2080"
414,9,"2080-2085"
414,9,"2085-2090"
414,9,"2090-2095"
414,9,"2095-2100"
414,202,"2015-2020"
414,202,"2020-2025"
414,202,"2025-2030"
414,202,"2030-2035"
414,202,"2035-2040"
414,202,"2040-2045"
414,202,"2045-2050"
414,202,"2050-2055"
414,202,"2055-2060"
414,202,"2060-2065"
414,202,"2065-2070"
414,202,"2070-2075"
414,202,"2075-2080"
414,202,"2080-2085"
414,202,"2085-2090"
414,202,"2090-2095"
414,202,"2095-2100"
417,3,"2015-2020"
417,3,"2020-2025"
417,3,"2025-2030"
417,3,"2030-2035"
417,3,"2035-2040"
417,3,"2040-2045"
417,3,"2045-2050"
417,3,"2050-2055"
417,3,"2055-2060"
417,3,"2060-2065"
417,3,"2065-2070"
417,3,"2070-2075"
417,3,"2075-2080"
417,3,"2080-2085"
417,3,"2085-2090"
417,3,"2090-2095"
417,3,"2095-2100"
417,4,"2015-2020"
417,4,"2020-2025"
417,4,"2025-2030"
417,4,"2030-2035"
417,4,"2035-2040"
417,4,"2040-2045"
417,4,"2045-2050"
417,4,"2050-2055"
417,4,"2055-2060"
417,4,"2060-2065"
417,4,"2065-2070"
417,4,"2070-2075"
417,4,"2075-2080"
417,4,"2080-2085"
417,4,"2085-2090"
417,4,"2090-2095"
417,4,"2095-2100"
417,5,"2015-2020"
417,5,"2020-2025"
417,5,"2025-2030"
417,5,"2030-2035"
417,5,"2035-2040"
417,5,"2040-2045"
417,5,"2045-2050"
417,5,"2050-2055"
417,5,"2055-2060"
417,5,"2060-2065"
417,5,"2065-2070"
417,5,"2070-2075"
417,5,"2075-2080"
417,5,"2080-2085"
417,5,"2085-2090"
417,5,"2090-2095"
417,5,"2095-2100"
417,6,"2015-2020"
417,6,"2020-2025"
417,6,"2025-2030"
417,6,"2030-2035"
417,6,"2035-2040"
417,6,"2040-2045"
417,6,"2045-2050"
417,6,"2050-2055"
417,6,"2055-2060"
417,6,"2060-2065"
417,6,"2065-2070"
417,6,"2070-2075"
417,6,"2075-2080"
417,6,"2080-2085"
417,6,"2085-2090"
417,6,"2090-2095"
417,6,"2095-2100"
417,7,"2015-2020"
417,7,"2020-2025"
417,7,"2025-2030"
417,7,"2030-2035"
417,7,"2035-2040"
417,7,"2040-2045"
417,7,"2045-2050"
417,7,"2050-2055"
417,7,"2055-2060"
417,7,"2060-2065"
417,7,"2065-2070"
417,7,"2070-2075"
417,7,"2075-2080"
417,7,"2080-2085"
417,7,"2085-2090"
417,7,"2090-2095"
417,7,"2095-2100"
417,8,"2015-2020"
417,8,"2020-2025"
417,8,"2025-2030"
417,8,"2030-2035"
417,8,"2035-2040"
417,8,"2040-2045"
417,8,"2045-2050"
417,8,"2050-2055"
417,8,"2055-2060"
417,8,"2060-2065"
417,8,"2065-2070"
417,8,"2070-2075"
417,8,"2075-2080"
417,8,"2080-2085"
417,8,"2085-2090"
417,8,"2090-2095"
417,8,"2095-2100"
417,9,"2015-2020"
417,9,"2020-2025"
417,9,"2025-2030"
417,9,"2030-2035"
417,9,"2035-2040"
417,9,"2040-2045"
417,9,"2045-2050"
417,9,"2050-2055"
417,9,"2055-2060"
417,9,"2060-2065"
417,9,"2065-2070"
417,9,"2070-2075"
417,9,"2075-2080"
417,9,"2080-2085"
417,9,"2085-2090"
417,9,"2090-2095"
417,9,"2095-2100"
417,202,"2015-2020"
417,202,"2020-2025"
417,202,"2025-2030"
417,202,"2030-2035"
417,202,"2035-2040"
417,202,"2040-2045"
417,202,"2045-2050"
417,202,"2050-2055"
417,202,"2055-2060"
417,202,"2060-2065"
417,202,"2065-2070"
417,202,"2070-2075"
417,202,"2075-2080"
417,202,"2080-2085"
417,202,"2085-2090"
417,202,"2090-2095"
417,202,"2095-2100"
418,3,"2015-2020"
418,3,"2020-2025"
418,3,"2025-2030"
418,3,"2030-2035"
418,3,"2035-2040"
418,3,"2040-2045"
418,3,"2045-2050"
418,3,"2050-2055"
418,3,"2055-2060"
418,3,"2060-2065"
418,3,"2065-2070"
418,3,"2070-2075"
418,3,"2075-2080"
418,3,"2080-2085"
418,3,"2085-2090"
418,3,"2090-2095"
418,3,"2095-2100"
418,4,"2015-2020"
418,4,"2020-2025"
418,4,"2025-2030"
418,4,"2030-2035"
418,4,"2035-2040"
418,4,"2040-2045"
418,4,"2045-2050"
418,4,"2050-2055"
418,4,"2055-2060"
418,4,"2060-2065"
418,4,"2065-2070"
418,4,"2070-2075"
418,4,"2075-2080"
418,4,"2080-2085"
418,4,"2085-2090"
418,4,"2090-2095"
418,4,"2095-2100"
418,5,"2015-2020"
418,5,"2020-2025"
418,5,"2025-2030"
418,5,"2030-2035"
418,5,"2035-2040"
418,5,"2040-2045"
418,5,"2045-2050"
418,5,"2050-2055"
418,5,"2055-2060"
418,5,"2060-2065"
418,5,"2065-2070"
418,5,"2070-2075"
418,5,"2075-2080"
418,5,"2080-2085"
418,5,"2085-2090"
418,5,"2090-2095"
418,5,"2095-2100"
418,6,"2015-2020"
418,6,"2020-2025"
418,6,"2025-2030"
418,6,"2030-2035"
418,6,"2035-2040"
418,6,"2040-2045"
418,6,"2045-2050"
418,6,"2050-2055"
418,6,"2055-2060"
418,6,"2060-2065"
418,6,"2065-2070"
418,6,"2070-2075"
418,6,"2075-2080"
418,6,"2080-2085"
418,6,"2085-2090"
418,6,"2090-2095"
418,6,"2095-2100"
418,7,"2015-2020"
418,7,"2020-2025"
418,7,"2025-2030"
418,7,"2030-2035"
418,7,"2035-2040"
418,7,"2040-2045"
418,7,"2045-2050"
418,7,"2050-2055"
418,7,"2055-2060"
418,7,"2060-2065"
418,7,"2065-2070"
418,7,"2070-2075"
418,7,"2075-2080"
418,7,"2080-2085"
418,7,"2085-2090"
418,7,"2090-2095"
418,7,"2095-2100"
418,8,"2015-2020"
418,8,"2020-2025"
418,8,"2025-2030"
418,8,"2030-2035"
418,8,"2035-2040"
418,8,"2040-2045"
418,8,"2045-2050"
418,8,"2050-2055"
418,8,"2055-2060"
418,8,"2060-2065"
418,8,"2065-2070"
418,8,"2070-2075"
418,8,"2075-2080"
418,8,"2080-2085"
418,8,"2085-2090"
418,8,"2090-2095"
418,8,"2095-2100"
418,9,"2015-2020"
418,9,"2020-2025"
418,9,"2025-2030"
418,9,"2030-2035"
418,9,"2035-2040"
418,9,"2040-2045"
418,9,"2045-2050"
418,9,"2050-2055"
418,9,"2055-2060"
418,9,"2060-2065"
418,9,"2065-2070"
418,9,"2070-2075"
418,9,"2075-2080"
418,9,"2080-2085"
418,9,"2085-2090"
418,9,"2090-2095"
418,9,"2095-2100"
418,202,"2015-2020"
418,202,"2020-2025"
418,202,"2025-2030"
418,202,"2030-2035"
418,202,"2035-2040"
418,202,"2040-2045"
418,202,"2045-2050"
418,202,"2050-2055"
418,202,"2055-2060"
418,202,"2060-2065"
418,202,"2065-2070"
418,202,"2070-2075"
418,202,"2075-2080"
418,202,"2080-2085"
418,202,"2085-2090"
418,202,"2090-2095"
418,202,"2095-2100"
904,3,"2015-2020"
904,3,"2020-2025"
904,3,"2025-2030"
904,3,"2030-2035"
904,3,"2035-2040"
904,3,"2040-2045"
904,3,"2045-2050"
904,3,"2050-2055"
904,3,"2055-2060"
904,3,"2060-2065"
904,3,"2065-2070"
904,3,"2070-2075"
904,3,"2075-2080"
904,3,"2080-2085"
904,3,"2085-2090"
904,3,"2090-2095"
904,3,"2095-2100"
904,4,"2015-2020"
904,4,"2020-2025"
904,4,"2025-2030"
904,4,"2030-2035"
904,4,"2035-2040"
904,4,"2040-2045"
904,4,"2045-2050"
904,4,"2050-2055"
904,4,"2055-2060"
904,4,"2060-2065"
904,4,"2065-2070"
904,4,"2070-2075"
904,4,"2075-2080"
904,4,"2080-2085"
904,4,"2085-2090"
904,4,"2090-2095"
904,4,"2095-2100"
904,5,"2015-2020"
904,5,"2020-2025"
904,5,"2025-2030"
904,5,"2030-2035"
904,5,"2035-2040"
904,5,"2040-2045"
904,5,"2045-2050"
904,5,"2050-2055"
904,5,"2055-2060"
904,5,"2060-2065"
904,5,"2065-2070"
904,5,"2070-2075"
904,5,"2075-2080"
904,5,"2080-2085"
904,5,"2085-2090"
904,5,"2090-2095"
904,5,"2095-2100"
904,6,"2015-2020"
904,6,"2020-2025"
904,6,"2025-2030"
904,6,"2030-2035"
904,6,"2035-2040"
904,6,"2040-2045"
904,6,"2045-2050"
904,6,"2050-2055"
904,6,"2055-2060"
904,6,"2060-2065"
904,6,"2065-2070"
904,6,"2070-2075"
904,6,"2075-2080"
904,6,"2080-2085"
904,6,"2085-2090"
904,6,"2090-2095"
904,6,"2095-2100"
904,7,"2015-2020"
904,7,"2020-2025"
904,7,"2025-2030"
904,7,"2030-2035"
904,7,"2035-2040"
904,7,"2040-2045"
904,7,"2045-2050"
904,7,"2050-2055"
904,7,"2055-2060"
904,7,"2060-2065"
904,7,"2065-2070"
904,7,"2070-2075"
904,7,"2075-2080"
904,7,"2080-2085"
904,7,"2085-2090"
904,7,"2090-2095"
904,7,"2095-2100"
904,8,"2015-2020"
904,8,"2020-2025"
904,8,"2025-2030"
904,8,"2030-2035"
904,8,"2035-2040"
904,8,"2040-2045"
904,8,"2045-2050"
904,8,"2050-2055"
904,8,"2055-2060"
904,8,"2060-2065"
904,8,"2065-2070"
904,8,"2070-2075"
904,8,"2075-2080"
904,8,"2080-2085"
904,8,"2085-2090"
904,8,"2090-2095"
904,8,"2095-2100"
904,9,"2015-2020"
904,9,"2020-2025"
904,9,"2025-2030"
904,9,"2030-2035"
904,9,"2035-2040"
904,9,"2040-2045"
904,9,"2045-2050"
904,9,"2050-2055"
904,9,"2055-2060"
904,9,"2060-2065"
904,9,"2065-2070"
904,9,"2070-2075"
904,9,"2075-2080"
904,9,"2080-2085"
904,9,"2085-2090"
904,9,"2090-2095"
904,9,"2095-2100"
428,3,"2015-2020"
428,3,"2020-2025"
428,3,"2025-2030"
428,3,"2030-2035"
428,3,"2035-2040"
428,3,"2040-2045"
428,3,"2045-2050"
428,3,"2050-2055"
428,3,"2055-2060"
428,3,"2060-2065"
428,3,"2065-2070"
428,3,"2070-2075"
428,3,"2075-2080"
428,3,"2080-2085"
428,3,"2085-2090"
428,3,"2090-2095"
428,3,"2095-2100"
428,4,"2015-2020"
428,4,"2020-2025"
428,4,"2025-2030"
428,4,"2030-2035"
428,4,"2035-2040"
428,4,"2040-2045"
428,4,"2045-2050"
428,4,"2050-2055"
428,4,"2055-2060"
428,4,"2060-2065"
428,4,"2065-2070"
428,4,"2070-2075"
428,4,"2075-2080"
428,4,"2080-2085"
428,4,"2085-2090"
428,4,"2090-2095"
428,4,"2095-2100"
428,5,"2015-2020"
428,5,"2020-2025"
428,5,"2025-2030"
428,5,"2030-2035"
428,5,"2035-2040"
428,5,"2040-2045"
428,5,"2045-2050"
428,5,"2050-2055"
428,5,"2055-2060"
428,5,"2060-2065"
428,5,"2065-2070"
428,5,"2070-2075"
428,5,"2075-2080"
428,5,"2080-2085"
428,5,"2085-2090"
428,5,"2090-2095"
428,5,"2095-2100"
428,6,"2015-2020"
428,6,"2020-2025"
428,6,"2025-2030"
428,6,"2030-2035"
428,6,"2035-2040"
428,6,"2040-2045"
428,6,"2045-2050"
428,6,"2050-2055"
428,6,"2055-2060"
428,6,"2060-2065"
428,6,"2065-2070"
428,6,"2070-2075"
428,6,"2075-2080"
428,6,"2080-2085"
428,6,"2085-2090"
428,6,"2090-2095"
428,6,"2095-2100"
428,7,"2015-2020"
428,7,"2020-2025"
428,7,"2025-2030"
428,7,"2030-2035"
428,7,"2035-2040"
428,7,"2040-2045"
428,7,"2045-2050"
428,7,"2050-2055"
428,7,"2055-2060"
428,7,"2060-2065"
428,7,"2065-2070"
428,7,"2070-2075"
428,7,"2075-2080"
428,7,"2080-2085"
428,7,"2085-2090"
428,7,"2090-2095"
428,7,"2095-2100"
428,8,"2015-2020"
428,8,"2020-2025"
428,8,"2025-2030"
428,8,"2030-2035"
428,8,"2035-2040"
428,8,"2040-2045"
428,8,"2045-2050"
428,8,"2050-2055"
428,8,"2055-2060"
428,8,"2060-2065"
428,8,"2065-2070"
428,8,"2070-2075"
428,8,"2075-2080"
428,8,"2080-2085"
428,8,"2085-2090"
428,8,"2090-2095"
428,8,"2095-2100"
428,9,"2015-2020"
428,9,"2020-2025"
428,9,"2025-2030"
428,9,"2030-2035"
428,9,"2035-2040"
428,9,"2040-2045"
428,9,"2045-2050"
428,9,"2050-2055"
428,9,"2055-2060"
428,9,"2060-2065"
428,9,"2065-2070"
428,9,"2070-2075"
428,9,"2075-2080"
428,9,"2080-2085"
428,9,"2085-2090"
428,9,"2090-2095"
428,9,"2095-2100"
428,202,"2015-2020"
428,202,"2020-2025"
428,202,"2025-2030"
428,202,"2030-2035"
428,202,"2035-2040"
428,202,"2040-2045"
428,202,"2045-2050"
428,202,"2050-2055"
428,202,"2055-2060"
428,202,"2060-2065"
428,202,"2065-2070"
428,202,"2070-2075"
428,202,"2075-2080"
428,202,"2080-2085"
428,202,"2085-2090"
428,202,"2090-2095"
428,202,"2095-2100"
941,3,"2015-2020"
941,3,"2020-2025"
941,3,"2025-2030"
941,3,"2030-2035"
941,3,"2035-2040"
941,3,"2040-2045"
941,3,"2045-2050"
941,3,"2050-2055"
941,3,"2055-2060"
941,3,"2060-2065"
941,3,"2065-2070"
941,3,"2070-2075"
941,3,"2075-2080"
941,3,"2080-2085"
941,3,"2085-2090"
941,3,"2090-2095"
941,3,"2095-2100"
941,4,"2015-2020"
941,4,"2020-2025"
941,4,"2025-2030"
941,4,"2030-2035"
941,4,"2035-2040"
941,4,"2040-2045"
941,4,"2045-2050"
941,4,"2050-2055"
941,4,"2055-2060"
941,4,"2060-2065"
941,4,"2065-2070"
941,4,"2070-2075"
941,4,"2075-2080"
941,4,"2080-2085"
941,4,"2085-2090"
941,4,"2090-2095"
941,4,"2095-2100"
941,5,"2015-2020"
941,5,"2020-2025"
941,5,"2025-2030"
941,5,"2030-2035"
941,5,"2035-2040"
941,5,"2040-2045"
941,5,"2045-2050"
941,5,"2050-2055"
941,5,"2055-2060"
941,5,"2060-2065"
941,5,"2065-2070"
941,5,"2070-2075"
941,5,"2075-2080"
941,5,"2080-2085"
941,5,"2085-2090"
941,5,"2090-2095"
941,5,"2095-2100"
941,6,"2015-2020"
941,6,"2020-2025"
941,6,"2025-2030"
941,6,"2030-2035"
941,6,"2035-2040"
941,6,"2040-2045"
941,6,"2045-2050"
941,6,"2050-2055"
941,6,"2055-2060"
941,6,"2060-2065"
941,6,"2065-2070"
941,6,"2070-2075"
941,6,"2075-2080"
941,6,"2080-2085"
941,6,"2085-2090"
941,6,"2090-2095"
941,6,"2095-2100"
941,7,"2015-2020"
941,7,"2020-2025"
941,7,"2025-2030"
941,7,"2030-2035"
941,7,"2035-2040"
941,7,"2040-2045"
941,7,"2045-2050"
941,7,"2050-2055"
941,7,"2055-2060"
941,7,"2060-2065"
941,7,"2065-2070"
941,7,"2070-2075"
941,7,"2075-2080"
941,7,"2080-2085"
941,7,"2085-2090"
941,7,"2090-2095"
941,7,"2095-2100"
941,8,"2015-2020"
941,8,"2020-2025"
941,8,"2025-2030"
941,8,"2030-2035"
941,8,"2035-2040"
941,8,"2040-2045"
941,8,"2045-2050"
941,8,"2050-2055"
941,8,"2055-2060"
941,8,"2060-2065"
941,8,"2065-2070"
941,8,"2070-2075"
941,8,"2075-2080"
941,8,"2080-2085"
941,8,"2085-2090"
941,8,"2090-2095"
941,8,"2095-2100"
941,9,"2015-2020"
941,9,"2020-2025"
941,9,"2025-2030"
941,9,"2030-2035"
941,9,"2035-2040"
941,9,"2040-2045"
941,9,"2045-2050"
941,9,"2050-2055"
941,9,"2055-2060"
941,9,"2060-2065"
941,9,"2065-2070"
941,9,"2070-2075"
941,9,"2075-2080"
941,9,"2080-2085"
941,9,"2085-2090"
941,9,"2090-2095"
941,9,"2095-2100"
422,3,"2015-2020"
422,3,"2020-2025"
422,3,"2025-2030"
422,3,"2030-2035"
422,3,"2035-2040"
422,3,"2040-2045"
422,3,"2045-2050"
422,3,"2050-2055"
422,3,"2055-2060"
422,3,"2060-2065"
422,3,"2065-2070"
422,3,"2070-2075"
422,3,"2075-2080"
422,3,"2080-2085"
422,3,"2085-2090"
422,3,"2090-2095"
422,3,"2095-2100"
422,4,"2015-2020"
422,4,"2020-2025"
422,4,"2025-2030"
422,4,"2030-2035"
422,4,"2035-2040"
422,4,"2040-2045"
422,4,"2045-2050"
422,4,"2050-2055"
422,4,"2055-2060"
422,4,"2060-2065"
422,4,"2065-2070"
422,4,"2070-2075"
422,4,"2075-2080"
422,4,"2080-2085"
422,4,"2085-2090"
422,4,"2090-2095"
422,4,"2095-2100"
422,5,"2015-2020"
422,5,"2020-2025"
422,5,"2025-2030"
422,5,"2030-2035"
422,5,"2035-2040"
422,5,"2040-2045"
422,5,"2045-2050"
422,5,"2050-2055"
422,5,"2055-2060"
422,5,"2060-2065"
422,5,"2065-2070"
422,5,"2070-2075"
422,5,"2075-2080"
422,5,"2080-2085"
422,5,"2085-2090"
422,5,"2090-2095"
422,5,"2095-2100"
422,6,"2015-2020"
422,6,"2020-2025"
422,6,"2025-2030"
422,6,"2030-2035"
422,6,"2035-2040"
422,6,"2040-2045"
422,6,"2045-2050"
422,6,"2050-2055"
422,6,"2055-2060"
422,6,"2060-2065"
422,6,"2065-2070"
422,6,"2070-2075"
422,6,"2075-2080"
422,6,"2080-2085"
422,6,"2085-2090"
422,6,"2090-2095"
422,6,"2095-2100"
422,7,"2015-2020"
422,7,"2020-2025"
422,7,"2025-2030"
422,7,"2030-2035"
422,7,"2035-2040"
422,7,"2040-2045"
422,7,"2045-2050"
422,7,"2050-2055"
422,7,"2055-2060"
422,7,"2060-2065"
422,7,"2065-2070"
422,7,"2070-2075"
422,7,"2075-2080"
422,7,"2080-2085"
422,7,"2085-2090"
422,7,"2090-2095"
422,7,"2095-2100"
422,8,"2015-2020"
422,8,"2020-2025"
422,8,"2025-2030"
422,8,"2030-2035"
422,8,"2035-2040"
422,8,"2040-2045"
422,8,"2045-2050"
422,8,"2050-2055"
422,8,"2055-2060"
422,8,"2060-2065"
422,8,"2065-2070"
422,8,"2070-2075"
422,8,"2075-2080"
422,8,"2080-2085"
422,8,"2085-2090"
422,8,"2090-2095"
422,8,"2095-2100"
422,9,"2015-2020"
422,9,"2020-2025"
422,9,"2025-2030"
422,9,"2030-2035"
422,9,"2035-2040"
422,9,"2040-2045"
422,9,"2045-2050"
422,9,"2050-2055"
422,9,"2055-2060"
422,9,"2060-2065"
422,9,"2065-2070"
422,9,"2070-2075"
422,9,"2075-2080"
422,9,"2080-2085"
422,9,"2085-2090"
422,9,"2090-2095"
422,9,"2095-2100"
422,202,"2015-2020"
422,202,"2020-2025"
422,202,"2025-2030"
422,202,"2030-2035"
422,202,"2035-2040"
422,202,"2040-2045"
422,202,"2045-2050"
422,202,"2050-2055"
422,202,"2055-2060"
422,202,"2060-2065"
422,202,"2065-2070"
422,202,"2070-2075"
422,202,"2075-2080"
422,202,"2080-2085"
422,202,"2085-2090"
422,202,"2090-2095"
422,202,"2095-2100"
426,3,"2015-2020"
426,3,"2020-2025"
426,3,"2025-2030"
426,3,"2030-2035"
426,3,"2035-2040"
426,3,"2040-2045"
426,3,"2045-2050"
426,3,"2050-2055"
426,3,"2055-2060"
426,3,"2060-2065"
426,3,"2065-2070"
426,3,"2070-2075"
426,3,"2075-2080"
426,3,"2080-2085"
426,3,"2085-2090"
426,3,"2090-2095"
426,3,"2095-2100"
426,4,"2015-2020"
426,4,"2020-2025"
426,4,"2025-2030"
426,4,"2030-2035"
426,4,"2035-2040"
426,4,"2040-2045"
426,4,"2045-2050"
426,4,"2050-2055"
426,4,"2055-2060"
426,4,"2060-2065"
426,4,"2065-2070"
426,4,"2070-2075"
426,4,"2075-2080"
426,4,"2080-2085"
426,4,"2085-2090"
426,4,"2090-2095"
426,4,"2095-2100"
426,5,"2015-2020"
426,5,"2020-2025"
426,5,"2025-2030"
426,5,"2030-2035"
426,5,"2035-2040"
426,5,"2040-2045"
426,5,"2045-2050"
426,5,"2050-2055"
426,5,"2055-2060"
426,5,"2060-2065"
426,5,"2065-2070"
426,5,"2070-2075"
426,5,"2075-2080"
426,5,"2080-2085"
426,5,"2085-2090"
426,5,"2090-2095"
426,5,"2095-2100"
426,6,"2015-2020"
426,6,"2020-2025"
426,6,"2025-2030"
426,6,"2030-2035"
426,6,"2035-2040"
426,6,"2040-2045"
426,6,"2045-2050"
426,6,"2050-2055"
426,6,"2055-2060"
426,6,"2060-2065"
426,6,"2065-2070"
426,6,"2070-2075"
426,6,"2075-2080"
426,6,"2080-2085"
426,6,"2085-2090"
426,6,"2090-2095"
426,6,"2095-2100"
426,7,"2015-2020"
426,7,"2020-2025"
426,7,"2025-2030"
426,7,"2030-2035"
426,7,"2035-2040"
426,7,"2040-2045"
426,7,"2045-2050"
426,7,"2050-2055"
426,7,"2055-2060"
426,7,"2060-2065"
426,7,"2065-2070"
426,7,"2070-2075"
426,7,"2075-2080"
426,7,"2080-2085"
426,7,"2085-2090"
426,7,"2090-2095"
426,7,"2095-2100"
426,8,"2015-2020"
426,8,"2020-2025"
426,8,"2025-2030"
426,8,"2030-2035"
426,8,"2035-2040"
426,8,"2040-2045"
426,8,"2045-2050"
426,8,"2050-2055"
426,8,"2055-2060"
426,8,"2060-2065"
426,8,"2065-2070"
426,8,"2070-2075"
426,8,"2075-2080"
426,8,"2080-2085"
426,8,"2085-2090"
426,8,"2090-2095"
426,8,"2095-2100"
426,9,"2015-2020"
426,9,"2020-2025"
426,9,"2025-2030"
426,9,"2030-2035"
426,9,"2035-2040"
426,9,"2040-2045"
426,9,"2045-2050"
426,9,"2050-2055"
426,9,"2055-2060"
426,9,"2060-2065"
426,9,"2065-2070"
426,9,"2070-2075"
426,9,"2075-2080"
426,9,"2080-2085"
426,9,"2085-2090"
426,9,"2090-2095"
426,9,"2095-2100"
426,202,"2015-2020"
426,202,"2020-2025"
426,202,"2025-2030"
426,202,"2030-2035"
426,202,"2035-2040"
426,202,"2040-2045"
426,202,"2045-2050"
426,202,"2050-2055"
426,202,"2055-2060"
426,202,"2060-2065"
426,202,"2065-2070"
426,202,"2070-2075"
426,202,"2075-2080"
426,202,"2080-2085"
426,202,"2085-2090"
426,202,"2090-2095"
426,202,"2095-2100"
902,3,"2015-2020"
902,3,"2020-2025"
902,3,"2025-2030"
902,3,"2030-2035"
902,3,"2035-2040"
902,3,"2040-2045"
902,3,"2045-2050"
902,3,"2050-2055"
902,3,"2055-2060"
902,3,"2060-2065"
902,3,"2065-2070"
902,3,"2070-2075"
902,3,"2075-2080"
902,3,"2080-2085"
902,3,"2085-2090"
902,3,"2090-2095"
902,3,"2095-2100"
902,4,"2015-2020"
902,4,"2020-2025"
902,4,"2025-2030"
902,4,"2030-2035"
902,4,"2035-2040"
902,4,"2040-2045"
902,4,"2045-2050"
902,4,"2050-2055"
902,4,"2055-2060"
902,4,"2060-2065"
902,4,"2065-2070"
902,4,"2070-2075"
902,4,"2075-2080"
902,4,"2080-2085"
902,4,"2085-2090"
902,4,"2090-2095"
902,4,"2095-2100"
902,5,"2015-2020"
902,5,"2020-2025"
902,5,"2025-2030"
902,5,"2030-2035"
902,5,"2035-2040"
902,5,"2040-2045"
902,5,"2045-2050"
902,5,"2050-2055"
902,5,"2055-2060"
902,5,"2060-2065"
902,5,"2065-2070"
902,5,"2070-2075"
902,5,"2075-2080"
902,5,"2080-2085"
902,5,"2085-2090"
902,5,"2090-2095"
902,5,"2095-2100"
902,6,"2015-2020"
902,6,"2020-2025"
902,6,"2025-2030"
902,6,"2030-2035"
902,6,"2035-2040"
902,6,"2040-2045"
902,6,"2045-2050"
902,6,"2050-2055"
902,6,"2055-2060"
902,6,"2060-2065"
902,6,"2065-2070"
902,6,"2070-2075"
902,6,"2075-2080"
902,6,"2080-2085"
902,6,"2085-2090"
902,6,"2090-2095"
902,6,"2095-2100"
902,7,"2015-2020"
902,7,"2020-2025"
902,7,"2025-2030"
902,7,"2030-2035"
902,7,"2035-2040"
902,7,"2040-2045"
902,7,"2045-2050"
902,7,"2050-2055"
902,7,"2055-2060"
902,7,"2060-2065"
902,7,"2065-2070"
902,7,"2070-2075"
902,7,"2075-2080"
902,7,"2080-2085"
902,7,"2085-2090"
902,7,"2090-2095"
902,7,"2095-2100"
902,8,"2015-2020"
902,8,"2020-2025"
902,8,"2025-2030"
902,8,"2030-2035"
902,8,"2035-2040"
902,8,"2040-2045"
902,8,"2045-2050"
902,8,"2050-2055"
902,8,"2055-2060"
902,8,"2060-2065"
902,8,"2065-2070"
902,8,"2070-2075"
902,8,"2075-2080"
902,8,"2080-2085"
902,8,"2085-2090"
902,8,"2090-2095"
902,8,"2095-2100"
902,9,"2015-2020"
902,9,"2020-2025"
902,9,"2025-2030"
902,9,"2030-2035"
902,9,"2035-2040"
902,9,"2040-2045"
902,9,"2045-2050"
902,9,"2050-2055"
902,9,"2055-2060"
902,9,"2060-2065"
902,9,"2065-2070"
902,9,"2070-2075"
902,9,"2075-2080"
902,9,"2080-2085"
902,9,"2085-2090"
902,9,"2090-2095"
902,9,"2095-2100"
948,3,"2015-2020"
948,3,"2020-2025"
948,3,"2025-2030"
948,3,"2030-2035"
948,3,"2035-2040"
948,3,"2040-2045"
948,3,"2045-2050"
948,3,"2050-2055"
948,3,"2055-2060"
948,3,"2060-2065"
948,3,"2065-2070"
948,3,"2070-2075"
948,3,"2075-2080"
948,3,"2080-2085"
948,3,"2085-2090"
948,3,"2090-2095"
948,3,"2095-2100"
948,4,"2015-2020"
948,4,"2020-2025"
948,4,"2025-2030"
948,4,"2030-2035"
948,4,"2035-2040"
948,4,"2040-2045"
948,4,"2045-2050"
948,4,"2050-2055"
948,4,"2055-2060"
948,4,"2060-2065"
948,4,"2065-2070"
948,4,"2070-2075"
948,4,"2075-2080"
948,4,"2080-2085"
948,4,"2085-2090"
948,4,"2090-2095"
948,4,"2095-2100"
948,5,"2015-2020"
948,5,"2020-2025"
948,5,"2025-2030"
948,5,"2030-2035"
948,5,"2035-2040"
948,5,"2040-2045"
948,5,"2045-2050"
948,5,"2050-2055"
948,5,"2055-2060"
948,5,"2060-2065"
948,5,"2065-2070"
948,5,"2070-2075"
948,5,"2075-2080"
948,5,"2080-2085"
948,5,"2085-2090"
948,5,"2090-2095"
948,5,"2095-2100"
948,6,"2015-2020"
948,6,"2020-2025"
948,6,"2025-2030"
948,6,"2030-2035"
948,6,"2035-2040"
948,6,"2040-2045"
948,6,"2045-2050"
948,6,"2050-2055"
948,6,"2055-2060"
948,6,"2060-2065"
948,6,"2065-2070"
948,6,"2070-2075"
948,6,"2075-2080"
948,6,"2080-2085"
948,6,"2085-2090"
948,6,"2090-2095"
948,6,"2095-2100"
948,7,"2015-2020"
948,7,"2020-2025"
948,7,"2025-2030"
948,7,"2030-2035"
948,7,"2035-2040"
948,7,"2040-2045"
948,7,"2045-2050"
948,7,"2050-2055"
948,7,"2055-2060"
948,7,"2060-2065"
948,7,"2065-2070"
948,7,"2070-2075"
948,7,"2075-2080"
948,7,"2080-2085"
948,7,"2085-2090"
948,7,"2090-2095"
948,7,"2095-2100"
948,8,"2015-2020"
948,8,"2020-2025"
948,8,"2025-2030"
948,8,"2030-2035"
948,8,"2035-2040"
948,8,"2040-2045"
948,8,"2045-2050"
948,8,"2050-2055"
948,8,"2055-2060"
948,8,"2060-2065"
948,8,"2065-2070"
948,8,"2070-2075"
948,8,"2075-2080"
948,8,"2080-2085"
948,8,"2085-2090"
948,8,"2090-2095"
948,8,"2095-2100"
948,9,"2015-2020"
948,9,"2020-2025"
948,9,"2025-2030"
948,9,"2030-2035"
948,9,"2035-2040"
948,9,"2040-2045"
948,9,"2045-2050"
948,9,"2050-2055"
948,9,"2055-2060"
948,9,"2060-2065"
948,9,"2065-2070"
948,9,"2070-2075"
948,9,"2075-2080"
948,9,"2080-2085"
948,9,"2085-2090"
948,9,"2090-2095"
948,9,"2095-2100"
934,3,"2015-2020"
934,3,"2020-2025"
934,3,"2025-2030"
934,3,"2030-2035"
934,3,"2035-2040"
934,3,"2040-2045"
934,3,"2045-2050"
934,3,"2050-2055"
934,3,"2055-2060"
934,3,"2060-2065"
934,3,"2065-2070"
934,3,"2070-2075"
934,3,"2075-2080"
934,3,"2080-2085"
934,3,"2085-2090"
934,3,"2090-2095"
934,3,"2095-2100"
934,4,"2015-2020"
934,4,"2020-2025"
934,4,"2025-2030"
934,4,"2030-2035"
934,4,"2035-2040"
934,4,"2040-2045"
934,4,"2045-2050"
934,4,"2050-2055"
934,4,"2055-2060"
934,4,"2060-2065"
934,4,"2065-2070"
934,4,"2070-2075"
934,4,"2075-2080"
934,4,"2080-2085"
934,4,"2085-2090"
934,4,"2090-2095"
934,4,"2095-2100"
934,5,"2015-2020"
934,5,"2020-2025"
934,5,"2025-2030"
934,5,"2030-2035"
934,5,"2035-2040"
934,5,"2040-2045"
934,5,"2045-2050"
934,5,"2050-2055"
934,5,"2055-2060"
934,5,"2060-2065"
934,5,"2065-2070"
934,5,"2070-2075"
934,5,"2075-2080"
934,5,"2080-2085"
934,5,"2085-2090"
934,5,"2090-2095"
934,5,"2095-2100"
934,6,"2015-2020"
934,6,"2020-2025"
934,6,"2025-2030"
934,6,"2030-2035"
934,6,"2035-2040"
934,6,"2040-2045"
934,6,"2045-2050"
934,6,"2050-2055"
934,6,"2055-2060"
934,6,"2060-2065"
934,6,"2065-2070"
934,6,"2070-2075"
934,6,"2075-2080"
934,6,"2080-2085"
934,6,"2085-2090"
934,6,"2090-2095"
934,6,"2095-2100"
934,7,"2015-2020"
934,7,"2020-2025"
934,7,"2025-2030"
934,7,"2030-2035"
934,7,"2035-2040"
934,7,"2040-2045"
934,7,"2045-2050"
934,7,"2050-2055"
934,7,"2055-2060"
934,7,"2060-2065"
934,7,"2065-2070"
934,7,"2070-2075"
934,7,"2075-2080"
934,7,"2080-2085"
934,7,"2085-2090"
934,7,"2090-2095"
934,7,"2095-2100"
934,8,"2015-2020"
934,8,"2020-2025"
934,8,"2025-2030"
934,8,"2030-2035"
934,8,"2035-2040"
934,8,"2040-2045"
934,8,"2045-2050"
934,8,"2050-2055"
934,8,"2055-2060"
934,8,"2060-2065"
934,8,"2065-2070"
934,8,"2070-2075"
934,8,"2075-2080"
934,8,"2080-2085"
934,8,"2085-2090"
934,8,"2090-2095"
934,8,"2095-2100"
934,9,"2015-2020"
934,9,"2020-2025"
934,9,"2025-2030"
934,9,"2030-2035"
934,9,"2035-2040"
934,9,"2040-2045"
934,9,"2045-2050"
934,9,"2050-2055"
934,9,"2055-2060"
934,9,"2060-2065"
934,9,"2065-2070"
934,9,"2070-2075"
934,9,"2075-2080"
934,9,"2080-2085"
934,9,"2085-2090"
934,9,"2090-2095"
934,9,"2095-2100"
430,3,"2015-2020"
430,3,"2020-2025"
430,3,"2025-2030"
430,3,"2030-2035"
430,3,"2035-2040"
430,3,"2040-2045"
430,3,"2045-2050"
430,3,"2050-2055"
430,3,"2055-2060"
430,3,"2060-2065"
430,3,"2065-2070"
430,3,"2070-2075"
430,3,"2075-2080"
430,3,"2080-2085"
430,3,"2085-2090"
430,3,"2090-2095"
430,3,"2095-2100"
430,4,"2015-2020"
430,4,"2020-2025"
430,4,"2025-2030"
430,4,"2030-2035"
430,4,"2035-2040"
430,4,"2040-2045"
430,4,"2045-2050"
430,4,"2050-2055"
430,4,"2055-2060"
430,4,"2060-2065"
430,4,"2065-2070"
430,4,"2070-2075"
430,4,"2075-2080"
430,4,"2080-2085"
430,4,"2085-2090"
430,4,"2090-2095"
430,4,"2095-2100"
430,5,"2015-2020"
430,5,"2020-2025"
430,5,"2025-2030"
430,5,"2030-2035"
430,5,"2035-2040"
430,5,"2040-2045"
430,5,"2045-2050"
430,5,"2050-2055"
430,5,"2055-2060"
430,5,"2060-2065"
430,5,"2065-2070"
430,5,"2070-2075"
430,5,"2075-2080"
430,5,"2080-2085"
430,5,"2085-2090"
430,5,"2090-2095"
430,5,"2095-2100"
430,6,"2015-2020"
430,6,"2020-2025"
430,6,"2025-2030"
430,6,"2030-2035"
430,6,"2035-2040"
430,6,"2040-2045"
430,6,"2045-2050"
430,6,"2050-2055"
430,6,"2055-2060"
430,6,"2060-2065"
430,6,"2065-2070"
430,6,"2070-2075"
430,6,"2075-2080"
430,6,"2080-2085"
430,6,"2085-2090"
430,6,"2090-2095"
430,6,"2095-2100"
430,7,"2015-2020"
430,7,"2020-2025"
430,7,"2025-2030"
430,7,"2030-2035"
430,7,"2035-2040"
430,7,"2040-2045"
430,7,"2045-2050"
430,7,"2050-2055"
430,7,"2055-2060"
430,7,"2060-2065"
430,7,"2065-2070"
430,7,"2070-2075"
430,7,"2075-2080"
430,7,"2080-2085"
430,7,"2085-2090"
430,7,"2090-2095"
430,7,"2095-2100"
430,8,"2015-2020"
430,8,"2020-2025"
430,8,"2025-2030"
430,8,"2030-2035"
430,8,"2035-2040"
430,8,"2040-2045"
430,8,"2045-2050"
430,8,"2050-2055"
430,8,"2055-2060"
430,8,"2060-2065"
430,8,"2065-2070"
430,8,"2070-2075"
430,8,"2075-2080"
430,8,"2080-2085"
430,8,"2085-2090"
430,8,"2090-2095"
430,8,"2095-2100"
430,9,"2015-2020"
430,9,"2020-2025"
430,9,"2025-2030"
430,9,"2030-2035"
430,9,"2035-2040"
430,9,"2040-2045"
430,9,"2045-2050"
430,9,"2050-2055"
430,9,"2055-2060"
430,9,"2060-2065"
430,9,"2065-2070"
430,9,"2070-2075"
430,9,"2075-2080"
430,9,"2080-2085"
430,9,"2085-2090"
430,9,"2090-2095"
430,9,"2095-2100"
430,202,"2015-2020"
430,202,"2020-2025"
430,202,"2025-2030"
430,202,"2030-2035"
430,202,"2035-2040"
430,202,"2040-2045"
430,202,"2045-2050"
430,202,"2050-2055"
430,202,"2055-2060"
430,202,"2060-2065"
430,202,"2065-2070"
430,202,"2070-2075"
430,202,"2075-2080"
430,202,"2080-2085"
430,202,"2085-2090"
430,202,"2090-2095"
430,202,"2095-2100"
434,3,"2015-2020"
434,3,"2020-2025"
434,3,"2025-2030"
434,3,"2030-2035"
434,3,"2035-2040"
434,3,"2040-2045"
434,3,"2045-2050"
434,3,"2050-2055"
434,3,"2055-2060"
434,3,"2060-2065"
434,3,"2065-2070"
434,3,"2070-2075"
434,3,"2075-2080"
434,3,"2080-2085"
434,3,"2085-2090"
434,3,"2090-2095"
434,3,"2095-2100"
434,4,"2015-2020"
434,4,"2020-2025"
434,4,"2025-2030"
434,4,"2030-2035"
434,4,"2035-2040"
434,4,"2040-2045"
434,4,"2045-2050"
434,4,"2050-2055"
434,4,"2055-2060"
434,4,"2060-2065"
434,4,"2065-2070"
434,4,"2070-2075"
434,4,"2075-2080"
434,4,"2080-2085"
434,4,"2085-2090"
434,4,"2090-2095"
434,4,"2095-2100"
434,5,"2015-2020"
434,5,"2020-2025"
434,5,"2025-2030"
434,5,"2030-2035"
434,5,"2035-2040"
434,5,"2040-2045"
434,5,"2045-2050"
434,5,"2050-2055"
434,5,"2055-2060"
434,5,"2060-2065"
434,5,"2065-2070"
434,5,"2070-2075"
434,5,"2075-2080"
434,5,"2080-2085"
434,5,"2085-2090"
434,5,"2090-2095"
434,5,"2095-2100"
434,6,"2015-2020"
434,6,"2020-2025"
434,6,"2025-2030"
434,6,"2030-2035"
434,6,"2035-2040"
434,6,"2040-2045"
434,6,"2045-2050"
434,6,"2050-2055"
434,6,"2055-2060"
434,6,"2060-2065"
434,6,"2065-2070"
434,6,"2070-2075"
434,6,"2075-2080"
434,6,"2080-2085"
434,6,"2085-2090"
434,6,"2090-2095"
434,6,"2095-2100"
434,7,"2015-2020"
434,7,"2020-2025"
434,7,"2025-2030"
434,7,"2030-2035"
434,7,"2035-2040"
434,7,"2040-2045"
434,7,"2045-2050"
434,7,"2050-2055"
434,7,"2055-2060"
434,7,"2060-2065"
434,7,"2065-2070"
434,7,"2070-2075"
434,7,"2075-2080"
434,7,"2080-2085"
434,7,"2085-2090"
434,7,"2090-2095"
434,7,"2095-2100"
434,8,"2015-2020"
434,8,"2020-2025"
434,8,"2025-2030"
434,8,"2030-2035"
434,8,"2035-2040"
434,8,"2040-2045"
434,8,"2045-2050"
434,8,"2050-2055"
434,8,"2055-2060"
434,8,"2060-2065"
434,8,"2065-2070"
434,8,"2070-2075"
434,8,"2075-2080"
434,8,"2080-2085"
434,8,"2085-2090"
434,8,"2090-2095"
434,8,"2095-2100"
434,9,"2015-2020"
434,9,"2020-2025"
434,9,"2025-2030"
434,9,"2030-2035"
434,9,"2035-2040"
434,9,"2040-2045"
434,9,"2045-2050"
434,9,"2050-2055"
434,9,"2055-2060"
434,9,"2060-2065"
434,9,"2065-2070"
434,9,"2070-2075"
434,9,"2075-2080"
434,9,"2080-2085"
434,9,"2085-2090"
434,9,"2090-2095"
434,9,"2095-2100"
434,202,"2015-2020"
434,202,"2020-2025"
434,202,"2025-2030"
434,202,"2030-2035"
434,202,"2035-2040"
434,202,"2040-2045"
434,202,"2045-2050"
434,202,"2050-2055"
434,202,"2055-2060"
434,202,"2060-2065"
434,202,"2065-2070"
434,202,"2070-2075"
434,202,"2075-2080"
434,202,"2080-2085"
434,202,"2085-2090"
434,202,"2090-2095"
434,202,"2095-2100"
438,3,"2015-2020"
438,3,"2020-2025"
438,3,"2025-2030"
438,3,"2030-2035"
438,3,"2035-2040"
438,3,"2040-2045"
438,3,"2045-2050"
438,3,"2050-2055"
438,3,"2055-2060"
438,3,"2060-2065"
438,3,"2065-2070"
438,3,"2070-2075"
438,3,"2075-2080"
438,3,"2080-2085"
438,3,"2085-2090"
438,3,"2090-2095"
438,3,"2095-2100"
438,4,"2015-2020"
438,4,"2020-2025"
438,4,"2025-2030"
438,4,"2030-2035"
438,4,"2035-2040"
438,4,"2040-2045"
438,4,"2045-2050"
438,4,"2050-2055"
438,4,"2055-2060"
438,4,"2060-2065"
438,4,"2065-2070"
438,4,"2070-2075"
438,4,"2075-2080"
438,4,"2080-2085"
438,4,"2085-2090"
438,4,"2090-2095"
438,4,"2095-2100"
438,5,"2015-2020"
438,5,"2020-2025"
438,5,"2025-2030"
438,5,"2030-2035"
438,5,"2035-2040"
438,5,"2040-2045"
438,5,"2045-2050"
438,5,"2050-2055"
438,5,"2055-2060"
438,5,"2060-2065"
438,5,"2065-2070"
438,5,"2070-2075"
438,5,"2075-2080"
438,5,"2080-2085"
438,5,"2085-2090"
438,5,"2090-2095"
438,5,"2095-2100"
438,6,"2015-2020"
438,6,"2020-2025"
438,6,"2025-2030"
438,6,"2030-2035"
438,6,"2035-2040"
438,6,"2040-2045"
438,6,"2045-2050"
438,6,"2050-2055"
438,6,"2055-2060"
438,6,"2060-2065"
438,6,"2065-2070"
438,6,"2070-2075"
438,6,"2075-2080"
438,6,"2080-2085"
438,6,"2085-2090"
438,6,"2090-2095"
438,6,"2095-2100"
438,7,"2015-2020"
438,7,"2020-2025"
438,7,"2025-2030"
438,7,"2030-2035"
438,7,"2035-2040"
438,7,"2040-2045"
438,7,"2045-2050"
438,7,"2050-2055"
438,7,"2055-2060"
438,7,"2060-2065"
438,7,"2065-2070"
438,7,"2070-2075"
438,7,"2075-2080"
438,7,"2080-2085"
438,7,"2085-2090"
438,7,"2090-2095"
438,7,"2095-2100"
438,8,"2015-2020"
438,8,"2020-2025"
438,8,"2025-2030"
438,8,"2030-2035"
438,8,"2035-2040"
438,8,"2040-2045"
438,8,"2045-2050"
438,8,"2050-2055"
438,8,"2055-2060"
438,8,"2060-2065"
438,8,"2065-2070"
438,8,"2070-2075"
438,8,"2075-2080"
438,8,"2080-2085"
438,8,"2085-2090"
438,8,"2090-2095"
438,8,"2095-2100"
438,9,"2015-2020"
438,9,"2020-2025"
438,9,"2025-2030"
438,9,"2030-2035"
438,9,"2035-2040"
438,9,"2040-2045"
438,9,"2045-2050"
438,9,"2050-2055"
438,9,"2055-2060"
438,9,"2060-2065"
438,9,"2065-2070"
438,9,"2070-2075"
438,9,"2075-2080"
438,9,"2080-2085"
438,9,"2085-2090"
438,9,"2090-2095"
438,9,"2095-2100"
440,3,"2015-2020"
440,3,"2020-2025"
440,3,"2025-2030"
440,3,"2030-2035"
440,3,"2035-2040"
440,3,"2040-2045"
440,3,"2045-2050"
440,3,"2050-2055"
440,3,"2055-2060"
440,3,"2060-2065"
440,3,"2065-2070"
440,3,"2070-2075"
440,3,"2075-2080"
440,3,"2080-2085"
440,3,"2085-2090"
440,3,"2090-2095"
440,3,"2095-2100"
440,4,"2015-2020"
440,4,"2020-2025"
440,4,"2025-2030"
440,4,"2030-2035"
440,4,"2035-2040"
440,4,"2040-2045"
440,4,"2045-2050"
440,4,"2050-2055"
440,4,"2055-2060"
440,4,"2060-2065"
440,4,"2065-2070"
440,4,"2070-2075"
440,4,"2075-2080"
440,4,"2080-2085"
440,4,"2085-2090"
440,4,"2090-2095"
440,4,"2095-2100"
440,5,"2015-2020"
440,5,"2020-2025"
440,5,"2025-2030"
440,5,"2030-2035"
440,5,"2035-2040"
440,5,"2040-2045"
440,5,"2045-2050"
440,5,"2050-2055"
440,5,"2055-2060"
440,5,"2060-2065"
440,5,"2065-2070"
440,5,"2070-2075"
440,5,"2075-2080"
440,5,"2080-2085"
440,5,"2085-2090"
440,5,"2090-2095"
440,5,"2095-2100"
440,6,"2015-2020"
440,6,"2020-2025"
440,6,"2025-2030"
440,6,"2030-2035"
440,6,"2035-2040"
440,6,"2040-2045"
440,6,"2045-2050"
440,6,"2050-2055"
440,6,"2055-2060"
440,6,"2060-2065"
440,6,"2065-2070"
440,6,"2070-2075"
440,6,"2075-2080"
440,6,"2080-2085"
440,6,"2085-2090"
440,6,"2090-2095"
440,6,"2095-2100"
440,7,"2015-2020"
440,7,"2020-2025"
440,7,"2025-2030"
440,7,"2030-2035"
440,7,"2035-2040"
440,7,"2040-2045"
440,7,"2045-2050"
440,7,"2050-2055"
440,7,"2055-2060"
440,7,"2060-2065"
440,7,"2065-2070"
440,7,"2070-2075"
440,7,"2075-2080"
440,7,"2080-2085"
440,7,"2085-2090"
440,7,"2090-2095"
440,7,"2095-2100"
440,8,"2015-2020"
440,8,"2020-2025"
440,8,"2025-2030"
440,8,"2030-2035"
440,8,"2035-2040"
440,8,"2040-2045"
440,8,"2045-2050"
440,8,"2050-2055"
440,8,"2055-2060"
440,8,"2060-2065"
440,8,"2065-2070"
440,8,"2070-2075"
440,8,"2075-2080"
440,8,"2080-2085"
440,8,"2085-2090"
440,8,"2090-2095"
440,8,"2095-2100"
440,9,"2015-2020"
440,9,"2020-2025"
440,9,"2025-2030"
440,9,"2030-2035"
440,9,"2035-2040"
440,9,"2040-2045"
440,9,"2045-2050"
440,9,"2050-2055"
440,9,"2055-2060"
440,9,"2060-2065"
440,9,"2065-2070"
440,9,"2070-2075"
440,9,"2075-2080"
440,9,"2080-2085"
440,9,"2085-2090"
440,9,"2090-2095"
440,9,"2095-2100"
440,202,"2015-2020"
440,202,"2020-2025"
440,202,"2025-2030"
440,202,"2030-2035"
440,202,"2035-2040"
440,202,"2040-2045"
440,202,"2045-2050"
440,202,"2050-2055"
440,202,"2055-2060"
440,202,"2060-2065"
440,202,"2065-2070"
440,202,"2070-2075"
440,202,"2075-2080"
440,202,"2080-2085"
440,202,"2085-2090"
440,202,"2090-2095"
440,202,"2095-2100"
1500,3,"2015-2020"
1500,3,"2020-2025"
1500,3,"2025-2030"
1500,3,"2030-2035"
1500,3,"2035-2040"
1500,3,"2040-2045"
1500,3,"2045-2050"
1500,3,"2050-2055"
1500,3,"2055-2060"
1500,3,"2060-2065"
1500,3,"2065-2070"
1500,3,"2070-2075"
1500,3,"2075-2080"
1500,3,"2080-2085"
1500,3,"2085-2090"
1500,3,"2090-2095"
1500,3,"2095-2100"
1500,4,"2015-2020"
1500,4,"2020-2025"
1500,4,"2025-2030"
1500,4,"2030-2035"
1500,4,"2035-2040"
1500,4,"2040-2045"
1500,4,"2045-2050"
1500,4,"2050-2055"
1500,4,"2055-2060"
1500,4,"2060-2065"
1500,4,"2065-2070"
1500,4,"2070-2075"
1500,4,"2075-2080"
1500,4,"2080-2085"
1500,4,"2085-2090"
1500,4,"2090-2095"
1500,4,"2095-2100"
1500,5,"2015-2020"
1500,5,"2020-2025"
1500,5,"2025-2030"
1500,5,"2030-2035"
1500,5,"2035-2040"
1500,5,"2040-2045"
1500,5,"2045-2050"
1500,5,"2050-2055"
1500,5,"2055-2060"
1500,5,"2060-2065"
1500,5,"2065-2070"
1500,5,"2070-2075"
1500,5,"2075-2080"
1500,5,"2080-2085"
1500,5,"2085-2090"
1500,5,"2090-2095"
1500,5,"2095-2100"
1500,6,"2015-2020"
1500,6,"2020-2025"
1500,6,"2025-2030"
1500,6,"2030-2035"
1500,6,"2035-2040"
1500,6,"2040-2045"
1500,6,"2045-2050"
1500,6,"2050-2055"
1500,6,"2055-2060"
1500,6,"2060-2065"
1500,6,"2065-2070"
1500,6,"2070-2075"
1500,6,"2075-2080"
1500,6,"2080-2085"
1500,6,"2085-2090"
1500,6,"2090-2095"
1500,6,"2095-2100"
1500,7,"2015-2020"
1500,7,"2020-2025"
1500,7,"2025-2030"
1500,7,"2030-2035"
1500,7,"2035-2040"
1500,7,"2040-2045"
1500,7,"2045-2050"
1500,7,"2050-2055"
1500,7,"2055-2060"
1500,7,"2060-2065"
1500,7,"2065-2070"
1500,7,"2070-2075"
1500,7,"2075-2080"
1500,7,"2080-2085"
1500,7,"2085-2090"
1500,7,"2090-2095"
1500,7,"2095-2100"
1500,8,"2015-2020"
1500,8,"2020-2025"
1500,8,"2025-2030"
1500,8,"2030-2035"
1500,8,"2035-2040"
1500,8,"2040-2045"
1500,8,"2045-2050"
1500,8,"2050-2055"
1500,8,"2055-2060"
1500,8,"2060-2065"
1500,8,"2065-2070"
1500,8,"2070-2075"
1500,8,"2075-2080"
1500,8,"2080-2085"
1500,8,"2085-2090"
1500,8,"2090-2095"
1500,8,"2095-2100"
1500,9,"2015-2020"
1500,9,"2020-2025"
1500,9,"2025-2030"
1500,9,"2030-2035"
1500,9,"2035-2040"
1500,9,"2040-2045"
1500,9,"2045-2050"
1500,9,"2050-2055"
1500,9,"2055-2060"
1500,9,"2060-2065"
1500,9,"2065-2070"
1500,9,"2070-2075"
1500,9,"2075-2080"
1500,9,"2080-2085"
1500,9,"2085-2090"
1500,9,"2090-2095"
1500,9,"2095-2100"
1501,3,"2015-2020"
1501,3,"2020-2025"
1501,3,"2025-2030"
1501,3,"2030-2035"
1501,3,"2035-2040"
1501,3,"2040-2045"
1501,3,"2045-2050"
1501,3,"2050-2055"
1501,3,"2055-2060"
1501,3,"2060-2065"
1501,3,"2065-2070"
1501,3,"2070-2075"
1501,3,"2075-2080"
1501,3,"2080-2085"
1501,3,"2085-2090"
1501,3,"2090-2095"
1501,3,"2095-2100"
1501,4,"2015-2020"
1501,4,"2020-2025"
1501,4,"2025-2030"
1501,4,"2030-2035"
1501,4,"2035-2040"
1501,4,"2040-2045"
1501,4,"2045-2050"
1501,4,"2050-2055"
1501,4,"2055-2060"
1501,4,"2060-2065"
1501,4,"2065-2070"
1501,4,"2070-2075"
1501,4,"2075-2080"
1501,4,"2080-2085"
1501,4,"2085-2090"
1501,4,"2090-2095"
1501,4,"2095-2100"
1501,5,"2015-2020"
1501,5,"2020-2025"
1501,5,"2025-2030"
1501,5,"2030-2035"
1501,5,"2035-2040"
1501,5,"2040-2045"
1501,5,"2045-2050"
1501,5,"2050-2055"
1501,5,"2055-2060"
1501,5,"2060-2065"
1501,5,"2065-2070"
1501,5,"2070-2075"
1501,5,"2075-2080"
1501,5,"2080-2085"
1501,5,"2085-2090"
1501,5,"2090-2095"
1501,5,"2095-2100"
1501,6,"2015-2020"
1501,6,"2020-2025"
1501,6,"2025-2030"
1501,6,"2030-2035"
1501,6,"2035-2040"
1501,6,"2040-2045"
1501,6,"2045-2050"
1501,6,"2050-2055"
1501,6,"2055-2060"
1501,6,"2060-2065"
1501,6,"2065-2070"
1501,6,"2070-2075"
1501,6,"2075-2080"
1501,6,"2080-2085"
1501,6,"2085-2090"
1501,6,"2090-2095"
1501,6,"2095-2100"
1501,7,"2015-2020"
1501,7,"2020-2025"
1501,7,"2025-2030"
1501,7,"2030-2035"
1501,7,"2035-2040"
1501,7,"2040-2045"
1501,7,"2045-2050"
1501,7,"2050-2055"
1501,7,"2055-2060"
1501,7,"2060-2065"
1501,7,"2065-2070"
1501,7,"2070-2075"
1501,7,"2075-2080"
1501,7,"2080-2085"
1501,7,"2085-2090"
1501,7,"2090-2095"
1501,7,"2095-2100"
1501,8,"2015-2020"
1501,8,"2020-2025"
1501,8,"2025-2030"
1501,8,"2030-2035"
1501,8,"2035-2040"
1501,8,"2040-2045"
1501,8,"2045-2050"
1501,8,"2050-2055"
1501,8,"2055-2060"
1501,8,"2060-2065"
1501,8,"2065-2070"
1501,8,"2070-2075"
1501,8,"2075-2080"
1501,8,"2080-2085"
1501,8,"2085-2090"
1501,8,"2090-2095"
1501,8,"2095-2100"
1501,9,"2015-2020"
1501,9,"2020-2025"
1501,9,"2025-2030"
1501,9,"2030-2035"
1501,9,"2035-2040"
1501,9,"2040-2045"
1501,9,"2045-2050"
1501,9,"2050-2055"
1501,9,"2055-2060"
1501,9,"2060-2065"
1501,9,"2065-2070"
1501,9,"2070-2075"
1501,9,"2075-2080"
1501,9,"2080-2085"
1501,9,"2085-2090"
1501,9,"2090-2095"
1501,9,"2095-2100"
442,3,"2015-2020"
442,3,"2020-2025"
442,3,"2025-2030"
442,3,"2030-2035"
442,3,"2035-2040"
442,3,"2040-2045"
442,3,"2045-2050"
442,3,"2050-2055"
442,3,"2055-2060"
442,3,"2060-2065"
442,3,"2065-2070"
442,3,"2070-2075"
442,3,"2075-2080"
442,3,"2080-2085"
442,3,"2085-2090"
442,3,"2090-2095"
442,3,"2095-2100"
442,4,"2015-2020"
442,4,"2020-2025"
442,4,"2025-2030"
442,4,"2030-2035"
442,4,"2035-2040"
442,4,"2040-2045"
442,4,"2045-2050"
442,4,"2050-2055"
442,4,"2055-2060"
442,4,"2060-2065"
442,4,"2065-2070"
442,4,"2070-2075"
442,4,"2075-2080"
442,4,"2080-2085"
442,4,"2085-2090"
442,4,"2090-2095"
442,4,"2095-2100"
442,5,"2015-2020"
442,5,"2020-2025"
442,5,"2025-2030"
442,5,"2030-2035"
442,5,"2035-2040"
442,5,"2040-2045"
442,5,"2045-2050"
442,5,"2050-2055"
442,5,"2055-2060"
442,5,"2060-2065"
442,5,"2065-2070"
442,5,"2070-2075"
442,5,"2075-2080"
442,5,"2080-2085"
442,5,"2085-2090"
442,5,"2090-2095"
442,5,"2095-2100"
442,6,"2015-2020"
442,6,"2020-2025"
442,6,"2025-2030"
442,6,"2030-2035"
442,6,"2035-2040"
442,6,"2040-2045"
442,6,"2045-2050"
442,6,"2050-2055"
442,6,"2055-2060"
442,6,"2060-2065"
442,6,"2065-2070"
442,6,"2070-2075"
442,6,"2075-2080"
442,6,"2080-2085"
442,6,"2085-2090"
442,6,"2090-2095"
442,6,"2095-2100"
442,7,"2015-2020"
442,7,"2020-2025"
442,7,"2025-2030"
442,7,"2030-2035"
442,7,"2035-2040"
442,7,"2040-2045"
442,7,"2045-2050"
442,7,"2050-2055"
442,7,"2055-2060"
442,7,"2060-2065"
442,7,"2065-2070"
442,7,"2070-2075"
442,7,"2075-2080"
442,7,"2080-2085"
442,7,"2085-2090"
442,7,"2090-2095"
442,7,"2095-2100"
442,8,"2015-2020"
442,8,"2020-2025"
442,8,"2025-2030"
442,8,"2030-2035"
442,8,"2035-2040"
442,8,"2040-2045"
442,8,"2045-2050"
442,8,"2050-2055"
442,8,"2055-2060"
442,8,"2060-2065"
442,8,"2065-2070"
442,8,"2070-2075"
442,8,"2075-2080"
442,8,"2080-2085"
442,8,"2085-2090"
442,8,"2090-2095"
442,8,"2095-2100"
442,9,"2015-2020"
442,9,"2020-2025"
442,9,"2025-2030"
442,9,"2030-2035"
442,9,"2035-2040"
442,9,"2040-2045"
442,9,"2045-2050"
442,9,"2050-2055"
442,9,"2055-2060"
442,9,"2060-2065"
442,9,"2065-2070"
442,9,"2070-2075"
442,9,"2075-2080"
442,9,"2080-2085"
442,9,"2085-2090"
442,9,"2090-2095"
442,9,"2095-2100"
442,202,"2015-2020"
442,202,"2020-2025"
442,202,"2025-2030"
442,202,"2030-2035"
442,202,"2035-2040"
442,202,"2040-2045"
442,202,"2045-2050"
442,202,"2050-2055"
442,202,"2055-2060"
442,202,"2060-2065"
442,202,"2065-2070"
442,202,"2070-2075"
442,202,"2075-2080"
442,202,"2080-2085"
442,202,"2085-2090"
442,202,"2090-2095"
442,202,"2095-2100"
450,3,"2015-2020"
450,3,"2020-2025"
450,3,"2025-2030"
450,3,"2030-2035"
450,3,"2035-2040"
450,3,"2040-2045"
450,3,"2045-2050"
450,3,"2050-2055"
450,3,"2055-2060"
450,3,"2060-2065"
450,3,"2065-2070"
450,3,"2070-2075"
450,3,"2075-2080"
450,3,"2080-2085"
450,3,"2085-2090"
450,3,"2090-2095"
450,3,"2095-2100"
450,4,"2015-2020"
450,4,"2020-2025"
450,4,"2025-2030"
450,4,"2030-2035"
450,4,"2035-2040"
450,4,"2040-2045"
450,4,"2045-2050"
450,4,"2050-2055"
450,4,"2055-2060"
450,4,"2060-2065"
450,4,"2065-2070"
450,4,"2070-2075"
450,4,"2075-2080"
450,4,"2080-2085"
450,4,"2085-2090"
450,4,"2090-2095"
450,4,"2095-2100"
450,5,"2015-2020"
450,5,"2020-2025"
450,5,"2025-2030"
450,5,"2030-2035"
450,5,"2035-2040"
450,5,"2040-2045"
450,5,"2045-2050"
450,5,"2050-2055"
450,5,"2055-2060"
450,5,"2060-2065"
450,5,"2065-2070"
450,5,"2070-2075"
450,5,"2075-2080"
450,5,"2080-2085"
450,5,"2085-2090"
450,5,"2090-2095"
450,5,"2095-2100"
450,6,"2015-2020"
450,6,"2020-2025"
450,6,"2025-2030"
450,6,"2030-2035"
450,6,"2035-2040"
450,6,"2040-2045"
450,6,"2045-2050"
450,6,"2050-2055"
450,6,"2055-2060"
450,6,"2060-2065"
450,6,"2065-2070"
450,6,"2070-2075"
450,6,"2075-2080"
450,6,"2080-2085"
450,6,"2085-2090"
450,6,"2090-2095"
450,6,"2095-2100"
450,7,"2015-2020"
450,7,"2020-2025"
450,7,"2025-2030"
450,7,"2030-2035"
450,7,"2035-2040"
450,7,"2040-2045"
450,7,"2045-2050"
450,7,"2050-2055"
450,7,"2055-2060"
450,7,"2060-2065"
450,7,"2065-2070"
450,7,"2070-2075"
450,7,"2075-2080"
450,7,"2080-2085"
450,7,"2085-2090"
450,7,"2090-2095"
450,7,"2095-2100"
450,8,"2015-2020"
450,8,"2020-2025"
450,8,"2025-2030"
450,8,"2030-2035"
450,8,"2035-2040"
450,8,"2040-2045"
450,8,"2045-2050"
450,8,"2050-2055"
450,8,"2055-2060"
450,8,"2060-2065"
450,8,"2065-2070"
450,8,"2070-2075"
450,8,"2075-2080"
450,8,"2080-2085"
450,8,"2085-2090"
450,8,"2090-2095"
450,8,"2095-2100"
450,9,"2015-2020"
450,9,"2020-2025"
450,9,"2025-2030"
450,9,"2030-2035"
450,9,"2035-2040"
450,9,"2040-2045"
450,9,"2045-2050"
450,9,"2050-2055"
450,9,"2055-2060"
450,9,"2060-2065"
450,9,"2065-2070"
450,9,"2070-2075"
450,9,"2075-2080"
450,9,"2080-2085"
450,9,"2085-2090"
450,9,"2090-2095"
450,9,"2095-2100"
450,202,"2015-2020"
450,202,"2020-2025"
450,202,"2025-2030"
450,202,"2030-2035"
450,202,"2035-2040"
450,202,"2040-2045"
450,202,"2045-2050"
450,202,"2050-2055"
450,202,"2055-2060"
450,202,"2060-2065"
450,202,"2065-2070"
450,202,"2070-2075"
450,202,"2075-2080"
450,202,"2080-2085"
450,202,"2085-2090"
450,202,"2090-2095"
450,202,"2095-2100"
454,3,"2015-2020"
454,3,"2020-2025"
454,3,"2025-2030"
454,3,"2030-2035"
454,3,"2035-2040"
454,3,"2040-2045"
454,3,"2045-2050"
454,3,"2050-2055"
454,3,"2055-2060"
454,3,"2060-2065"
454,3,"2065-2070"
454,3,"2070-2075"
454,3,"2075-2080"
454,3,"2080-2085"
454,3,"2085-2090"
454,3,"2090-2095"
454,3,"2095-2100"
454,4,"2015-2020"
454,4,"2020-2025"
454,4,"2025-2030"
454,4,"2030-2035"
454,4,"2035-2040"
454,4,"2040-2045"
454,4,"2045-2050"
454,4,"2050-2055"
454,4,"2055-2060"
454,4,"2060-2065"
454,4,"2065-2070"
454,4,"2070-2075"
454,4,"2075-2080"
454,4,"2080-2085"
454,4,"2085-2090"
454,4,"2090-2095"
454,4,"2095-2100"
454,5,"2015-2020"
454,5,"2020-2025"
454,5,"2025-2030"
454,5,"2030-2035"
454,5,"2035-2040"
454,5,"2040-2045"
454,5,"2045-2050"
454,5,"2050-2055"
454,5,"2055-2060"
454,5,"2060-2065"
454,5,"2065-2070"
454,5,"2070-2075"
454,5,"2075-2080"
454,5,"2080-2085"
454,5,"2085-2090"
454,5,"2090-2095"
454,5,"2095-2100"
454,6,"2015-2020"
454,6,"2020-2025"
454,6,"2025-2030"
454,6,"2030-2035"
454,6,"2035-2040"
454,6,"2040-2045"
454,6,"2045-2050"
454,6,"2050-2055"
454,6,"2055-2060"
454,6,"2060-2065"
454,6,"2065-2070"
454,6,"2070-2075"
454,6,"2075-2080"
454,6,"2080-2085"
454,6,"2085-2090"
454,6,"2090-2095"
454,6,"2095-2100"
454,7,"2015-2020"
454,7,"2020-2025"
454,7,"2025-2030"
454,7,"2030-2035"
454,7,"2035-2040"
454,7,"2040-2045"
454,7,"2045-2050"
454,7,"2050-2055"
454,7,"2055-2060"
454,7,"2060-2065"
454,7,"2065-2070"
454,7,"2070-2075"
454,7,"2075-2080"
454,7,"2080-2085"
454,7,"2085-2090"
454,7,"2090-2095"
454,7,"2095-2100"
454,8,"2015-2020"
454,8,"2020-2025"
454,8,"2025-2030"
454,8,"2030-2035"
454,8,"2035-2040"
454,8,"2040-2045"
454,8,"2045-2050"
454,8,"2050-2055"
454,8,"2055-2060"
454,8,"2060-2065"
454,8,"2065-2070"
454,8,"2070-2075"
454,8,"2075-2080"
454,8,"2080-2085"
454,8,"2085-2090"
454,8,"2090-2095"
454,8,"2095-2100"
454,9,"2015-2020"
454,9,"2020-2025"
454,9,"2025-2030"
454,9,"2030-2035"
454,9,"2035-2040"
454,9,"2040-2045"
454,9,"2045-2050"
454,9,"2050-2055"
454,9,"2055-2060"
454,9,"2060-2065"
454,9,"2065-2070"
454,9,"2070-2075"
454,9,"2075-2080"
454,9,"2080-2085"
454,9,"2085-2090"
454,9,"2090-2095"
454,9,"2095-2100"
454,202,"2015-2020"
454,202,"2020-2025"
454,202,"2025-2030"
454,202,"2030-2035"
454,202,"2035-2040"
454,202,"2040-2045"
454,202,"2045-2050"
454,202,"2050-2055"
454,202,"2055-2060"
454,202,"2060-2065"
454,202,"2065-2070"
454,202,"2070-2075"
454,202,"2075-2080"
454,202,"2080-2085"
454,202,"2085-2090"
454,202,"2090-2095"
454,202,"2095-2100"
458,3,"2015-2020"
458,3,"2020-2025"
458,3,"2025-2030"
458,3,"2030-2035"
458,3,"2035-2040"
458,3,"2040-2045"
458,3,"2045-2050"
458,3,"2050-2055"
458,3,"2055-2060"
458,3,"2060-2065"
458,3,"2065-2070"
458,3,"2070-2075"
458,3,"2075-2080"
458,3,"2080-2085"
458,3,"2085-2090"
458,3,"2090-2095"
458,3,"2095-2100"
458,4,"2015-2020"
458,4,"2020-2025"
458,4,"2025-2030"
458,4,"2030-2035"
458,4,"2035-2040"
458,4,"2040-2045"
458,4,"2045-2050"
458,4,"2050-2055"
458,4,"2055-2060"
458,4,"2060-2065"
458,4,"2065-2070"
458,4,"2070-2075"
458,4,"2075-2080"
458,4,"2080-2085"
458,4,"2085-2090"
458,4,"2090-2095"
458,4,"2095-2100"
458,5,"2015-2020"
458,5,"2020-2025"
458,5,"2025-2030"
458,5,"2030-2035"
458,5,"2035-2040"
458,5,"2040-2045"
458,5,"2045-2050"
458,5,"2050-2055"
458,5,"2055-2060"
458,5,"2060-2065"
458,5,"2065-2070"
458,5,"2070-2075"
458,5,"2075-2080"
458,5,"2080-2085"
458,5,"2085-2090"
458,5,"2090-2095"
458,5,"2095-2100"
458,6,"2015-2020"
458,6,"2020-2025"
458,6,"2025-2030"
458,6,"2030-2035"
458,6,"2035-2040"
458,6,"2040-2045"
458,6,"2045-2050"
458,6,"2050-2055"
458,6,"2055-2060"
458,6,"2060-2065"
458,6,"2065-2070"
458,6,"2070-2075"
458,6,"2075-2080"
458,6,"2080-2085"
458,6,"2085-2090"
458,6,"2090-2095"
458,6,"2095-2100"
458,7,"2015-2020"
458,7,"2020-2025"
458,7,"2025-2030"
458,7,"2030-2035"
458,7,"2035-2040"
458,7,"2040-2045"
458,7,"2045-2050"
458,7,"2050-2055"
458,7,"2055-2060"
458,7,"2060-2065"
458,7,"2065-2070"
458,7,"2070-2075"
458,7,"2075-2080"
458,7,"2080-2085"
458,7,"2085-2090"
458,7,"2090-2095"
458,7,"2095-2100"
458,8,"2015-2020"
458,8,"2020-2025"
458,8,"2025-2030"
458,8,"2030-2035"
458,8,"2035-2040"
458,8,"2040-2045"
458,8,"2045-2050"
458,8,"2050-2055"
458,8,"2055-2060"
458,8,"2060-2065"
458,8,"2065-2070"
458,8,"2070-2075"
458,8,"2075-2080"
458,8,"2080-2085"
458,8,"2085-2090"
458,8,"2090-2095"
458,8,"2095-2100"
458,9,"2015-2020"
458,9,"2020-2025"
458,9,"2025-2030"
458,9,"2030-2035"
458,9,"2035-2040"
458,9,"2040-2045"
458,9,"2045-2050"
458,9,"2050-2055"
458,9,"2055-2060"
458,9,"2060-2065"
458,9,"2065-2070"
458,9,"2070-2075"
458,9,"2075-2080"
458,9,"2080-2085"
458,9,"2085-2090"
458,9,"2090-2095"
458,9,"2095-2100"
458,202,"2015-2020"
458,202,"2020-2025"
458,202,"2025-2030"
458,202,"2030-2035"
458,202,"2035-2040"
458,202,"2040-2045"
458,202,"2045-2050"
458,202,"2050-2055"
458,202,"2055-2060"
458,202,"2060-2065"
458,202,"2065-2070"
458,202,"2070-2075"
458,202,"2075-2080"
458,202,"2080-2085"
458,202,"2085-2090"
458,202,"2090-2095"
458,202,"2095-2100"
462,3,"2015-2020"
462,3,"2020-2025"
462,3,"2025-2030"
462,3,"2030-2035"
462,3,"2035-2040"
462,3,"2040-2045"
462,3,"2045-2050"
462,3,"2050-2055"
462,3,"2055-2060"
462,3,"2060-2065"
462,3,"2065-2070"
462,3,"2070-2075"
462,3,"2075-2080"
462,3,"2080-2085"
462,3,"2085-2090"
462,3,"2090-2095"
462,3,"2095-2100"
462,4,"2015-2020"
462,4,"2020-2025"
462,4,"2025-2030"
462,4,"2030-2035"
462,4,"2035-2040"
462,4,"2040-2045"
462,4,"2045-2050"
462,4,"2050-2055"
462,4,"2055-2060"
462,4,"2060-2065"
462,4,"2065-2070"
462,4,"2070-2075"
462,4,"2075-2080"
462,4,"2080-2085"
462,4,"2085-2090"
462,4,"2090-2095"
462,4,"2095-2100"
462,5,"2015-2020"
462,5,"2020-2025"
462,5,"2025-2030"
462,5,"2030-2035"
462,5,"2035-2040"
462,5,"2040-2045"
462,5,"2045-2050"
462,5,"2050-2055"
462,5,"2055-2060"
462,5,"2060-2065"
462,5,"2065-2070"
462,5,"2070-2075"
462,5,"2075-2080"
462,5,"2080-2085"
462,5,"2085-2090"
462,5,"2090-2095"
462,5,"2095-2100"
462,6,"2015-2020"
462,6,"2020-2025"
462,6,"2025-2030"
462,6,"2030-2035"
462,6,"2035-2040"
462,6,"2040-2045"
462,6,"2045-2050"
462,6,"2050-2055"
462,6,"2055-2060"
462,6,"2060-2065"
462,6,"2065-2070"
462,6,"2070-2075"
462,6,"2075-2080"
462,6,"2080-2085"
462,6,"2085-2090"
462,6,"2090-2095"
462,6,"2095-2100"
462,7,"2015-2020"
462,7,"2020-2025"
462,7,"2025-2030"
462,7,"2030-2035"
462,7,"2035-2040"
462,7,"2040-2045"
462,7,"2045-2050"
462,7,"2050-2055"
462,7,"2055-2060"
462,7,"2060-2065"
462,7,"2065-2070"
462,7,"2070-2075"
462,7,"2075-2080"
462,7,"2080-2085"
462,7,"2085-2090"
462,7,"2090-2095"
462,7,"2095-2100"
462,8,"2015-2020"
462,8,"2020-2025"
462,8,"2025-2030"
462,8,"2030-2035"
462,8,"2035-2040"
462,8,"2040-2045"
462,8,"2045-2050"
462,8,"2050-2055"
462,8,"2055-2060"
462,8,"2060-2065"
462,8,"2065-2070"
462,8,"2070-2075"
462,8,"2075-2080"
462,8,"2080-2085"
462,8,"2085-2090"
462,8,"2090-2095"
462,8,"2095-2100"
462,9,"2015-2020"
462,9,"2020-2025"
462,9,"2025-2030"
462,9,"2030-2035"
462,9,"2035-2040"
462,9,"2040-2045"
462,9,"2045-2050"
462,9,"2050-2055"
462,9,"2055-2060"
462,9,"2060-2065"
462,9,"2065-2070"
462,9,"2070-2075"
462,9,"2075-2080"
462,9,"2080-2085"
462,9,"2085-2090"
462,9,"2090-2095"
462,9,"2095-2100"
462,202,"2015-2020"
462,202,"2020-2025"
462,202,"2025-2030"
462,202,"2030-2035"
462,202,"2035-2040"
462,202,"2040-2045"
462,202,"2045-2050"
462,202,"2050-2055"
462,202,"2055-2060"
462,202,"2060-2065"
462,202,"2065-2070"
462,202,"2070-2075"
462,202,"2075-2080"
462,202,"2080-2085"
462,202,"2085-2090"
462,202,"2090-2095"
462,202,"2095-2100"
466,3,"2015-2020"
466,3,"2020-2025"
466,3,"2025-2030"
466,3,"2030-2035"
466,3,"2035-2040"
466,3,"2040-2045"
466,3,"2045-2050"
466,3,"2050-2055"
466,3,"2055-2060"
466,3,"2060-2065"
466,3,"2065-2070"
466,3,"2070-2075"
466,3,"2075-2080"
466,3,"2080-2085"
466,3,"2085-2090"
466,3,"2090-2095"
466,3,"2095-2100"
466,4,"2015-2020"
466,4,"2020-2025"
466,4,"2025-2030"
466,4,"2030-2035"
466,4,"2035-2040"
466,4,"2040-2045"
466,4,"2045-2050"
466,4,"2050-2055"
466,4,"2055-2060"
466,4,"2060-2065"
466,4,"2065-2070"
466,4,"2070-2075"
466,4,"2075-2080"
466,4,"2080-2085"
466,4,"2085-2090"
466,4,"2090-2095"
466,4,"2095-2100"
466,5,"2015-2020"
466,5,"2020-2025"
466,5,"2025-2030"
466,5,"2030-2035"
466,5,"2035-2040"
466,5,"2040-2045"
466,5,"2045-2050"
466,5,"2050-2055"
466,5,"2055-2060"
466,5,"2060-2065"
466,5,"2065-2070"
466,5,"2070-2075"
466,5,"2075-2080"
466,5,"2080-2085"
466,5,"2085-2090"
466,5,"2090-2095"
466,5,"2095-2100"
466,6,"2015-2020"
466,6,"2020-2025"
466,6,"2025-2030"
466,6,"2030-2035"
466,6,"2035-2040"
466,6,"2040-2045"
466,6,"2045-2050"
466,6,"2050-2055"
466,6,"2055-2060"
466,6,"2060-2065"
466,6,"2065-2070"
466,6,"2070-2075"
466,6,"2075-2080"
466,6,"2080-2085"
466,6,"2085-2090"
466,6,"2090-2095"
466,6,"2095-2100"
466,7,"2015-2020"
466,7,"2020-2025"
466,7,"2025-2030"
466,7,"2030-2035"
466,7,"2035-2040"
466,7,"2040-2045"
466,7,"2045-2050"
466,7,"2050-2055"
466,7,"2055-2060"
466,7,"2060-2065"
466,7,"2065-2070"
466,7,"2070-2075"
466,7,"2075-2080"
466,7,"2080-2085"
466,7,"2085-2090"
466,7,"2090-2095"
466,7,"2095-2100"
466,8,"2015-2020"
466,8,"2020-2025"
466,8,"2025-2030"
466,8,"2030-2035"
466,8,"2035-2040"
466,8,"2040-2045"
466,8,"2045-2050"
466,8,"2050-2055"
466,8,"2055-2060"
466,8,"2060-2065"
466,8,"2065-2070"
466,8,"2070-2075"
466,8,"2075-2080"
466,8,"2080-2085"
466,8,"2085-2090"
466,8,"2090-2095"
466,8,"2095-2100"
466,9,"2015-2020"
466,9,"2020-2025"
466,9,"2025-2030"
466,9,"2030-2035"
466,9,"2035-2040"
466,9,"2040-2045"
466,9,"2045-2050"
466,9,"2050-2055"
466,9,"2055-2060"
466,9,"2060-2065"
466,9,"2065-2070"
466,9,"2070-2075"
466,9,"2075-2080"
466,9,"2080-2085"
466,9,"2085-2090"
466,9,"2090-2095"
466,9,"2095-2100"
466,202,"2015-2020"
466,202,"2020-2025"
466,202,"2025-2030"
466,202,"2030-2035"
466,202,"2035-2040"
466,202,"2040-2045"
466,202,"2045-2050"
466,202,"2050-2055"
466,202,"2055-2060"
466,202,"2060-2065"
466,202,"2065-2070"
466,202,"2070-2075"
466,202,"2075-2080"
466,202,"2080-2085"
466,202,"2085-2090"
466,202,"2090-2095"
466,202,"2095-2100"
470,3,"2015-2020"
470,3,"2020-2025"
470,3,"2025-2030"
470,3,"2030-2035"
470,3,"2035-2040"
470,3,"2040-2045"
470,3,"2045-2050"
470,3,"2050-2055"
470,3,"2055-2060"
470,3,"2060-2065"
470,3,"2065-2070"
470,3,"2070-2075"
470,3,"2075-2080"
470,3,"2080-2085"
470,3,"2085-2090"
470,3,"2090-2095"
470,3,"2095-2100"
470,4,"2015-2020"
470,4,"2020-2025"
470,4,"2025-2030"
470,4,"2030-2035"
470,4,"2035-2040"
470,4,"2040-2045"
470,4,"2045-2050"
470,4,"2050-2055"
470,4,"2055-2060"
470,4,"2060-2065"
470,4,"2065-2070"
470,4,"2070-2075"
470,4,"2075-2080"
470,4,"2080-2085"
470,4,"2085-2090"
470,4,"2090-2095"
470,4,"2095-2100"
470,5,"2015-2020"
470,5,"2020-2025"
470,5,"2025-2030"
470,5,"2030-2035"
470,5,"2035-2040"
470,5,"2040-2045"
470,5,"2045-2050"
470,5,"2050-2055"
470,5,"2055-2060"
470,5,"2060-2065"
470,5,"2065-2070"
470,5,"2070-2075"
470,5,"2075-2080"
470,5,"2080-2085"
470,5,"2085-2090"
470,5,"2090-2095"
470,5,"2095-2100"
470,6,"2015-2020"
470,6,"2020-2025"
470,6,"2025-2030"
470,6,"2030-2035"
470,6,"2035-2040"
470,6,"2040-2045"
470,6,"2045-2050"
470,6,"2050-2055"
470,6,"2055-2060"
470,6,"2060-2065"
470,6,"2065-2070"
470,6,"2070-2075"
470,6,"2075-2080"
470,6,"2080-2085"
470,6,"2085-2090"
470,6,"2090-2095"
470,6,"2095-2100"
470,7,"2015-2020"
470,7,"2020-2025"
470,7,"2025-2030"
470,7,"2030-2035"
470,7,"2035-2040"
470,7,"2040-2045"
470,7,"2045-2050"
470,7,"2050-2055"
470,7,"2055-2060"
470,7,"2060-2065"
470,7,"2065-2070"
470,7,"2070-2075"
470,7,"2075-2080"
470,7,"2080-2085"
470,7,"2085-2090"
470,7,"2090-2095"
470,7,"2095-2100"
470,8,"2015-2020"
470,8,"2020-2025"
470,8,"2025-2030"
470,8,"2030-2035"
470,8,"2035-2040"
470,8,"2040-2045"
470,8,"2045-2050"
470,8,"2050-2055"
470,8,"2055-2060"
470,8,"2060-2065"
470,8,"2065-2070"
470,8,"2070-2075"
470,8,"2075-2080"
470,8,"2080-2085"
470,8,"2085-2090"
470,8,"2090-2095"
470,8,"2095-2100"
470,9,"2015-2020"
470,9,"2020-2025"
470,9,"2025-2030"
470,9,"2030-2035"
470,9,"2035-2040"
470,9,"2040-2045"
470,9,"2045-2050"
470,9,"2050-2055"
470,9,"2055-2060"
470,9,"2060-2065"
470,9,"2065-2070"
470,9,"2070-2075"
470,9,"2075-2080"
470,9,"2080-2085"
470,9,"2085-2090"
470,9,"2090-2095"
470,9,"2095-2100"
470,202,"2015-2020"
470,202,"2020-2025"
470,202,"2025-2030"
470,202,"2030-2035"
470,202,"2035-2040"
470,202,"2040-2045"
470,202,"2045-2050"
470,202,"2050-2055"
470,202,"2055-2060"
470,202,"2060-2065"
470,202,"2065-2070"
470,202,"2070-2075"
470,202,"2075-2080"
470,202,"2080-2085"
470,202,"2085-2090"
470,202,"2090-2095"
470,202,"2095-2100"
584,3,"2015-2020"
584,3,"2020-2025"
584,3,"2025-2030"
584,3,"2030-2035"
584,3,"2035-2040"
584,3,"2040-2045"
584,3,"2045-2050"
584,3,"2050-2055"
584,3,"2055-2060"
584,3,"2060-2065"
584,3,"2065-2070"
584,3,"2070-2075"
584,3,"2075-2080"
584,3,"2080-2085"
584,3,"2085-2090"
584,3,"2090-2095"
584,3,"2095-2100"
584,4,"2015-2020"
584,4,"2020-2025"
584,4,"2025-2030"
584,4,"2030-2035"
584,4,"2035-2040"
584,4,"2040-2045"
584,4,"2045-2050"
584,4,"2050-2055"
584,4,"2055-2060"
584,4,"2060-2065"
584,4,"2065-2070"
584,4,"2070-2075"
584,4,"2075-2080"
584,4,"2080-2085"
584,4,"2085-2090"
584,4,"2090-2095"
584,4,"2095-2100"
584,5,"2015-2020"
584,5,"2020-2025"
584,5,"2025-2030"
584,5,"2030-2035"
584,5,"2035-2040"
584,5,"2040-2045"
584,5,"2045-2050"
584,5,"2050-2055"
584,5,"2055-2060"
584,5,"2060-2065"
584,5,"2065-2070"
584,5,"2070-2075"
584,5,"2075-2080"
584,5,"2080-2085"
584,5,"2085-2090"
584,5,"2090-2095"
584,5,"2095-2100"
584,6,"2015-2020"
584,6,"2020-2025"
584,6,"2025-2030"
584,6,"2030-2035"
584,6,"2035-2040"
584,6,"2040-2045"
584,6,"2045-2050"
584,6,"2050-2055"
584,6,"2055-2060"
584,6,"2060-2065"
584,6,"2065-2070"
584,6,"2070-2075"
584,6,"2075-2080"
584,6,"2080-2085"
584,6,"2085-2090"
584,6,"2090-2095"
584,6,"2095-2100"
584,7,"2015-2020"
584,7,"2020-2025"
584,7,"2025-2030"
584,7,"2030-2035"
584,7,"2035-2040"
584,7,"2040-2045"
584,7,"2045-2050"
584,7,"2050-2055"
584,7,"2055-2060"
584,7,"2060-2065"
584,7,"2065-2070"
584,7,"2070-2075"
584,7,"2075-2080"
584,7,"2080-2085"
584,7,"2085-2090"
584,7,"2090-2095"
584,7,"2095-2100"
584,8,"2015-2020"
584,8,"2020-2025"
584,8,"2025-2030"
584,8,"2030-2035"
584,8,"2035-2040"
584,8,"2040-2045"
584,8,"2045-2050"
584,8,"2050-2055"
584,8,"2055-2060"
584,8,"2060-2065"
584,8,"2065-2070"
584,8,"2070-2075"
584,8,"2075-2080"
584,8,"2080-2085"
584,8,"2085-2090"
584,8,"2090-2095"
584,8,"2095-2100"
584,9,"2015-2020"
584,9,"2020-2025"
584,9,"2025-2030"
584,9,"2030-2035"
584,9,"2035-2040"
584,9,"2040-2045"
584,9,"2045-2050"
584,9,"2050-2055"
584,9,"2055-2060"
584,9,"2060-2065"
584,9,"2065-2070"
584,9,"2070-2075"
584,9,"2075-2080"
584,9,"2080-2085"
584,9,"2085-2090"
584,9,"2090-2095"
584,9,"2095-2100"
474,3,"2015-2020"
474,3,"2020-2025"
474,3,"2025-2030"
474,3,"2030-2035"
474,3,"2035-2040"
474,3,"2040-2045"
474,3,"2045-2050"
474,3,"2050-2055"
474,3,"2055-2060"
474,3,"2060-2065"
474,3,"2065-2070"
474,3,"2070-2075"
474,3,"2075-2080"
474,3,"2080-2085"
474,3,"2085-2090"
474,3,"2090-2095"
474,3,"2095-2100"
474,4,"2015-2020"
474,4,"2020-2025"
474,4,"2025-2030"
474,4,"2030-2035"
474,4,"2035-2040"
474,4,"2040-2045"
474,4,"2045-2050"
474,4,"2050-2055"
474,4,"2055-2060"
474,4,"2060-2065"
474,4,"2065-2070"
474,4,"2070-2075"
474,4,"2075-2080"
474,4,"2080-2085"
474,4,"2085-2090"
474,4,"2090-2095"
474,4,"2095-2100"
474,5,"2015-2020"
474,5,"2020-2025"
474,5,"2025-2030"
474,5,"2030-2035"
474,5,"2035-2040"
474,5,"2040-2045"
474,5,"2045-2050"
474,5,"2050-2055"
474,5,"2055-2060"
474,5,"2060-2065"
474,5,"2065-2070"
474,5,"2070-2075"
474,5,"2075-2080"
474,5,"2080-2085"
474,5,"2085-2090"
474,5,"2090-2095"
474,5,"2095-2100"
474,6,"2015-2020"
474,6,"2020-2025"
474,6,"2025-2030"
474,6,"2030-2035"
474,6,"2035-2040"
474,6,"2040-2045"
474,6,"2045-2050"
474,6,"2050-2055"
474,6,"2055-2060"
474,6,"2060-2065"
474,6,"2065-2070"
474,6,"2070-2075"
474,6,"2075-2080"
474,6,"2080-2085"
474,6,"2085-2090"
474,6,"2090-2095"
474,6,"2095-2100"
474,7,"2015-2020"
474,7,"2020-2025"
474,7,"2025-2030"
474,7,"2030-2035"
474,7,"2035-2040"
474,7,"2040-2045"
474,7,"2045-2050"
474,7,"2050-2055"
474,7,"2055-2060"
474,7,"2060-2065"
474,7,"2065-2070"
474,7,"2070-2075"
474,7,"2075-2080"
474,7,"2080-2085"
474,7,"2085-2090"
474,7,"2090-2095"
474,7,"2095-2100"
474,8,"2015-2020"
474,8,"2020-2025"
474,8,"2025-2030"
474,8,"2030-2035"
474,8,"2035-2040"
474,8,"2040-2045"
474,8,"2045-2050"
474,8,"2050-2055"
474,8,"2055-2060"
474,8,"2060-2065"
474,8,"2065-2070"
474,8,"2070-2075"
474,8,"2075-2080"
474,8,"2080-2085"
474,8,"2085-2090"
474,8,"2090-2095"
474,8,"2095-2100"
474,9,"2015-2020"
474,9,"2020-2025"
474,9,"2025-2030"
474,9,"2030-2035"
474,9,"2035-2040"
474,9,"2040-2045"
474,9,"2045-2050"
474,9,"2050-2055"
474,9,"2055-2060"
474,9,"2060-2065"
474,9,"2065-2070"
474,9,"2070-2075"
474,9,"2075-2080"
474,9,"2080-2085"
474,9,"2085-2090"
474,9,"2090-2095"
474,9,"2095-2100"
474,202,"2015-2020"
474,202,"2020-2025"
474,202,"2025-2030"
474,202,"2030-2035"
474,202,"2035-2040"
474,202,"2040-2045"
474,202,"2045-2050"
474,202,"2050-2055"
474,202,"2055-2060"
474,202,"2060-2065"
474,202,"2065-2070"
474,202,"2070-2075"
474,202,"2075-2080"
474,202,"2080-2085"
474,202,"2085-2090"
474,202,"2090-2095"
474,202,"2095-2100"
478,3,"2015-2020"
478,3,"2020-2025"
478,3,"2025-2030"
478,3,"2030-2035"
478,3,"2035-2040"
478,3,"2040-2045"
478,3,"2045-2050"
478,3,"2050-2055"
478,3,"2055-2060"
478,3,"2060-2065"
478,3,"2065-2070"
478,3,"2070-2075"
478,3,"2075-2080"
478,3,"2080-2085"
478,3,"2085-2090"
478,3,"2090-2095"
478,3,"2095-2100"
478,4,"2015-2020"
478,4,"2020-2025"
478,4,"2025-2030"
478,4,"2030-2035"
478,4,"2035-2040"
478,4,"2040-2045"
478,4,"2045-2050"
478,4,"2050-2055"
478,4,"2055-2060"
478,4,"2060-2065"
478,4,"2065-2070"
478,4,"2070-2075"
478,4,"2075-2080"
478,4,"2080-2085"
478,4,"2085-2090"
478,4,"2090-2095"
478,4,"2095-2100"
478,5,"2015-2020"
478,5,"2020-2025"
478,5,"2025-2030"
478,5,"2030-2035"
478,5,"2035-2040"
478,5,"2040-2045"
478,5,"2045-2050"
478,5,"2050-2055"
478,5,"2055-2060"
478,5,"2060-2065"
478,5,"2065-2070"
478,5,"2070-2075"
478,5,"2075-2080"
478,5,"2080-2085"
478,5,"2085-2090"
478,5,"2090-2095"
478,5,"2095-2100"
478,6,"2015-2020"
478,6,"2020-2025"
478,6,"2025-2030"
478,6,"2030-2035"
478,6,"2035-2040"
478,6,"2040-2045"
478,6,"2045-2050"
478,6,"2050-2055"
478,6,"2055-2060"
478,6,"2060-2065"
478,6,"2065-2070"
478,6,"2070-2075"
478,6,"2075-2080"
478,6,"2080-2085"
478,6,"2085-2090"
478,6,"2090-2095"
478,6,"2095-2100"
478,7,"2015-2020"
478,7,"2020-2025"
478,7,"2025-2030"
478,7,"2030-2035"
478,7,"2035-2040"
478,7,"2040-2045"
478,7,"2045-2050"
478,7,"2050-2055"
478,7,"2055-2060"
478,7,"2060-2065"
478,7,"2065-2070"
478,7,"2070-2075"
478,7,"2075-2080"
478,7,"2080-2085"
478,7,"2085-2090"
478,7,"2090-2095"
478,7,"2095-2100"
478,8,"2015-2020"
478,8,"2020-2025"
478,8,"2025-2030"
478,8,"2030-2035"
478,8,"2035-2040"
478,8,"2040-2045"
478,8,"2045-2050"
478,8,"2050-2055"
478,8,"2055-2060"
478,8,"2060-2065"
478,8,"2065-2070"
478,8,"2070-2075"
478,8,"2075-2080"
478,8,"2080-2085"
478,8,"2085-2090"
478,8,"2090-2095"
478,8,"2095-2100"
478,9,"2015-2020"
478,9,"2020-2025"
478,9,"2025-2030"
478,9,"2030-2035"
478,9,"2035-2040"
478,9,"2040-2045"
478,9,"2045-2050"
478,9,"2050-2055"
478,9,"2055-2060"
478,9,"2060-2065"
478,9,"2065-2070"
478,9,"2070-2075"
478,9,"2075-2080"
478,9,"2080-2085"
478,9,"2085-2090"
478,9,"2090-2095"
478,9,"2095-2100"
478,202,"2015-2020"
478,202,"2020-2025"
478,202,"2025-2030"
478,202,"2030-2035"
478,202,"2035-2040"
478,202,"2040-2045"
478,202,"2045-2050"
478,202,"2050-2055"
478,202,"2055-2060"
478,202,"2060-2065"
478,202,"2065-2070"
478,202,"2070-2075"
478,202,"2075-2080"
478,202,"2080-2085"
478,202,"2085-2090"
478,202,"2090-2095"
478,202,"2095-2100"
480,3,"2015-2020"
480,3,"2020-2025"
480,3,"2025-2030"
480,3,"2030-2035"
480,3,"2035-2040"
480,3,"2040-2045"
480,3,"2045-2050"
480,3,"2050-2055"
480,3,"2055-2060"
480,3,"2060-2065"
480,3,"2065-2070"
480,3,"2070-2075"
480,3,"2075-2080"
480,3,"2080-2085"
480,3,"2085-2090"
480,3,"2090-2095"
480,3,"2095-2100"
480,4,"2015-2020"
480,4,"2020-2025"
480,4,"2025-2030"
480,4,"2030-2035"
480,4,"2035-2040"
480,4,"2040-2045"
480,4,"2045-2050"
480,4,"2050-2055"
480,4,"2055-2060"
480,4,"2060-2065"
480,4,"2065-2070"
480,4,"2070-2075"
480,4,"2075-2080"
480,4,"2080-2085"
480,4,"2085-2090"
480,4,"2090-2095"
480,4,"2095-2100"
480,5,"2015-2020"
480,5,"2020-2025"
480,5,"2025-2030"
480,5,"2030-2035"
480,5,"2035-2040"
480,5,"2040-2045"
480,5,"2045-2050"
480,5,"2050-2055"
480,5,"2055-2060"
480,5,"2060-2065"
480,5,"2065-2070"
480,5,"2070-2075"
480,5,"2075-2080"
480,5,"2080-2085"
480,5,"2085-2090"
480,5,"2090-2095"
480,5,"2095-2100"
480,6,"2015-2020"
480,6,"2020-2025"
480,6,"2025-2030"
480,6,"2030-2035"
480,6,"2035-2040"
480,6,"2040-2045"
480,6,"2045-2050"
480,6,"2050-2055"
480,6,"2055-2060"
480,6,"2060-2065"
480,6,"2065-2070"
480,6,"2070-2075"
480,6,"2075-2080"
480,6,"2080-2085"
480,6,"2085-2090"
480,6,"2090-2095"
480,6,"2095-2100"
480,7,"2015-2020"
480,7,"2020-2025"
480,7,"2025-2030"
480,7,"2030-2035"
480,7,"2035-2040"
480,7,"2040-2045"
480,7,"2045-2050"
480,7,"2050-2055"
480,7,"2055-2060"
480,7,"2060-2065"
480,7,"2065-2070"
480,7,"2070-2075"
480,7,"2075-2080"
480,7,"2080-2085"
480,7,"2085-2090"
480,7,"2090-2095"
480,7,"2095-2100"
480,8,"2015-2020"
480,8,"2020-2025"
480,8,"2025-2030"
480,8,"2030-2035"
480,8,"2035-2040"
480,8,"2040-2045"
480,8,"2045-2050"
480,8,"2050-2055"
480,8,"2055-2060"
480,8,"2060-2065"
480,8,"2065-2070"
480,8,"2070-2075"
480,8,"2075-2080"
480,8,"2080-2085"
480,8,"2085-2090"
480,8,"2090-2095"
480,8,"2095-2100"
480,9,"2015-2020"
480,9,"2020-2025"
480,9,"2025-2030"
480,9,"2030-2035"
480,9,"2035-2040"
480,9,"2040-2045"
480,9,"2045-2050"
480,9,"2050-2055"
480,9,"2055-2060"
480,9,"2060-2065"
480,9,"2065-2070"
480,9,"2070-2075"
480,9,"2075-2080"
480,9,"2080-2085"
480,9,"2085-2090"
480,9,"2090-2095"
480,9,"2095-2100"
480,202,"2015-2020"
480,202,"2020-2025"
480,202,"2025-2030"
480,202,"2030-2035"
480,202,"2035-2040"
480,202,"2040-2045"
480,202,"2045-2050"
480,202,"2050-2055"
480,202,"2055-2060"
480,202,"2060-2065"
480,202,"2065-2070"
480,202,"2070-2075"
480,202,"2075-2080"
480,202,"2080-2085"
480,202,"2085-2090"
480,202,"2090-2095"
480,202,"2095-2100"
175,3,"2015-2020"
175,3,"2020-2025"
175,3,"2025-2030"
175,3,"2030-2035"
175,3,"2035-2040"
175,3,"2040-2045"
175,3,"2045-2050"
175,3,"2050-2055"
175,3,"2055-2060"
175,3,"2060-2065"
175,3,"2065-2070"
175,3,"2070-2075"
175,3,"2075-2080"
175,3,"2080-2085"
175,3,"2085-2090"
175,3,"2090-2095"
175,3,"2095-2100"
175,4,"2015-2020"
175,4,"2020-2025"
175,4,"2025-2030"
175,4,"2030-2035"
175,4,"2035-2040"
175,4,"2040-2045"
175,4,"2045-2050"
175,4,"2050-2055"
175,4,"2055-2060"
175,4,"2060-2065"
175,4,"2065-2070"
175,4,"2070-2075"
175,4,"2075-2080"
175,4,"2080-2085"
175,4,"2085-2090"
175,4,"2090-2095"
175,4,"2095-2100"
175,5,"2015-2020"
175,5,"2020-2025"
175,5,"2025-2030"
175,5,"2030-2035"
175,5,"2035-2040"
175,5,"2040-2045"
175,5,"2045-2050"
175,5,"2050-2055"
175,5,"2055-2060"
175,5,"2060-2065"
175,5,"2065-2070"
175,5,"2070-2075"
175,5,"2075-2080"
175,5,"2080-2085"
175,5,"2085-2090"
175,5,"2090-2095"
175,5,"2095-2100"
175,6,"2015-2020"
175,6,"2020-2025"
175,6,"2025-2030"
175,6,"2030-2035"
175,6,"2035-2040"
175,6,"2040-2045"
175,6,"2045-2050"
175,6,"2050-2055"
175,6,"2055-2060"
175,6,"2060-2065"
175,6,"2065-2070"
175,6,"2070-2075"
175,6,"2075-2080"
175,6,"2080-2085"
175,6,"2085-2090"
175,6,"2090-2095"
175,6,"2095-2100"
175,7,"2015-2020"
175,7,"2020-2025"
175,7,"2025-2030"
175,7,"2030-2035"
175,7,"2035-2040"
175,7,"2040-2045"
175,7,"2045-2050"
175,7,"2050-2055"
175,7,"2055-2060"
175,7,"2060-2065"
175,7,"2065-2070"
175,7,"2070-2075"
175,7,"2075-2080"
175,7,"2080-2085"
175,7,"2085-2090"
175,7,"2090-2095"
175,7,"2095-2100"
175,8,"2015-2020"
175,8,"2020-2025"
175,8,"2025-2030"
175,8,"2030-2035"
175,8,"2035-2040"
175,8,"2040-2045"
175,8,"2045-2050"
175,8,"2050-2055"
175,8,"2055-2060"
175,8,"2060-2065"
175,8,"2065-2070"
175,8,"2070-2075"
175,8,"2075-2080"
175,8,"2080-2085"
175,8,"2085-2090"
175,8,"2090-2095"
175,8,"2095-2100"
175,9,"2015-2020"
175,9,"2020-2025"
175,9,"2025-2030"
175,9,"2030-2035"
175,9,"2035-2040"
175,9,"2040-2045"
175,9,"2045-2050"
175,9,"2050-2055"
175,9,"2055-2060"
175,9,"2060-2065"
175,9,"2065-2070"
175,9,"2070-2075"
175,9,"2075-2080"
175,9,"2080-2085"
175,9,"2085-2090"
175,9,"2090-2095"
175,9,"2095-2100"
175,202,"2015-2020"
175,202,"2020-2025"
175,202,"2025-2030"
175,202,"2030-2035"
175,202,"2035-2040"
175,202,"2040-2045"
175,202,"2045-2050"
175,202,"2050-2055"
175,202,"2055-2060"
175,202,"2060-2065"
175,202,"2065-2070"
175,202,"2070-2075"
175,202,"2075-2080"
175,202,"2080-2085"
175,202,"2085-2090"
175,202,"2090-2095"
175,202,"2095-2100"
928,3,"2015-2020"
928,3,"2020-2025"
928,3,"2025-2030"
928,3,"2030-2035"
928,3,"2035-2040"
928,3,"2040-2045"
928,3,"2045-2050"
928,3,"2050-2055"
928,3,"2055-2060"
928,3,"2060-2065"
928,3,"2065-2070"
928,3,"2070-2075"
928,3,"2075-2080"
928,3,"2080-2085"
928,3,"2085-2090"
928,3,"2090-2095"
928,3,"2095-2100"
928,4,"2015-2020"
928,4,"2020-2025"
928,4,"2025-2030"
928,4,"2030-2035"
928,4,"2035-2040"
928,4,"2040-2045"
928,4,"2045-2050"
928,4,"2050-2055"
928,4,"2055-2060"
928,4,"2060-2065"
928,4,"2065-2070"
928,4,"2070-2075"
928,4,"2075-2080"
928,4,"2080-2085"
928,4,"2085-2090"
928,4,"2090-2095"
928,4,"2095-2100"
928,5,"2015-2020"
928,5,"2020-2025"
928,5,"2025-2030"
928,5,"2030-2035"
928,5,"2035-2040"
928,5,"2040-2045"
928,5,"2045-2050"
928,5,"2050-2055"
928,5,"2055-2060"
928,5,"2060-2065"
928,5,"2065-2070"
928,5,"2070-2075"
928,5,"2075-2080"
928,5,"2080-2085"
928,5,"2085-2090"
928,5,"2090-2095"
928,5,"2095-2100"
928,6,"2015-2020"
928,6,"2020-2025"
928,6,"2025-2030"
928,6,"2030-2035"
928,6,"2035-2040"
928,6,"2040-2045"
928,6,"2045-2050"
928,6,"2050-2055"
928,6,"2055-2060"
928,6,"2060-2065"
928,6,"2065-2070"
928,6,"2070-2075"
928,6,"2075-2080"
928,6,"2080-2085"
928,6,"2085-2090"
928,6,"2090-2095"
928,6,"2095-2100"
928,7,"2015-2020"
928,7,"2020-2025"
928,7,"2025-2030"
928,7,"2030-2035"
928,7,"2035-2040"
928,7,"2040-2045"
928,7,"2045-2050"
928,7,"2050-2055"
928,7,"2055-2060"
928,7,"2060-2065"
928,7,"2065-2070"
928,7,"2070-2075"
928,7,"2075-2080"
928,7,"2080-2085"
928,7,"2085-2090"
928,7,"2090-2095"
928,7,"2095-2100"
928,8,"2015-2020"
928,8,"2020-2025"
928,8,"2025-2030"
928,8,"2030-2035"
928,8,"2035-2040"
928,8,"2040-2045"
928,8,"2045-2050"
928,8,"2050-2055"
928,8,"2055-2060"
928,8,"2060-2065"
928,8,"2065-2070"
928,8,"2070-2075"
928,8,"2075-2080"
928,8,"2080-2085"
928,8,"2085-2090"
928,8,"2090-2095"
928,8,"2095-2100"
928,9,"2015-2020"
928,9,"2020-2025"
928,9,"2025-2030"
928,9,"2030-2035"
928,9,"2035-2040"
928,9,"2040-2045"
928,9,"2045-2050"
928,9,"2050-2055"
928,9,"2055-2060"
928,9,"2060-2065"
928,9,"2065-2070"
928,9,"2070-2075"
928,9,"2075-2080"
928,9,"2080-2085"
928,9,"2085-2090"
928,9,"2090-2095"
928,9,"2095-2100"
484,3,"2015-2020"
484,3,"2020-2025"
484,3,"2025-2030"
484,3,"2030-2035"
484,3,"2035-2040"
484,3,"2040-2045"
484,3,"2045-2050"
484,3,"2050-2055"
484,3,"2055-2060"
484,3,"2060-2065"
484,3,"2065-2070"
484,3,"2070-2075"
484,3,"2075-2080"
484,3,"2080-2085"
484,3,"2085-2090"
484,3,"2090-2095"
484,3,"2095-2100"
484,4,"2015-2020"
484,4,"2020-2025"
484,4,"2025-2030"
484,4,"2030-2035"
484,4,"2035-2040"
484,4,"2040-2045"
484,4,"2045-2050"
484,4,"2050-2055"
484,4,"2055-2060"
484,4,"2060-2065"
484,4,"2065-2070"
484,4,"2070-2075"
484,4,"2075-2080"
484,4,"2080-2085"
484,4,"2085-2090"
484,4,"2090-2095"
484,4,"2095-2100"
484,5,"2015-2020"
484,5,"2020-2025"
484,5,"2025-2030"
484,5,"2030-2035"
484,5,"2035-2040"
484,5,"2040-2045"
484,5,"2045-2050"
484,5,"2050-2055"
484,5,"2055-2060"
484,5,"2060-2065"
484,5,"2065-2070"
484,5,"2070-2075"
484,5,"2075-2080"
484,5,"2080-2085"
484,5,"2085-2090"
484,5,"2090-2095"
484,5,"2095-2100"
484,6,"2015-2020"
484,6,"2020-2025"
484,6,"2025-2030"
484,6,"2030-2035"
484,6,"2035-2040"
484,6,"2040-2045"
484,6,"2045-2050"
484,6,"2050-2055"
484,6,"2055-2060"
484,6,"2060-2065"
484,6,"2065-2070"
484,6,"2070-2075"
484,6,"2075-2080"
484,6,"2080-2085"
484,6,"2085-2090"
484,6,"2090-2095"
484,6,"2095-2100"
484,7,"2015-2020"
484,7,"2020-2025"
484,7,"2025-2030"
484,7,"2030-2035"
484,7,"2035-2040"
484,7,"2040-2045"
484,7,"2045-2050"
484,7,"2050-2055"
484,7,"2055-2060"
484,7,"2060-2065"
484,7,"2065-2070"
484,7,"2070-2075"
484,7,"2075-2080"
484,7,"2080-2085"
484,7,"2085-2090"
484,7,"2090-2095"
484,7,"2095-2100"
484,8,"2015-2020"
484,8,"2020-2025"
484,8,"2025-2030"
484,8,"2030-2035"
484,8,"2035-2040"
484,8,"2040-2045"
484,8,"2045-2050"
484,8,"2050-2055"
484,8,"2055-2060"
484,8,"2060-2065"
484,8,"2065-2070"
484,8,"2070-2075"
484,8,"2075-2080"
484,8,"2080-2085"
484,8,"2085-2090"
484,8,"2090-2095"
484,8,"2095-2100"
484,9,"2015-2020"
484,9,"2020-2025"
484,9,"2025-2030"
484,9,"2030-2035"
484,9,"2035-2040"
484,9,"2040-2045"
484,9,"2045-2050"
484,9,"2050-2055"
484,9,"2055-2060"
484,9,"2060-2065"
484,9,"2065-2070"
484,9,"2070-2075"
484,9,"2075-2080"
484,9,"2080-2085"
484,9,"2085-2090"
484,9,"2090-2095"
484,9,"2095-2100"
484,202,"2015-2020"
484,202,"2020-2025"
484,202,"2025-2030"
484,202,"2030-2035"
484,202,"2035-2040"
484,202,"2040-2045"
484,202,"2045-2050"
484,202,"2050-2055"
484,202,"2055-2060"
484,202,"2060-2065"
484,202,"2065-2070"
484,202,"2070-2075"
484,202,"2075-2080"
484,202,"2080-2085"
484,202,"2085-2090"
484,202,"2090-2095"
484,202,"2095-2100"
954,3,"2015-2020"
954,3,"2020-2025"
954,3,"2025-2030"
954,3,"2030-2035"
954,3,"2035-2040"
954,3,"2040-2045"
954,3,"2045-2050"
954,3,"2050-2055"
954,3,"2055-2060"
954,3,"2060-2065"
954,3,"2065-2070"
954,3,"2070-2075"
954,3,"2075-2080"
954,3,"2080-2085"
954,3,"2085-2090"
954,3,"2090-2095"
954,3,"2095-2100"
954,4,"2015-2020"
954,4,"2020-2025"
954,4,"2025-2030"
954,4,"2030-2035"
954,4,"2035-2040"
954,4,"2040-2045"
954,4,"2045-2050"
954,4,"2050-2055"
954,4,"2055-2060"
954,4,"2060-2065"
954,4,"2065-2070"
954,4,"2070-2075"
954,4,"2075-2080"
954,4,"2080-2085"
954,4,"2085-2090"
954,4,"2090-2095"
954,4,"2095-2100"
954,5,"2015-2020"
954,5,"2020-2025"
954,5,"2025-2030"
954,5,"2030-2035"
954,5,"2035-2040"
954,5,"2040-2045"
954,5,"2045-2050"
954,5,"2050-2055"
954,5,"2055-2060"
954,5,"2060-2065"
954,5,"2065-2070"
954,5,"2070-2075"
954,5,"2075-2080"
954,5,"2080-2085"
954,5,"2085-2090"
954,5,"2090-2095"
954,5,"2095-2100"
954,6,"2015-2020"
954,6,"2020-2025"
954,6,"2025-2030"
954,6,"2030-2035"
954,6,"2035-2040"
954,6,"2040-2045"
954,6,"2045-2050"
954,6,"2050-2055"
954,6,"2055-2060"
954,6,"2060-2065"
954,6,"2065-2070"
954,6,"2070-2075"
954,6,"2075-2080"
954,6,"2080-2085"
954,6,"2085-2090"
954,6,"2090-2095"
954,6,"2095-2100"
954,7,"2015-2020"
954,7,"2020-2025"
954,7,"2025-2030"
954,7,"2030-2035"
954,7,"2035-2040"
954,7,"2040-2045"
954,7,"2045-2050"
954,7,"2050-2055"
954,7,"2055-2060"
954,7,"2060-2065"
954,7,"2065-2070"
954,7,"2070-2075"
954,7,"2075-2080"
954,7,"2080-2085"
954,7,"2085-2090"
954,7,"2090-2095"
954,7,"2095-2100"
954,8,"2015-2020"
954,8,"2020-2025"
954,8,"2025-2030"
954,8,"2030-2035"
954,8,"2035-2040"
954,8,"2040-2045"
954,8,"2045-2050"
954,8,"2050-2055"
954,8,"2055-2060"
954,8,"2060-2065"
954,8,"2065-2070"
954,8,"2070-2075"
954,8,"2075-2080"
954,8,"2080-2085"
954,8,"2085-2090"
954,8,"2090-2095"
954,8,"2095-2100"
954,9,"2015-2020"
954,9,"2020-2025"
954,9,"2025-2030"
954,9,"2030-2035"
954,9,"2035-2040"
954,9,"2040-2045"
954,9,"2045-2050"
954,9,"2050-2055"
954,9,"2055-2060"
954,9,"2060-2065"
954,9,"2065-2070"
954,9,"2070-2075"
954,9,"2075-2080"
954,9,"2080-2085"
954,9,"2085-2090"
954,9,"2090-2095"
954,9,"2095-2100"
583,3,"2015-2020"
583,3,"2020-2025"
583,3,"2025-2030"
583,3,"2030-2035"
583,3,"2035-2040"
583,3,"2040-2045"
583,3,"2045-2050"
583,3,"2050-2055"
583,3,"2055-2060"
583,3,"2060-2065"
583,3,"2065-2070"
583,3,"2070-2075"
583,3,"2075-2080"
583,3,"2080-2085"
583,3,"2085-2090"
583,3,"2090-2095"
583,3,"2095-2100"
583,4,"2015-2020"
583,4,"2020-2025"
583,4,"2025-2030"
583,4,"2030-2035"
583,4,"2035-2040"
583,4,"2040-2045"
583,4,"2045-2050"
583,4,"2050-2055"
583,4,"2055-2060"
583,4,"2060-2065"
583,4,"2065-2070"
583,4,"2070-2075"
583,4,"2075-2080"
583,4,"2080-2085"
583,4,"2085-2090"
583,4,"2090-2095"
583,4,"2095-2100"
583,5,"2015-2020"
583,5,"2020-2025"
583,5,"2025-2030"
583,5,"2030-2035"
583,5,"2035-2040"
583,5,"2040-2045"
583,5,"2045-2050"
583,5,"2050-2055"
583,5,"2055-2060"
583,5,"2060-2065"
583,5,"2065-2070"
583,5,"2070-2075"
583,5,"2075-2080"
583,5,"2080-2085"
583,5,"2085-2090"
583,5,"2090-2095"
583,5,"2095-2100"
583,6,"2015-2020"
583,6,"2020-2025"
583,6,"2025-2030"
583,6,"2030-2035"
583,6,"2035-2040"
583,6,"2040-2045"
583,6,"2045-2050"
583,6,"2050-2055"
583,6,"2055-2060"
583,6,"2060-2065"
583,6,"2065-2070"
583,6,"2070-2075"
583,6,"2075-2080"
583,6,"2080-2085"
583,6,"2085-2090"
583,6,"2090-2095"
583,6,"2095-2100"
583,7,"2015-2020"
583,7,"2020-2025"
583,7,"2025-2030"
583,7,"2030-2035"
583,7,"2035-2040"
583,7,"2040-2045"
583,7,"2045-2050"
583,7,"2050-2055"
583,7,"2055-2060"
583,7,"2060-2065"
583,7,"2065-2070"
583,7,"2070-2075"
583,7,"2075-2080"
583,7,"2080-2085"
583,7,"2085-2090"
583,7,"2090-2095"
583,7,"2095-2100"
583,8,"2015-2020"
583,8,"2020-2025"
583,8,"2025-2030"
583,8,"2030-2035"
583,8,"2035-2040"
583,8,"2040-2045"
583,8,"2045-2050"
583,8,"2050-2055"
583,8,"2055-2060"
583,8,"2060-2065"
583,8,"2065-2070"
583,8,"2070-2075"
583,8,"2075-2080"
583,8,"2080-2085"
583,8,"2085-2090"
583,8,"2090-2095"
583,8,"2095-2100"
583,9,"2015-2020"
583,9,"2020-2025"
583,9,"2025-2030"
583,9,"2030-2035"
583,9,"2035-2040"
583,9,"2040-2045"
583,9,"2045-2050"
583,9,"2050-2055"
583,9,"2055-2060"
583,9,"2060-2065"
583,9,"2065-2070"
583,9,"2070-2075"
583,9,"2075-2080"
583,9,"2080-2085"
583,9,"2085-2090"
583,9,"2090-2095"
583,9,"2095-2100"
583,202,"2015-2020"
583,202,"2020-2025"
583,202,"2025-2030"
583,202,"2030-2035"
583,202,"2035-2040"
583,202,"2040-2045"
583,202,"2045-2050"
583,202,"2050-2055"
583,202,"2055-2060"
583,202,"2060-2065"
583,202,"2065-2070"
583,202,"2070-2075"
583,202,"2075-2080"
583,202,"2080-2085"
583,202,"2085-2090"
583,202,"2090-2095"
583,202,"2095-2100"
911,3,"2015-2020"
911,3,"2020-2025"
911,3,"2025-2030"
911,3,"2030-2035"
911,3,"2035-2040"
911,3,"2040-2045"
911,3,"2045-2050"
911,3,"2050-2055"
911,3,"2055-2060"
911,3,"2060-2065"
911,3,"2065-2070"
911,3,"2070-2075"
911,3,"2075-2080"
911,3,"2080-2085"
911,3,"2085-2090"
911,3,"2090-2095"
911,3,"2095-2100"
911,4,"2015-2020"
911,4,"2020-2025"
911,4,"2025-2030"
911,4,"2030-2035"
911,4,"2035-2040"
911,4,"2040-2045"
911,4,"2045-2050"
911,4,"2050-2055"
911,4,"2055-2060"
911,4,"2060-2065"
911,4,"2065-2070"
911,4,"2070-2075"
911,4,"2075-2080"
911,4,"2080-2085"
911,4,"2085-2090"
911,4,"2090-2095"
911,4,"2095-2100"
911,5,"2015-2020"
911,5,"2020-2025"
911,5,"2025-2030"
911,5,"2030-2035"
911,5,"2035-2040"
911,5,"2040-2045"
911,5,"2045-2050"
911,5,"2050-2055"
911,5,"2055-2060"
911,5,"2060-2065"
911,5,"2065-2070"
911,5,"2070-2075"
911,5,"2075-2080"
911,5,"2080-2085"
911,5,"2085-2090"
911,5,"2090-2095"
911,5,"2095-2100"
911,6,"2015-2020"
911,6,"2020-2025"
911,6,"2025-2030"
911,6,"2030-2035"
911,6,"2035-2040"
911,6,"2040-2045"
911,6,"2045-2050"
911,6,"2050-2055"
911,6,"2055-2060"
911,6,"2060-2065"
911,6,"2065-2070"
911,6,"2070-2075"
911,6,"2075-2080"
911,6,"2080-2085"
911,6,"2085-2090"
911,6,"2090-2095"
911,6,"2095-2100"
911,7,"2015-2020"
911,7,"2020-2025"
911,7,"2025-2030"
911,7,"2030-2035"
911,7,"2035-2040"
911,7,"2040-2045"
911,7,"2045-2050"
911,7,"2050-2055"
911,7,"2055-2060"
911,7,"2060-2065"
911,7,"2065-2070"
911,7,"2070-2075"
911,7,"2075-2080"
911,7,"2080-2085"
911,7,"2085-2090"
911,7,"2090-2095"
911,7,"2095-2100"
911,8,"2015-2020"
911,8,"2020-2025"
911,8,"2025-2030"
911,8,"2030-2035"
911,8,"2035-2040"
911,8,"2040-2045"
911,8,"2045-2050"
911,8,"2050-2055"
911,8,"2055-2060"
911,8,"2060-2065"
911,8,"2065-2070"
911,8,"2070-2075"
911,8,"2075-2080"
911,8,"2080-2085"
911,8,"2085-2090"
911,8,"2090-2095"
911,8,"2095-2100"
911,9,"2015-2020"
911,9,"2020-2025"
911,9,"2025-2030"
911,9,"2030-2035"
911,9,"2035-2040"
911,9,"2040-2045"
911,9,"2045-2050"
911,9,"2050-2055"
911,9,"2055-2060"
911,9,"2060-2065"
911,9,"2065-2070"
911,9,"2070-2075"
911,9,"2075-2080"
911,9,"2080-2085"
911,9,"2085-2090"
911,9,"2090-2095"
911,9,"2095-2100"
1517,3,"2015-2020"
1517,3,"2020-2025"
1517,3,"2025-2030"
1517,3,"2030-2035"
1517,3,"2035-2040"
1517,3,"2040-2045"
1517,3,"2045-2050"
1517,3,"2050-2055"
1517,3,"2055-2060"
1517,3,"2060-2065"
1517,3,"2065-2070"
1517,3,"2070-2075"
1517,3,"2075-2080"
1517,3,"2080-2085"
1517,3,"2085-2090"
1517,3,"2090-2095"
1517,3,"2095-2100"
1517,4,"2015-2020"
1517,4,"2020-2025"
1517,4,"2025-2030"
1517,4,"2030-2035"
1517,4,"2035-2040"
1517,4,"2040-2045"
1517,4,"2045-2050"
1517,4,"2050-2055"
1517,4,"2055-2060"
1517,4,"2060-2065"
1517,4,"2065-2070"
1517,4,"2070-2075"
1517,4,"2075-2080"
1517,4,"2080-2085"
1517,4,"2085-2090"
1517,4,"2090-2095"
1517,4,"2095-2100"
1517,5,"2015-2020"
1517,5,"2020-2025"
1517,5,"2025-2030"
1517,5,"2030-2035"
1517,5,"2035-2040"
1517,5,"2040-2045"
1517,5,"2045-2050"
1517,5,"2050-2055"
1517,5,"2055-2060"
1517,5,"2060-2065"
1517,5,"2065-2070"
1517,5,"2070-2075"
1517,5,"2075-2080"
1517,5,"2080-2085"
1517,5,"2085-2090"
1517,5,"2090-2095"
1517,5,"2095-2100"
1517,6,"2015-2020"
1517,6,"2020-2025"
1517,6,"2025-2030"
1517,6,"2030-2035"
1517,6,"2035-2040"
1517,6,"2040-2045"
1517,6,"2045-2050"
1517,6,"2050-2055"
1517,6,"2055-2060"
1517,6,"2060-2065"
1517,6,"2065-2070"
1517,6,"2070-2075"
1517,6,"2075-2080"
1517,6,"2080-2085"
1517,6,"2085-2090"
1517,6,"2090-2095"
1517,6,"2095-2100"
1517,7,"2015-2020"
1517,7,"2020-2025"
1517,7,"2025-2030"
1517,7,"2030-2035"
1517,7,"2035-2040"
1517,7,"2040-2045"
1517,7,"2045-2050"
1517,7,"2050-2055"
1517,7,"2055-2060"
1517,7,"2060-2065"
1517,7,"2065-2070"
1517,7,"2070-2075"
1517,7,"2075-2080"
1517,7,"2080-2085"
1517,7,"2085-2090"
1517,7,"2090-2095"
1517,7,"2095-2100"
1517,8,"2015-2020"
1517,8,"2020-2025"
1517,8,"2025-2030"
1517,8,"2030-2035"
1517,8,"2035-2040"
1517,8,"2040-2045"
1517,8,"2045-2050"
1517,8,"2050-2055"
1517,8,"2055-2060"
1517,8,"2060-2065"
1517,8,"2065-2070"
1517,8,"2070-2075"
1517,8,"2075-2080"
1517,8,"2080-2085"
1517,8,"2085-2090"
1517,8,"2090-2095"
1517,8,"2095-2100"
1517,9,"2015-2020"
1517,9,"2020-2025"
1517,9,"2025-2030"
1517,9,"2030-2035"
1517,9,"2035-2040"
1517,9,"2040-2045"
1517,9,"2045-2050"
1517,9,"2050-2055"
1517,9,"2055-2060"
1517,9,"2060-2065"
1517,9,"2065-2070"
1517,9,"2070-2075"
1517,9,"2075-2080"
1517,9,"2080-2085"
1517,9,"2085-2090"
1517,9,"2090-2095"
1517,9,"2095-2100"
492,3,"2015-2020"
492,3,"2020-2025"
492,3,"2025-2030"
492,3,"2030-2035"
492,3,"2035-2040"
492,3,"2040-2045"
492,3,"2045-2050"
492,3,"2050-2055"
492,3,"2055-2060"
492,3,"2060-2065"
492,3,"2065-2070"
492,3,"2070-2075"
492,3,"2075-2080"
492,3,"2080-2085"
492,3,"2085-2090"
492,3,"2090-2095"
492,3,"2095-2100"
492,4,"2015-2020"
492,4,"2020-2025"
492,4,"2025-2030"
492,4,"2030-2035"
492,4,"2035-2040"
492,4,"2040-2045"
492,4,"2045-2050"
492,4,"2050-2055"
492,4,"2055-2060"
492,4,"2060-2065"
492,4,"2065-2070"
492,4,"2070-2075"
492,4,"2075-2080"
492,4,"2080-2085"
492,4,"2085-2090"
492,4,"2090-2095"
492,4,"2095-2100"
492,5,"2015-2020"
492,5,"2020-2025"
492,5,"2025-2030"
492,5,"2030-2035"
492,5,"2035-2040"
492,5,"2040-2045"
492,5,"2045-2050"
492,5,"2050-2055"
492,5,"2055-2060"
492,5,"2060-2065"
492,5,"2065-2070"
492,5,"2070-2075"
492,5,"2075-2080"
492,5,"2080-2085"
492,5,"2085-2090"
492,5,"2090-2095"
492,5,"2095-2100"
492,6,"2015-2020"
492,6,"2020-2025"
492,6,"2025-2030"
492,6,"2030-2035"
492,6,"2035-2040"
492,6,"2040-2045"
492,6,"2045-2050"
492,6,"2050-2055"
492,6,"2055-2060"
492,6,"2060-2065"
492,6,"2065-2070"
492,6,"2070-2075"
492,6,"2075-2080"
492,6,"2080-2085"
492,6,"2085-2090"
492,6,"2090-2095"
492,6,"2095-2100"
492,7,"2015-2020"
492,7,"2020-2025"
492,7,"2025-2030"
492,7,"2030-2035"
492,7,"2035-2040"
492,7,"2040-2045"
492,7,"2045-2050"
492,7,"2050-2055"
492,7,"2055-2060"
492,7,"2060-2065"
492,7,"2065-2070"
492,7,"2070-2075"
492,7,"2075-2080"
492,7,"2080-2085"
492,7,"2085-2090"
492,7,"2090-2095"
492,7,"2095-2100"
492,8,"2015-2020"
492,8,"2020-2025"
492,8,"2025-2030"
492,8,"2030-2035"
492,8,"2035-2040"
492,8,"2040-2045"
492,8,"2045-2050"
492,8,"2050-2055"
492,8,"2055-2060"
492,8,"2060-2065"
492,8,"2065-2070"
492,8,"2070-2075"
492,8,"2075-2080"
492,8,"2080-2085"
492,8,"2085-2090"
492,8,"2090-2095"
492,8,"2095-2100"
492,9,"2015-2020"
492,9,"2020-2025"
492,9,"2025-2030"
492,9,"2030-2035"
492,9,"2035-2040"
492,9,"2040-2045"
492,9,"2045-2050"
492,9,"2050-2055"
492,9,"2055-2060"
492,9,"2060-2065"
492,9,"2065-2070"
492,9,"2070-2075"
492,9,"2075-2080"
492,9,"2080-2085"
492,9,"2085-2090"
492,9,"2090-2095"
492,9,"2095-2100"
496,3,"2015-2020"
496,3,"2020-2025"
496,3,"2025-2030"
496,3,"2030-2035"
496,3,"2035-2040"
496,3,"2040-2045"
496,3,"2045-2050"
496,3,"2050-2055"
496,3,"2055-2060"
496,3,"2060-2065"
496,3,"2065-2070"
496,3,"2070-2075"
496,3,"2075-2080"
496,3,"2080-2085"
496,3,"2085-2090"
496,3,"2090-2095"
496,3,"2095-2100"
496,4,"2015-2020"
496,4,"2020-2025"
496,4,"2025-2030"
496,4,"2030-2035"
496,4,"2035-2040"
496,4,"2040-2045"
496,4,"2045-2050"
496,4,"2050-2055"
496,4,"2055-2060"
496,4,"2060-2065"
496,4,"2065-2070"
496,4,"2070-2075"
496,4,"2075-2080"
496,4,"2080-2085"
496,4,"2085-2090"
496,4,"2090-2095"
496,4,"2095-2100"
496,5,"2015-2020"
496,5,"2020-2025"
496,5,"2025-2030"
496,5,"2030-2035"
496,5,"2035-2040"
496,5,"2040-2045"
496,5,"2045-2050"
496,5,"2050-2055"
496,5,"2055-2060"
496,5,"2060-2065"
496,5,"2065-2070"
496,5,"2070-2075"
496,5,"2075-2080"
496,5,"2080-2085"
496,5,"2085-2090"
496,5,"2090-2095"
496,5,"2095-2100"
496,6,"2015-2020"
496,6,"2020-2025"
496,6,"2025-2030"
496,6,"2030-2035"
496,6,"2035-2040"
496,6,"2040-2045"
496,6,"2045-2050"
496,6,"2050-2055"
496,6,"2055-2060"
496,6,"2060-2065"
496,6,"2065-2070"
496,6,"2070-2075"
496,6,"2075-2080"
496,6,"2080-2085"
496,6,"2085-2090"
496,6,"2090-2095"
496,6,"2095-2100"
496,7,"2015-2020"
496,7,"2020-2025"
496,7,"2025-2030"
496,7,"2030-2035"
496,7,"2035-2040"
496,7,"2040-2045"
496,7,"2045-2050"
496,7,"2050-2055"
496,7,"2055-2060"
496,7,"2060-2065"
496,7,"2065-2070"
496,7,"2070-2075"
496,7,"2075-2080"
496,7,"2080-2085"
496,7,"2085-2090"
496,7,"2090-2095"
496,7,"2095-2100"
496,8,"2015-2020"
496,8,"2020-2025"
496,8,"2025-2030"
496,8,"2030-2035"
496,8,"2035-2040"
496,8,"2040-2045"
496,8,"2045-2050"
496,8,"2050-2055"
496,8,"2055-2060"
496,8,"2060-2065"
496,8,"2065-2070"
496,8,"2070-2075"
496,8,"2075-2080"
496,8,"2080-2085"
496,8,"2085-2090"
496,8,"2090-2095"
496,8,"2095-2100"
496,9,"2015-2020"
496,9,"2020-2025"
496,9,"2025-2030"
496,9,"2030-2035"
496,9,"2035-2040"
496,9,"2040-2045"
496,9,"2045-2050"
496,9,"2050-2055"
496,9,"2055-2060"
496,9,"2060-2065"
496,9,"2065-2070"
496,9,"2070-2075"
496,9,"2075-2080"
496,9,"2080-2085"
496,9,"2085-2090"
496,9,"2090-2095"
496,9,"2095-2100"
496,202,"2015-2020"
496,202,"2020-2025"
496,202,"2025-2030"
496,202,"2030-2035"
496,202,"2035-2040"
496,202,"2040-2045"
496,202,"2045-2050"
496,202,"2050-2055"
496,202,"2055-2060"
496,202,"2060-2065"
496,202,"2065-2070"
496,202,"2070-2075"
496,202,"2075-2080"
496,202,"2080-2085"
496,202,"2085-2090"
496,202,"2090-2095"
496,202,"2095-2100"
499,3,"2015-2020"
499,3,"2020-2025"
499,3,"2025-2030"
499,3,"2030-2035"
499,3,"2035-2040"
499,3,"2040-2045"
499,3,"2045-2050"
499,3,"2050-2055"
499,3,"2055-2060"
499,3,"2060-2065"
499,3,"2065-2070"
499,3,"2070-2075"
499,3,"2075-2080"
499,3,"2080-2085"
499,3,"2085-2090"
499,3,"2090-2095"
499,3,"2095-2100"
499,4,"2015-2020"
499,4,"2020-2025"
499,4,"2025-2030"
499,4,"2030-2035"
499,4,"2035-2040"
499,4,"2040-2045"
499,4,"2045-2050"
499,4,"2050-2055"
499,4,"2055-2060"
499,4,"2060-2065"
499,4,"2065-2070"
499,4,"2070-2075"
499,4,"2075-2080"
499,4,"2080-2085"
499,4,"2085-2090"
499,4,"2090-2095"
499,4,"2095-2100"
499,5,"2015-2020"
499,5,"2020-2025"
499,5,"2025-2030"
499,5,"2030-2035"
499,5,"2035-2040"
499,5,"2040-2045"
499,5,"2045-2050"
499,5,"2050-2055"
499,5,"2055-2060"
499,5,"2060-2065"
499,5,"2065-2070"
499,5,"2070-2075"
499,5,"2075-2080"
499,5,"2080-2085"
499,5,"2085-2090"
499,5,"2090-2095"
499,5,"2095-2100"
499,6,"2015-2020"
499,6,"2020-2025"
499,6,"2025-2030"
499,6,"2030-2035"
499,6,"2035-2040"
499,6,"2040-2045"
499,6,"2045-2050"
499,6,"2050-2055"
499,6,"2055-2060"
499,6,"2060-2065"
499,6,"2065-2070"
499,6,"2070-2075"
499,6,"2075-2080"
499,6,"2080-2085"
499,6,"2085-2090"
499,6,"2090-2095"
499,6,"2095-2100"
499,7,"2015-2020"
499,7,"2020-2025"
499,7,"2025-2030"
499,7,"2030-2035"
499,7,"2035-2040"
499,7,"2040-2045"
499,7,"2045-2050"
499,7,"2050-2055"
499,7,"2055-2060"
499,7,"2060-2065"
499,7,"2065-2070"
499,7,"2070-2075"
499,7,"2075-2080"
499,7,"2080-2085"
499,7,"2085-2090"
499,7,"2090-2095"
499,7,"2095-2100"
499,8,"2015-2020"
499,8,"2020-2025"
499,8,"2025-2030"
499,8,"2030-2035"
499,8,"2035-2040"
499,8,"2040-2045"
499,8,"2045-2050"
499,8,"2050-2055"
499,8,"2055-2060"
499,8,"2060-2065"
499,8,"2065-2070"
499,8,"2070-2075"
499,8,"2075-2080"
499,8,"2080-2085"
499,8,"2085-2090"
499,8,"2090-2095"
499,8,"2095-2100"
499,9,"2015-2020"
499,9,"2020-2025"
499,9,"2025-2030"
499,9,"2030-2035"
499,9,"2035-2040"
499,9,"2040-2045"
499,9,"2045-2050"
499,9,"2050-2055"
499,9,"2055-2060"
499,9,"2060-2065"
499,9,"2065-2070"
499,9,"2070-2075"
499,9,"2075-2080"
499,9,"2080-2085"
499,9,"2085-2090"
499,9,"2090-2095"
499,9,"2095-2100"
499,202,"2015-2020"
499,202,"2020-2025"
499,202,"2025-2030"
499,202,"2030-2035"
499,202,"2035-2040"
499,202,"2040-2045"
499,202,"2045-2050"
499,202,"2050-2055"
499,202,"2055-2060"
499,202,"2060-2065"
499,202,"2065-2070"
499,202,"2070-2075"
499,202,"2075-2080"
499,202,"2080-2085"
499,202,"2085-2090"
499,202,"2090-2095"
499,202,"2095-2100"
500,3,"2015-2020"
500,3,"2020-2025"
500,3,"2025-2030"
500,3,"2030-2035"
500,3,"2035-2040"
500,3,"2040-2045"
500,3,"2045-2050"
500,3,"2050-2055"
500,3,"2055-2060"
500,3,"2060-2065"
500,3,"2065-2070"
500,3,"2070-2075"
500,3,"2075-2080"
500,3,"2080-2085"
500,3,"2085-2090"
500,3,"2090-2095"
500,3,"2095-2100"
500,4,"2015-2020"
500,4,"2020-2025"
500,4,"2025-2030"
500,4,"2030-2035"
500,4,"2035-2040"
500,4,"2040-2045"
500,4,"2045-2050"
500,4,"2050-2055"
500,4,"2055-2060"
500,4,"2060-2065"
500,4,"2065-2070"
500,4,"2070-2075"
500,4,"2075-2080"
500,4,"2080-2085"
500,4,"2085-2090"
500,4,"2090-2095"
500,4,"2095-2100"
500,5,"2015-2020"
500,5,"2020-2025"
500,5,"2025-2030"
500,5,"2030-2035"
500,5,"2035-2040"
500,5,"2040-2045"
500,5,"2045-2050"
500,5,"2050-2055"
500,5,"2055-2060"
500,5,"2060-2065"
500,5,"2065-2070"
500,5,"2070-2075"
500,5,"2075-2080"
500,5,"2080-2085"
500,5,"2085-2090"
500,5,"2090-2095"
500,5,"2095-2100"
500,6,"2015-2020"
500,6,"2020-2025"
500,6,"2025-2030"
500,6,"2030-2035"
500,6,"2035-2040"
500,6,"2040-2045"
500,6,"2045-2050"
500,6,"2050-2055"
500,6,"2055-2060"
500,6,"2060-2065"
500,6,"2065-2070"
500,6,"2070-2075"
500,6,"2075-2080"
500,6,"2080-2085"
500,6,"2085-2090"
500,6,"2090-2095"
500,6,"2095-2100"
500,7,"2015-2020"
500,7,"2020-2025"
500,7,"2025-2030"
500,7,"2030-2035"
500,7,"2035-2040"
500,7,"2040-2045"
500,7,"2045-2050"
500,7,"2050-2055"
500,7,"2055-2060"
500,7,"2060-2065"
500,7,"2065-2070"
500,7,"2070-2075"
500,7,"2075-2080"
500,7,"2080-2085"
500,7,"2085-2090"
500,7,"2090-2095"
500,7,"2095-2100"
500,8,"2015-2020"
500,8,"2020-2025"
500,8,"2025-2030"
500,8,"2030-2035"
500,8,"2035-2040"
500,8,"2040-2045"
500,8,"2045-2050"
500,8,"2050-2055"
500,8,"2055-2060"
500,8,"2060-2065"
500,8,"2065-2070"
500,8,"2070-2075"
500,8,"2075-2080"
500,8,"2080-2085"
500,8,"2085-2090"
500,8,"2090-2095"
500,8,"2095-2100"
500,9,"2015-2020"
500,9,"2020-2025"
500,9,"2025-2030"
500,9,"2030-2035"
500,9,"2035-2040"
500,9,"2040-2045"
500,9,"2045-2050"
500,9,"2050-2055"
500,9,"2055-2060"
500,9,"2060-2065"
500,9,"2065-2070"
500,9,"2070-2075"
500,9,"2075-2080"
500,9,"2080-2085"
500,9,"2085-2090"
500,9,"2090-2095"
500,9,"2095-2100"
901,3,"2015-2020"
901,3,"2020-2025"
901,3,"2025-2030"
901,3,"2030-2035"
901,3,"2035-2040"
901,3,"2040-2045"
901,3,"2045-2050"
901,3,"2050-2055"
901,3,"2055-2060"
901,3,"2060-2065"
901,3,"2065-2070"
901,3,"2070-2075"
901,3,"2075-2080"
901,3,"2080-2085"
901,3,"2085-2090"
901,3,"2090-2095"
901,3,"2095-2100"
901,4,"2015-2020"
901,4,"2020-2025"
901,4,"2025-2030"
901,4,"2030-2035"
901,4,"2035-2040"
901,4,"2040-2045"
901,4,"2045-2050"
901,4,"2050-2055"
901,4,"2055-2060"
901,4,"2060-2065"
901,4,"2065-2070"
901,4,"2070-2075"
901,4,"2075-2080"
901,4,"2080-2085"
901,4,"2085-2090"
901,4,"2090-2095"
901,4,"2095-2100"
901,5,"2015-2020"
901,5,"2020-2025"
901,5,"2025-2030"
901,5,"2030-2035"
901,5,"2035-2040"
901,5,"2040-2045"
901,5,"2045-2050"
901,5,"2050-2055"
901,5,"2055-2060"
901,5,"2060-2065"
901,5,"2065-2070"
901,5,"2070-2075"
901,5,"2075-2080"
901,5,"2080-2085"
901,5,"2085-2090"
901,5,"2090-2095"
901,5,"2095-2100"
901,6,"2015-2020"
901,6,"2020-2025"
901,6,"2025-2030"
901,6,"2030-2035"
901,6,"2035-2040"
901,6,"2040-2045"
901,6,"2045-2050"
901,6,"2050-2055"
901,6,"2055-2060"
901,6,"2060-2065"
901,6,"2065-2070"
901,6,"2070-2075"
901,6,"2075-2080"
901,6,"2080-2085"
901,6,"2085-2090"
901,6,"2090-2095"
901,6,"2095-2100"
901,7,"2015-2020"
901,7,"2020-2025"
901,7,"2025-2030"
901,7,"2030-2035"
901,7,"2035-2040"
901,7,"2040-2045"
901,7,"2045-2050"
901,7,"2050-2055"
901,7,"2055-2060"
901,7,"2060-2065"
901,7,"2065-2070"
901,7,"2070-2075"
901,7,"2075-2080"
901,7,"2080-2085"
901,7,"2085-2090"
901,7,"2090-2095"
901,7,"2095-2100"
901,8,"2015-2020"
901,8,"2020-2025"
901,8,"2025-2030"
901,8,"2030-2035"
901,8,"2035-2040"
901,8,"2040-2045"
901,8,"2045-2050"
901,8,"2050-2055"
901,8,"2055-2060"
901,8,"2060-2065"
901,8,"2065-2070"
901,8,"2070-2075"
901,8,"2075-2080"
901,8,"2080-2085"
901,8,"2085-2090"
901,8,"2090-2095"
901,8,"2095-2100"
901,9,"2015-2020"
901,9,"2020-2025"
901,9,"2025-2030"
901,9,"2030-2035"
901,9,"2035-2040"
901,9,"2040-2045"
901,9,"2045-2050"
901,9,"2050-2055"
901,9,"2055-2060"
901,9,"2060-2065"
901,9,"2065-2070"
901,9,"2070-2075"
901,9,"2075-2080"
901,9,"2080-2085"
901,9,"2085-2090"
901,9,"2090-2095"
901,9,"2095-2100"
504,3,"2015-2020"
504,3,"2020-2025"
504,3,"2025-2030"
504,3,"2030-2035"
504,3,"2035-2040"
504,3,"2040-2045"
504,3,"2045-2050"
504,3,"2050-2055"
504,3,"2055-2060"
504,3,"2060-2065"
504,3,"2065-2070"
504,3,"2070-2075"
504,3,"2075-2080"
504,3,"2080-2085"
504,3,"2085-2090"
504,3,"2090-2095"
504,3,"2095-2100"
504,4,"2015-2020"
504,4,"2020-2025"
504,4,"2025-2030"
504,4,"2030-2035"
504,4,"2035-2040"
504,4,"2040-2045"
504,4,"2045-2050"
504,4,"2050-2055"
504,4,"2055-2060"
504,4,"2060-2065"
504,4,"2065-2070"
504,4,"2070-2075"
504,4,"2075-2080"
504,4,"2080-2085"
504,4,"2085-2090"
504,4,"2090-2095"
504,4,"2095-2100"
504,5,"2015-2020"
504,5,"2020-2025"
504,5,"2025-2030"
504,5,"2030-2035"
504,5,"2035-2040"
504,5,"2040-2045"
504,5,"2045-2050"
504,5,"2050-2055"
504,5,"2055-2060"
504,5,"2060-2065"
504,5,"2065-2070"
504,5,"2070-2075"
504,5,"2075-2080"
504,5,"2080-2085"
504,5,"2085-2090"
504,5,"2090-2095"
504,5,"2095-2100"
504,6,"2015-2020"
504,6,"2020-2025"
504,6,"2025-2030"
504,6,"2030-2035"
504,6,"2035-2040"
504,6,"2040-2045"
504,6,"2045-2050"
504,6,"2050-2055"
504,6,"2055-2060"
504,6,"2060-2065"
504,6,"2065-2070"
504,6,"2070-2075"
504,6,"2075-2080"
504,6,"2080-2085"
504,6,"2085-2090"
504,6,"2090-2095"
504,6,"2095-2100"
504,7,"2015-2020"
504,7,"2020-2025"
504,7,"2025-2030"
504,7,"2030-2035"
504,7,"2035-2040"
504,7,"2040-2045"
504,7,"2045-2050"
504,7,"2050-2055"
504,7,"2055-2060"
504,7,"2060-2065"
504,7,"2065-2070"
504,7,"2070-2075"
504,7,"2075-2080"
504,7,"2080-2085"
504,7,"2085-2090"
504,7,"2090-2095"
504,7,"2095-2100"
504,8,"2015-2020"
504,8,"2020-2025"
504,8,"2025-2030"
504,8,"2030-2035"
504,8,"2035-2040"
504,8,"2040-2045"
504,8,"2045-2050"
504,8,"2050-2055"
504,8,"2055-2060"
504,8,"2060-2065"
504,8,"2065-2070"
504,8,"2070-2075"
504,8,"2075-2080"
504,8,"2080-2085"
504,8,"2085-2090"
504,8,"2090-2095"
504,8,"2095-2100"
504,9,"2015-2020"
504,9,"2020-2025"
504,9,"2025-2030"
504,9,"2030-2035"
504,9,"2035-2040"
504,9,"2040-2045"
504,9,"2045-2050"
504,9,"2050-2055"
504,9,"2055-2060"
504,9,"2060-2065"
504,9,"2065-2070"
504,9,"2070-2075"
504,9,"2075-2080"
504,9,"2080-2085"
504,9,"2085-2090"
504,9,"2090-2095"
504,9,"2095-2100"
504,202,"2015-2020"
504,202,"2020-2025"
504,202,"2025-2030"
504,202,"2030-2035"
504,202,"2035-2040"
504,202,"2040-2045"
504,202,"2045-2050"
504,202,"2050-2055"
504,202,"2055-2060"
504,202,"2060-2065"
504,202,"2065-2070"
504,202,"2070-2075"
504,202,"2075-2080"
504,202,"2080-2085"
504,202,"2085-2090"
504,202,"2090-2095"
504,202,"2095-2100"
508,3,"2015-2020"
508,3,"2020-2025"
508,3,"2025-2030"
508,3,"2030-2035"
508,3,"2035-2040"
508,3,"2040-2045"
508,3,"2045-2050"
508,3,"2050-2055"
508,3,"2055-2060"
508,3,"2060-2065"
508,3,"2065-2070"
508,3,"2070-2075"
508,3,"2075-2080"
508,3,"2080-2085"
508,3,"2085-2090"
508,3,"2090-2095"
508,3,"2095-2100"
508,4,"2015-2020"
508,4,"2020-2025"
508,4,"2025-2030"
508,4,"2030-2035"
508,4,"2035-2040"
508,4,"2040-2045"
508,4,"2045-2050"
508,4,"2050-2055"
508,4,"2055-2060"
508,4,"2060-2065"
508,4,"2065-2070"
508,4,"2070-2075"
508,4,"2075-2080"
508,4,"2080-2085"
508,4,"2085-2090"
508,4,"2090-2095"
508,4,"2095-2100"
508,5,"2015-2020"
508,5,"2020-2025"
508,5,"2025-2030"
508,5,"2030-2035"
508,5,"2035-2040"
508,5,"2040-2045"
508,5,"2045-2050"
508,5,"2050-2055"
508,5,"2055-2060"
508,5,"2060-2065"
508,5,"2065-2070"
508,5,"2070-2075"
508,5,"2075-2080"
508,5,"2080-2085"
508,5,"2085-2090"
508,5,"2090-2095"
508,5,"2095-2100"
508,6,"2015-2020"
508,6,"2020-2025"
508,6,"2025-2030"
508,6,"2030-2035"
508,6,"2035-2040"
508,6,"2040-2045"
508,6,"2045-2050"
508,6,"2050-2055"
508,6,"2055-2060"
508,6,"2060-2065"
508,6,"2065-2070"
508,6,"2070-2075"
508,6,"2075-2080"
508,6,"2080-2085"
508,6,"2085-2090"
508,6,"2090-2095"
508,6,"2095-2100"
508,7,"2015-2020"
508,7,"2020-2025"
508,7,"2025-2030"
508,7,"2030-2035"
508,7,"2035-2040"
508,7,"2040-2045"
508,7,"2045-2050"
508,7,"2050-2055"
508,7,"2055-2060"
508,7,"2060-2065"
508,7,"2065-2070"
508,7,"2070-2075"
508,7,"2075-2080"
508,7,"2080-2085"
508,7,"2085-2090"
508,7,"2090-2095"
508,7,"2095-2100"
508,8,"2015-2020"
508,8,"2020-2025"
508,8,"2025-2030"
508,8,"2030-2035"
508,8,"2035-2040"
508,8,"2040-2045"
508,8,"2045-2050"
508,8,"2050-2055"
508,8,"2055-2060"
508,8,"2060-2065"
508,8,"2065-2070"
508,8,"2070-2075"
508,8,"2075-2080"
508,8,"2080-2085"
508,8,"2085-2090"
508,8,"2090-2095"
508,8,"2095-2100"
508,9,"2015-2020"
508,9,"2020-2025"
508,9,"2025-2030"
508,9,"2030-2035"
508,9,"2035-2040"
508,9,"2040-2045"
508,9,"2045-2050"
508,9,"2050-2055"
508,9,"2055-2060"
508,9,"2060-2065"
508,9,"2065-2070"
508,9,"2070-2075"
508,9,"2075-2080"
508,9,"2080-2085"
508,9,"2085-2090"
508,9,"2090-2095"
508,9,"2095-2100"
508,202,"2015-2020"
508,202,"2020-2025"
508,202,"2025-2030"
508,202,"2030-2035"
508,202,"2035-2040"
508,202,"2040-2045"
508,202,"2045-2050"
508,202,"2050-2055"
508,202,"2055-2060"
508,202,"2060-2065"
508,202,"2065-2070"
508,202,"2070-2075"
508,202,"2075-2080"
508,202,"2080-2085"
508,202,"2085-2090"
508,202,"2090-2095"
508,202,"2095-2100"
104,3,"2015-2020"
104,3,"2020-2025"
104,3,"2025-2030"
104,3,"2030-2035"
104,3,"2035-2040"
104,3,"2040-2045"
104,3,"2045-2050"
104,3,"2050-2055"
104,3,"2055-2060"
104,3,"2060-2065"
104,3,"2065-2070"
104,3,"2070-2075"
104,3,"2075-2080"
104,3,"2080-2085"
104,3,"2085-2090"
104,3,"2090-2095"
104,3,"2095-2100"
104,4,"2015-2020"
104,4,"2020-2025"
104,4,"2025-2030"
104,4,"2030-2035"
104,4,"2035-2040"
104,4,"2040-2045"
104,4,"2045-2050"
104,4,"2050-2055"
104,4,"2055-2060"
104,4,"2060-2065"
104,4,"2065-2070"
104,4,"2070-2075"
104,4,"2075-2080"
104,4,"2080-2085"
104,4,"2085-2090"
104,4,"2090-2095"
104,4,"2095-2100"
104,5,"2015-2020"
104,5,"2020-2025"
104,5,"2025-2030"
104,5,"2030-2035"
104,5,"2035-2040"
104,5,"2040-2045"
104,5,"2045-2050"
104,5,"2050-2055"
104,5,"2055-2060"
104,5,"2060-2065"
104,5,"2065-2070"
104,5,"2070-2075"
104,5,"2075-2080"
104,5,"2080-2085"
104,5,"2085-2090"
104,5,"2090-2095"
104,5,"2095-2100"
104,6,"2015-2020"
104,6,"2020-2025"
104,6,"2025-2030"
104,6,"2030-2035"
104,6,"2035-2040"
104,6,"2040-2045"
104,6,"2045-2050"
104,6,"2050-2055"
104,6,"2055-2060"
104,6,"2060-2065"
104,6,"2065-2070"
104,6,"2070-2075"
104,6,"2075-2080"
104,6,"2080-2085"
104,6,"2085-2090"
104,6,"2090-2095"
104,6,"2095-2100"
104,7,"2015-2020"
104,7,"2020-2025"
104,7,"2025-2030"
104,7,"2030-2035"
104,7,"2035-2040"
104,7,"2040-2045"
104,7,"2045-2050"
104,7,"2050-2055"
104,7,"2055-2060"
104,7,"2060-2065"
104,7,"2065-2070"
104,7,"2070-2075"
104,7,"2075-2080"
104,7,"2080-2085"
104,7,"2085-2090"
104,7,"2090-2095"
104,7,"2095-2100"
104,8,"2015-2020"
104,8,"2020-2025"
104,8,"2025-2030"
104,8,"2030-2035"
104,8,"2035-2040"
104,8,"2040-2045"
104,8,"2045-2050"
104,8,"2050-2055"
104,8,"2055-2060"
104,8,"2060-2065"
104,8,"2065-2070"
104,8,"2070-2075"
104,8,"2075-2080"
104,8,"2080-2085"
104,8,"2085-2090"
104,8,"2090-2095"
104,8,"2095-2100"
104,9,"2015-2020"
104,9,"2020-2025"
104,9,"2025-2030"
104,9,"2030-2035"
104,9,"2035-2040"
104,9,"2040-2045"
104,9,"2045-2050"
104,9,"2050-2055"
104,9,"2055-2060"
104,9,"2060-2065"
104,9,"2065-2070"
104,9,"2070-2075"
104,9,"2075-2080"
104,9,"2080-2085"
104,9,"2085-2090"
104,9,"2090-2095"
104,9,"2095-2100"
104,202,"2015-2020"
104,202,"2020-2025"
104,202,"2025-2030"
104,202,"2030-2035"
104,202,"2035-2040"
104,202,"2040-2045"
104,202,"2045-2050"
104,202,"2050-2055"
104,202,"2055-2060"
104,202,"2060-2065"
104,202,"2065-2070"
104,202,"2070-2075"
104,202,"2075-2080"
104,202,"2080-2085"
104,202,"2085-2090"
104,202,"2090-2095"
104,202,"2095-2100"
516,3,"2015-2020"
516,3,"2020-2025"
516,3,"2025-2030"
516,3,"2030-2035"
516,3,"2035-2040"
516,3,"2040-2045"
516,3,"2045-2050"
516,3,"2050-2055"
516,3,"2055-2060"
516,3,"2060-2065"
516,3,"2065-2070"
516,3,"2070-2075"
516,3,"2075-2080"
516,3,"2080-2085"
516,3,"2085-2090"
516,3,"2090-2095"
516,3,"2095-2100"
516,4,"2015-2020"
516,4,"2020-2025"
516,4,"2025-2030"
516,4,"2030-2035"
516,4,"2035-2040"
516,4,"2040-2045"
516,4,"2045-2050"
516,4,"2050-2055"
516,4,"2055-2060"
516,4,"2060-2065"
516,4,"2065-2070"
516,4,"2070-2075"
516,4,"2075-2080"
516,4,"2080-2085"
516,4,"2085-2090"
516,4,"2090-2095"
516,4,"2095-2100"
516,5,"2015-2020"
516,5,"2020-2025"
516,5,"2025-2030"
516,5,"2030-2035"
516,5,"2035-2040"
516,5,"2040-2045"
516,5,"2045-2050"
516,5,"2050-2055"
516,5,"2055-2060"
516,5,"2060-2065"
516,5,"2065-2070"
516,5,"2070-2075"
516,5,"2075-2080"
516,5,"2080-2085"
516,5,"2085-2090"
516,5,"2090-2095"
516,5,"2095-2100"
516,6,"2015-2020"
516,6,"2020-2025"
516,6,"2025-2030"
516,6,"2030-2035"
516,6,"2035-2040"
516,6,"2040-2045"
516,6,"2045-2050"
516,6,"2050-2055"
516,6,"2055-2060"
516,6,"2060-2065"
516,6,"2065-2070"
516,6,"2070-2075"
516,6,"2075-2080"
516,6,"2080-2085"
516,6,"2085-2090"
516,6,"2090-2095"
516,6,"2095-2100"
516,7,"2015-2020"
516,7,"2020-2025"
516,7,"2025-2030"
516,7,"2030-2035"
516,7,"2035-2040"
516,7,"2040-2045"
516,7,"2045-2050"
516,7,"2050-2055"
516,7,"2055-2060"
516,7,"2060-2065"
516,7,"2065-2070"
516,7,"2070-2075"
516,7,"2075-2080"
516,7,"2080-2085"
516,7,"2085-2090"
516,7,"2090-2095"
516,7,"2095-2100"
516,8,"2015-2020"
516,8,"2020-2025"
516,8,"2025-2030"
516,8,"2030-2035"
516,8,"2035-2040"
516,8,"2040-2045"
516,8,"2045-2050"
516,8,"2050-2055"
516,8,"2055-2060"
516,8,"2060-2065"
516,8,"2065-2070"
516,8,"2070-2075"
516,8,"2075-2080"
516,8,"2080-2085"
516,8,"2085-2090"
516,8,"2090-2095"
516,8,"2095-2100"
516,9,"2015-2020"
516,9,"2020-2025"
516,9,"2025-2030"
516,9,"2030-2035"
516,9,"2035-2040"
516,9,"2040-2045"
516,9,"2045-2050"
516,9,"2050-2055"
516,9,"2055-2060"
516,9,"2060-2065"
516,9,"2065-2070"
516,9,"2070-2075"
516,9,"2075-2080"
516,9,"2080-2085"
516,9,"2085-2090"
516,9,"2090-2095"
516,9,"2095-2100"
516,202,"2015-2020"
516,202,"2020-2025"
516,202,"2025-2030"
516,202,"2030-2035"
516,202,"2035-2040"
516,202,"2040-2045"
516,202,"2045-2050"
516,202,"2050-2055"
516,202,"2055-2060"
516,202,"2060-2065"
516,202,"2065-2070"
516,202,"2070-2075"
516,202,"2075-2080"
516,202,"2080-2085"
516,202,"2085-2090"
516,202,"2090-2095"
516,202,"2095-2100"
520,3,"2015-2020"
520,3,"2020-2025"
520,3,"2025-2030"
520,3,"2030-2035"
520,3,"2035-2040"
520,3,"2040-2045"
520,3,"2045-2050"
520,3,"2050-2055"
520,3,"2055-2060"
520,3,"2060-2065"
520,3,"2065-2070"
520,3,"2070-2075"
520,3,"2075-2080"
520,3,"2080-2085"
520,3,"2085-2090"
520,3,"2090-2095"
520,3,"2095-2100"
520,4,"2015-2020"
520,4,"2020-2025"
520,4,"2025-2030"
520,4,"2030-2035"
520,4,"2035-2040"
520,4,"2040-2045"
520,4,"2045-2050"
520,4,"2050-2055"
520,4,"2055-2060"
520,4,"2060-2065"
520,4,"2065-2070"
520,4,"2070-2075"
520,4,"2075-2080"
520,4,"2080-2085"
520,4,"2085-2090"
520,4,"2090-2095"
520,4,"2095-2100"
520,5,"2015-2020"
520,5,"2020-2025"
520,5,"2025-2030"
520,5,"2030-2035"
520,5,"2035-2040"
520,5,"2040-2045"
520,5,"2045-2050"
520,5,"2050-2055"
520,5,"2055-2060"
520,5,"2060-2065"
520,5,"2065-2070"
520,5,"2070-2075"
520,5,"2075-2080"
520,5,"2080-2085"
520,5,"2085-2090"
520,5,"2090-2095"
520,5,"2095-2100"
520,6,"2015-2020"
520,6,"2020-2025"
520,6,"2025-2030"
520,6,"2030-2035"
520,6,"2035-2040"
520,6,"2040-2045"
520,6,"2045-2050"
520,6,"2050-2055"
520,6,"2055-2060"
520,6,"2060-2065"
520,6,"2065-2070"
520,6,"2070-2075"
520,6,"2075-2080"
520,6,"2080-2085"
520,6,"2085-2090"
520,6,"2090-2095"
520,6,"2095-2100"
520,7,"2015-2020"
520,7,"2020-2025"
520,7,"2025-2030"
520,7,"2030-2035"
520,7,"2035-2040"
520,7,"2040-2045"
520,7,"2045-2050"
520,7,"2050-2055"
520,7,"2055-2060"
520,7,"2060-2065"
520,7,"2065-2070"
520,7,"2070-2075"
520,7,"2075-2080"
520,7,"2080-2085"
520,7,"2085-2090"
520,7,"2090-2095"
520,7,"2095-2100"
520,8,"2015-2020"
520,8,"2020-2025"
520,8,"2025-2030"
520,8,"2030-2035"
520,8,"2035-2040"
520,8,"2040-2045"
520,8,"2045-2050"
520,8,"2050-2055"
520,8,"2055-2060"
520,8,"2060-2065"
520,8,"2065-2070"
520,8,"2070-2075"
520,8,"2075-2080"
520,8,"2080-2085"
520,8,"2085-2090"
520,8,"2090-2095"
520,8,"2095-2100"
520,9,"2015-2020"
520,9,"2020-2025"
520,9,"2025-2030"
520,9,"2030-2035"
520,9,"2035-2040"
520,9,"2040-2045"
520,9,"2045-2050"
520,9,"2050-2055"
520,9,"2055-2060"
520,9,"2060-2065"
520,9,"2065-2070"
520,9,"2070-2075"
520,9,"2075-2080"
520,9,"2080-2085"
520,9,"2085-2090"
520,9,"2090-2095"
520,9,"2095-2100"
524,3,"2015-2020"
524,3,"2020-2025"
524,3,"2025-2030"
524,3,"2030-2035"
524,3,"2035-2040"
524,3,"2040-2045"
524,3,"2045-2050"
524,3,"2050-2055"
524,3,"2055-2060"
524,3,"2060-2065"
524,3,"2065-2070"
524,3,"2070-2075"
524,3,"2075-2080"
524,3,"2080-2085"
524,3,"2085-2090"
524,3,"2090-2095"
524,3,"2095-2100"
524,4,"2015-2020"
524,4,"2020-2025"
524,4,"2025-2030"
524,4,"2030-2035"
524,4,"2035-2040"
524,4,"2040-2045"
524,4,"2045-2050"
524,4,"2050-2055"
524,4,"2055-2060"
524,4,"2060-2065"
524,4,"2065-2070"
524,4,"2070-2075"
524,4,"2075-2080"
524,4,"2080-2085"
524,4,"2085-2090"
524,4,"2090-2095"
524,4,"2095-2100"
524,5,"2015-2020"
524,5,"2020-2025"
524,5,"2025-2030"
524,5,"2030-2035"
524,5,"2035-2040"
524,5,"2040-2045"
524,5,"2045-2050"
524,5,"2050-2055"
524,5,"2055-2060"
524,5,"2060-2065"
524,5,"2065-2070"
524,5,"2070-2075"
524,5,"2075-2080"
524,5,"2080-2085"
524,5,"2085-2090"
524,5,"2090-2095"
524,5,"2095-2100"
524,6,"2015-2020"
524,6,"2020-2025"
524,6,"2025-2030"
524,6,"2030-2035"
524,6,"2035-2040"
524,6,"2040-2045"
524,6,"2045-2050"
524,6,"2050-2055"
524,6,"2055-2060"
524,6,"2060-2065"
524,6,"2065-2070"
524,6,"2070-2075"
524,6,"2075-2080"
524,6,"2080-2085"
524,6,"2085-2090"
524,6,"2090-2095"
524,6,"2095-2100"
524,7,"2015-2020"
524,7,"2020-2025"
524,7,"2025-2030"
524,7,"2030-2035"
524,7,"2035-2040"
524,7,"2040-2045"
524,7,"2045-2050"
524,7,"2050-2055"
524,7,"2055-2060"
524,7,"2060-2065"
524,7,"2065-2070"
524,7,"2070-2075"
524,7,"2075-2080"
524,7,"2080-2085"
524,7,"2085-2090"
524,7,"2090-2095"
524,7,"2095-2100"
524,8,"2015-2020"
524,8,"2020-2025"
524,8,"2025-2030"
524,8,"2030-2035"
524,8,"2035-2040"
524,8,"2040-2045"
524,8,"2045-2050"
524,8,"2050-2055"
524,8,"2055-2060"
524,8,"2060-2065"
524,8,"2065-2070"
524,8,"2070-2075"
524,8,"2075-2080"
524,8,"2080-2085"
524,8,"2085-2090"
524,8,"2090-2095"
524,8,"2095-2100"
524,9,"2015-2020"
524,9,"2020-2025"
524,9,"2025-2030"
524,9,"2030-2035"
524,9,"2035-2040"
524,9,"2040-2045"
524,9,"2045-2050"
524,9,"2050-2055"
524,9,"2055-2060"
524,9,"2060-2065"
524,9,"2065-2070"
524,9,"2070-2075"
524,9,"2075-2080"
524,9,"2080-2085"
524,9,"2085-2090"
524,9,"2090-2095"
524,9,"2095-2100"
524,202,"2015-2020"
524,202,"2020-2025"
524,202,"2025-2030"
524,202,"2030-2035"
524,202,"2035-2040"
524,202,"2040-2045"
524,202,"2045-2050"
524,202,"2050-2055"
524,202,"2055-2060"
524,202,"2060-2065"
524,202,"2065-2070"
524,202,"2070-2075"
524,202,"2075-2080"
524,202,"2080-2085"
524,202,"2085-2090"
524,202,"2090-2095"
524,202,"2095-2100"
528,3,"2015-2020"
528,3,"2020-2025"
528,3,"2025-2030"
528,3,"2030-2035"
528,3,"2035-2040"
528,3,"2040-2045"
528,3,"2045-2050"
528,3,"2050-2055"
528,3,"2055-2060"
528,3,"2060-2065"
528,3,"2065-2070"
528,3,"2070-2075"
528,3,"2075-2080"
528,3,"2080-2085"
528,3,"2085-2090"
528,3,"2090-2095"
528,3,"2095-2100"
528,4,"2015-2020"
528,4,"2020-2025"
528,4,"2025-2030"
528,4,"2030-2035"
528,4,"2035-2040"
528,4,"2040-2045"
528,4,"2045-2050"
528,4,"2050-2055"
528,4,"2055-2060"
528,4,"2060-2065"
528,4,"2065-2070"
528,4,"2070-2075"
528,4,"2075-2080"
528,4,"2080-2085"
528,4,"2085-2090"
528,4,"2090-2095"
528,4,"2095-2100"
528,5,"2015-2020"
528,5,"2020-2025"
528,5,"2025-2030"
528,5,"2030-2035"
528,5,"2035-2040"
528,5,"2040-2045"
528,5,"2045-2050"
528,5,"2050-2055"
528,5,"2055-2060"
528,5,"2060-2065"
528,5,"2065-2070"
528,5,"2070-2075"
528,5,"2075-2080"
528,5,"2080-2085"
528,5,"2085-2090"
528,5,"2090-2095"
528,5,"2095-2100"
528,6,"2015-2020"
528,6,"2020-2025"
528,6,"2025-2030"
528,6,"2030-2035"
528,6,"2035-2040"
528,6,"2040-2045"
528,6,"2045-2050"
528,6,"2050-2055"
528,6,"2055-2060"
528,6,"2060-2065"
528,6,"2065-2070"
528,6,"2070-2075"
528,6,"2075-2080"
528,6,"2080-2085"
528,6,"2085-2090"
528,6,"2090-2095"
528,6,"2095-2100"
528,7,"2015-2020"
528,7,"2020-2025"
528,7,"2025-2030"
528,7,"2030-2035"
528,7,"2035-2040"
528,7,"2040-2045"
528,7,"2045-2050"
528,7,"2050-2055"
528,7,"2055-2060"
528,7,"2060-2065"
528,7,"2065-2070"
528,7,"2070-2075"
528,7,"2075-2080"
528,7,"2080-2085"
528,7,"2085-2090"
528,7,"2090-2095"
528,7,"2095-2100"
528,8,"2015-2020"
528,8,"2020-2025"
528,8,"2025-2030"
528,8,"2030-2035"
528,8,"2035-2040"
528,8,"2040-2045"
528,8,"2045-2050"
528,8,"2050-2055"
528,8,"2055-2060"
528,8,"2060-2065"
528,8,"2065-2070"
528,8,"2070-2075"
528,8,"2075-2080"
528,8,"2080-2085"
528,8,"2085-2090"
528,8,"2090-2095"
528,8,"2095-2100"
528,9,"2015-2020"
528,9,"2020-2025"
528,9,"2025-2030"
528,9,"2030-2035"
528,9,"2035-2040"
528,9,"2040-2045"
528,9,"2045-2050"
528,9,"2050-2055"
528,9,"2055-2060"
528,9,"2060-2065"
528,9,"2065-2070"
528,9,"2070-2075"
528,9,"2075-2080"
528,9,"2080-2085"
528,9,"2085-2090"
528,9,"2090-2095"
528,9,"2095-2100"
528,202,"2015-2020"
528,202,"2020-2025"
528,202,"2025-2030"
528,202,"2030-2035"
528,202,"2035-2040"
528,202,"2040-2045"
528,202,"2045-2050"
528,202,"2050-2055"
528,202,"2055-2060"
528,202,"2060-2065"
528,202,"2065-2070"
528,202,"2070-2075"
528,202,"2075-2080"
528,202,"2080-2085"
528,202,"2085-2090"
528,202,"2090-2095"
528,202,"2095-2100"
540,3,"2015-2020"
540,3,"2020-2025"
540,3,"2025-2030"
540,3,"2030-2035"
540,3,"2035-2040"
540,3,"2040-2045"
540,3,"2045-2050"
540,3,"2050-2055"
540,3,"2055-2060"
540,3,"2060-2065"
540,3,"2065-2070"
540,3,"2070-2075"
540,3,"2075-2080"
540,3,"2080-2085"
540,3,"2085-2090"
540,3,"2090-2095"
540,3,"2095-2100"
540,4,"2015-2020"
540,4,"2020-2025"
540,4,"2025-2030"
540,4,"2030-2035"
540,4,"2035-2040"
540,4,"2040-2045"
540,4,"2045-2050"
540,4,"2050-2055"
540,4,"2055-2060"
540,4,"2060-2065"
540,4,"2065-2070"
540,4,"2070-2075"
540,4,"2075-2080"
540,4,"2080-2085"
540,4,"2085-2090"
540,4,"2090-2095"
540,4,"2095-2100"
540,5,"2015-2020"
540,5,"2020-2025"
540,5,"2025-2030"
540,5,"2030-2035"
540,5,"2035-2040"
540,5,"2040-2045"
540,5,"2045-2050"
540,5,"2050-2055"
540,5,"2055-2060"
540,5,"2060-2065"
540,5,"2065-2070"
540,5,"2070-2075"
540,5,"2075-2080"
540,5,"2080-2085"
540,5,"2085-2090"
540,5,"2090-2095"
540,5,"2095-2100"
540,6,"2015-2020"
540,6,"2020-2025"
540,6,"2025-2030"
540,6,"2030-2035"
540,6,"2035-2040"
540,6,"2040-2045"
540,6,"2045-2050"
540,6,"2050-2055"
540,6,"2055-2060"
540,6,"2060-2065"
540,6,"2065-2070"
540,6,"2070-2075"
540,6,"2075-2080"
540,6,"2080-2085"
540,6,"2085-2090"
540,6,"2090-2095"
540,6,"2095-2100"
540,7,"2015-2020"
540,7,"2020-2025"
540,7,"2025-2030"
540,7,"2030-2035"
540,7,"2035-2040"
540,7,"2040-2045"
540,7,"2045-2050"
540,7,"2050-2055"
540,7,"2055-2060"
540,7,"2060-2065"
540,7,"2065-2070"
540,7,"2070-2075"
540,7,"2075-2080"
540,7,"2080-2085"
540,7,"2085-2090"
540,7,"2090-2095"
540,7,"2095-2100"
540,8,"2015-2020"
540,8,"2020-2025"
540,8,"2025-2030"
540,8,"2030-2035"
540,8,"2035-2040"
540,8,"2040-2045"
540,8,"2045-2050"
540,8,"2050-2055"
540,8,"2055-2060"
540,8,"2060-2065"
540,8,"2065-2070"
540,8,"2070-2075"
540,8,"2075-2080"
540,8,"2080-2085"
540,8,"2085-2090"
540,8,"2090-2095"
540,8,"2095-2100"
540,9,"2015-2020"
540,9,"2020-2025"
540,9,"2025-2030"
540,9,"2030-2035"
540,9,"2035-2040"
540,9,"2040-2045"
540,9,"2045-2050"
540,9,"2050-2055"
540,9,"2055-2060"
540,9,"2060-2065"
540,9,"2065-2070"
540,9,"2070-2075"
540,9,"2075-2080"
540,9,"2080-2085"
540,9,"2085-2090"
540,9,"2090-2095"
540,9,"2095-2100"
540,202,"2015-2020"
540,202,"2020-2025"
540,202,"2025-2030"
540,202,"2030-2035"
540,202,"2035-2040"
540,202,"2040-2045"
540,202,"2045-2050"
540,202,"2050-2055"
540,202,"2055-2060"
540,202,"2060-2065"
540,202,"2065-2070"
540,202,"2070-2075"
540,202,"2075-2080"
540,202,"2080-2085"
540,202,"2085-2090"
540,202,"2090-2095"
540,202,"2095-2100"
554,3,"2015-2020"
554,3,"2020-2025"
554,3,"2025-2030"
554,3,"2030-2035"
554,3,"2035-2040"
554,3,"2040-2045"
554,3,"2045-2050"
554,3,"2050-2055"
554,3,"2055-2060"
554,3,"2060-2065"
554,3,"2065-2070"
554,3,"2070-2075"
554,3,"2075-2080"
554,3,"2080-2085"
554,3,"2085-2090"
554,3,"2090-2095"
554,3,"2095-2100"
554,4,"2015-2020"
554,4,"2020-2025"
554,4,"2025-2030"
554,4,"2030-2035"
554,4,"2035-2040"
554,4,"2040-2045"
554,4,"2045-2050"
554,4,"2050-2055"
554,4,"2055-2060"
554,4,"2060-2065"
554,4,"2065-2070"
554,4,"2070-2075"
554,4,"2075-2080"
554,4,"2080-2085"
554,4,"2085-2090"
554,4,"2090-2095"
554,4,"2095-2100"
554,5,"2015-2020"
554,5,"2020-2025"
554,5,"2025-2030"
554,5,"2030-2035"
554,5,"2035-2040"
554,5,"2040-2045"
554,5,"2045-2050"
554,5,"2050-2055"
554,5,"2055-2060"
554,5,"2060-2065"
554,5,"2065-2070"
554,5,"2070-2075"
554,5,"2075-2080"
554,5,"2080-2085"
554,5,"2085-2090"
554,5,"2090-2095"
554,5,"2095-2100"
554,6,"2015-2020"
554,6,"2020-2025"
554,6,"2025-2030"
554,6,"2030-2035"
554,6,"2035-2040"
554,6,"2040-2045"
554,6,"2045-2050"
554,6,"2050-2055"
554,6,"2055-2060"
554,6,"2060-2065"
554,6,"2065-2070"
554,6,"2070-2075"
554,6,"2075-2080"
554,6,"2080-2085"
554,6,"2085-2090"
554,6,"2090-2095"
554,6,"2095-2100"
554,7,"2015-2020"
554,7,"2020-2025"
554,7,"2025-2030"
554,7,"2030-2035"
554,7,"2035-2040"
554,7,"2040-2045"
554,7,"2045-2050"
554,7,"2050-2055"
554,7,"2055-2060"
554,7,"2060-2065"
554,7,"2065-2070"
554,7,"2070-2075"
554,7,"2075-2080"
554,7,"2080-2085"
554,7,"2085-2090"
554,7,"2090-2095"
554,7,"2095-2100"
554,8,"2015-2020"
554,8,"2020-2025"
554,8,"2025-2030"
554,8,"2030-2035"
554,8,"2035-2040"
554,8,"2040-2045"
554,8,"2045-2050"
554,8,"2050-2055"
554,8,"2055-2060"
554,8,"2060-2065"
554,8,"2065-2070"
554,8,"2070-2075"
554,8,"2075-2080"
554,8,"2080-2085"
554,8,"2085-2090"
554,8,"2090-2095"
554,8,"2095-2100"
554,9,"2015-2020"
554,9,"2020-2025"
554,9,"2025-2030"
554,9,"2030-2035"
554,9,"2035-2040"
554,9,"2040-2045"
554,9,"2045-2050"
554,9,"2050-2055"
554,9,"2055-2060"
554,9,"2060-2065"
554,9,"2065-2070"
554,9,"2070-2075"
554,9,"2075-2080"
554,9,"2080-2085"
554,9,"2085-2090"
554,9,"2090-2095"
554,9,"2095-2100"
554,202,"2015-2020"
554,202,"2020-2025"
554,202,"2025-2030"
554,202,"2030-2035"
554,202,"2035-2040"
554,202,"2040-2045"
554,202,"2045-2050"
554,202,"2050-2055"
554,202,"2055-2060"
554,202,"2060-2065"
554,202,"2065-2070"
554,202,"2070-2075"
554,202,"2075-2080"
554,202,"2080-2085"
554,202,"2085-2090"
554,202,"2090-2095"
554,202,"2095-2100"
558,3,"2015-2020"
558,3,"2020-2025"
558,3,"2025-2030"
558,3,"2030-2035"
558,3,"2035-2040"
558,3,"2040-2045"
558,3,"2045-2050"
558,3,"2050-2055"
558,3,"2055-2060"
558,3,"2060-2065"
558,3,"2065-2070"
558,3,"2070-2075"
558,3,"2075-2080"
558,3,"2080-2085"
558,3,"2085-2090"
558,3,"2090-2095"
558,3,"2095-2100"
558,4,"2015-2020"
558,4,"2020-2025"
558,4,"2025-2030"
558,4,"2030-2035"
558,4,"2035-2040"
558,4,"2040-2045"
558,4,"2045-2050"
558,4,"2050-2055"
558,4,"2055-2060"
558,4,"2060-2065"
558,4,"2065-2070"
558,4,"2070-2075"
558,4,"2075-2080"
558,4,"2080-2085"
558,4,"2085-2090"
558,4,"2090-2095"
558,4,"2095-2100"
558,5,"2015-2020"
558,5,"2020-2025"
558,5,"2025-2030"
558,5,"2030-2035"
558,5,"2035-2040"
558,5,"2040-2045"
558,5,"2045-2050"
558,5,"2050-2055"
558,5,"2055-2060"
558,5,"2060-2065"
558,5,"2065-2070"
558,5,"2070-2075"
558,5,"2075-2080"
558,5,"2080-2085"
558,5,"2085-2090"
558,5,"2090-2095"
558,5,"2095-2100"
558,6,"2015-2020"
558,6,"2020-2025"
558,6,"2025-2030"
558,6,"2030-2035"
558,6,"2035-2040"
558,6,"2040-2045"
558,6,"2045-2050"
558,6,"2050-2055"
558,6,"2055-2060"
558,6,"2060-2065"
558,6,"2065-2070"
558,6,"2070-2075"
558,6,"2075-2080"
558,6,"2080-2085"
558,6,"2085-2090"
558,6,"2090-2095"
558,6,"2095-2100"
558,7,"2015-2020"
558,7,"2020-2025"
558,7,"2025-2030"
558,7,"2030-2035"
558,7,"2035-2040"
558,7,"2040-2045"
558,7,"2045-2050"
558,7,"2050-2055"
558,7,"2055-2060"
558,7,"2060-2065"
558,7,"2065-2070"
558,7,"2070-2075"
558,7,"2075-2080"
558,7,"2080-2085"
558,7,"2085-2090"
558,7,"2090-2095"
558,7,"2095-2100"
558,8,"2015-2020"
558,8,"2020-2025"
558,8,"2025-2030"
558,8,"2030-2035"
558,8,"2035-2040"
558,8,"2040-2045"
558,8,"2045-2050"
558,8,"2050-2055"
558,8,"2055-2060"
558,8,"2060-2065"
558,8,"2065-2070"
558,8,"2070-2075"
558,8,"2075-2080"
558,8,"2080-2085"
558,8,"2085-2090"
558,8,"2090-2095"
558,8,"2095-2100"
558,9,"2015-2020"
558,9,"2020-2025"
558,9,"2025-2030"
558,9,"2030-2035"
558,9,"2035-2040"
558,9,"2040-2045"
558,9,"2045-2050"
558,9,"2050-2055"
558,9,"2055-2060"
558,9,"2060-2065"
558,9,"2065-2070"
558,9,"2070-2075"
558,9,"2075-2080"
558,9,"2080-2085"
558,9,"2085-2090"
558,9,"2090-2095"
558,9,"2095-2100"
558,202,"2015-2020"
558,202,"2020-2025"
558,202,"2025-2030"
558,202,"2030-2035"
558,202,"2035-2040"
558,202,"2040-2045"
558,202,"2045-2050"
558,202,"2050-2055"
558,202,"2055-2060"
558,202,"2060-2065"
558,202,"2065-2070"
558,202,"2070-2075"
558,202,"2075-2080"
558,202,"2080-2085"
558,202,"2085-2090"
558,202,"2090-2095"
558,202,"2095-2100"
562,3,"2015-2020"
562,3,"2020-2025"
562,3,"2025-2030"
562,3,"2030-2035"
562,3,"2035-2040"
562,3,"2040-2045"
562,3,"2045-2050"
562,3,"2050-2055"
562,3,"2055-2060"
562,3,"2060-2065"
562,3,"2065-2070"
562,3,"2070-2075"
562,3,"2075-2080"
562,3,"2080-2085"
562,3,"2085-2090"
562,3,"2090-2095"
562,3,"2095-2100"
562,4,"2015-2020"
562,4,"2020-2025"
562,4,"2025-2030"
562,4,"2030-2035"
562,4,"2035-2040"
562,4,"2040-2045"
562,4,"2045-2050"
562,4,"2050-2055"
562,4,"2055-2060"
562,4,"2060-2065"
562,4,"2065-2070"
562,4,"2070-2075"
562,4,"2075-2080"
562,4,"2080-2085"
562,4,"2085-2090"
562,4,"2090-2095"
562,4,"2095-2100"
562,5,"2015-2020"
562,5,"2020-2025"
562,5,"2025-2030"
562,5,"2030-2035"
562,5,"2035-2040"
562,5,"2040-2045"
562,5,"2045-2050"
562,5,"2050-2055"
562,5,"2055-2060"
562,5,"2060-2065"
562,5,"2065-2070"
562,5,"2070-2075"
562,5,"2075-2080"
562,5,"2080-2085"
562,5,"2085-2090"
562,5,"2090-2095"
562,5,"2095-2100"
562,6,"2015-2020"
562,6,"2020-2025"
562,6,"2025-2030"
562,6,"2030-2035"
562,6,"2035-2040"
562,6,"2040-2045"
562,6,"2045-2050"
562,6,"2050-2055"
562,6,"2055-2060"
562,6,"2060-2065"
562,6,"2065-2070"
562,6,"2070-2075"
562,6,"2075-2080"
562,6,"2080-2085"
562,6,"2085-2090"
562,6,"2090-2095"
562,6,"2095-2100"
562,7,"2015-2020"
562,7,"2020-2025"
562,7,"2025-2030"
562,7,"2030-2035"
562,7,"2035-2040"
562,7,"2040-2045"
562,7,"2045-2050"
562,7,"2050-2055"
562,7,"2055-2060"
562,7,"2060-2065"
562,7,"2065-2070"
562,7,"2070-2075"
562,7,"2075-2080"
562,7,"2080-2085"
562,7,"2085-2090"
562,7,"2090-2095"
562,7,"2095-2100"
562,8,"2015-2020"
562,8,"2020-2025"
562,8,"2025-2030"
562,8,"2030-2035"
562,8,"2035-2040"
562,8,"2040-2045"
562,8,"2045-2050"
562,8,"2050-2055"
562,8,"2055-2060"
562,8,"2060-2065"
562,8,"2065-2070"
562,8,"2070-2075"
562,8,"2075-2080"
562,8,"2080-2085"
562,8,"2085-2090"
562,8,"2090-2095"
562,8,"2095-2100"
562,9,"2015-2020"
562,9,"2020-2025"
562,9,"2025-2030"
562,9,"2030-2035"
562,9,"2035-2040"
562,9,"2040-2045"
562,9,"2045-2050"
562,9,"2050-2055"
562,9,"2055-2060"
562,9,"2060-2065"
562,9,"2065-2070"
562,9,"2070-2075"
562,9,"2075-2080"
562,9,"2080-2085"
562,9,"2085-2090"
562,9,"2090-2095"
562,9,"2095-2100"
562,202,"2015-2020"
562,202,"2020-2025"
562,202,"2025-2030"
562,202,"2030-2035"
562,202,"2035-2040"
562,202,"2040-2045"
562,202,"2045-2050"
562,202,"2050-2055"
562,202,"2055-2060"
562,202,"2060-2065"
562,202,"2065-2070"
562,202,"2070-2075"
562,202,"2075-2080"
562,202,"2080-2085"
562,202,"2085-2090"
562,202,"2090-2095"
562,202,"2095-2100"
566,3,"2015-2020"
566,3,"2020-2025"
566,3,"2025-2030"
566,3,"2030-2035"
566,3,"2035-2040"
566,3,"2040-2045"
566,3,"2045-2050"
566,3,"2050-2055"
566,3,"2055-2060"
566,3,"2060-2065"
566,3,"2065-2070"
566,3,"2070-2075"
566,3,"2075-2080"
566,3,"2080-2085"
566,3,"2085-2090"
566,3,"2090-2095"
566,3,"2095-2100"
566,4,"2015-2020"
566,4,"2020-2025"
566,4,"2025-2030"
566,4,"2030-2035"
566,4,"2035-2040"
566,4,"2040-2045"
566,4,"2045-2050"
566,4,"2050-2055"
566,4,"2055-2060"
566,4,"2060-2065"
566,4,"2065-2070"
566,4,"2070-2075"
566,4,"2075-2080"
566,4,"2080-2085"
566,4,"2085-2090"
566,4,"2090-2095"
566,4,"2095-2100"
566,5,"2015-2020"
566,5,"2020-2025"
566,5,"2025-2030"
566,5,"2030-2035"
566,5,"2035-2040"
566,5,"2040-2045"
566,5,"2045-2050"
566,5,"2050-2055"
566,5,"2055-2060"
566,5,"2060-2065"
566,5,"2065-2070"
566,5,"2070-2075"
566,5,"2075-2080"
566,5,"2080-2085"
566,5,"2085-2090"
566,5,"2090-2095"
566,5,"2095-2100"
566,6,"2015-2020"
566,6,"2020-2025"
566,6,"2025-2030"
566,6,"2030-2035"
566,6,"2035-2040"
566,6,"2040-2045"
566,6,"2045-2050"
566,6,"2050-2055"
566,6,"2055-2060"
566,6,"2060-2065"
566,6,"2065-2070"
566,6,"2070-2075"
566,6,"2075-2080"
566,6,"2080-2085"
566,6,"2085-2090"
566,6,"2090-2095"
566,6,"2095-2100"
566,7,"2015-2020"
566,7,"2020-2025"
566,7,"2025-2030"
566,7,"2030-2035"
566,7,"2035-2040"
566,7,"2040-2045"
566,7,"2045-2050"
566,7,"2050-2055"
566,7,"2055-2060"
566,7,"2060-2065"
566,7,"2065-2070"
566,7,"2070-2075"
566,7,"2075-2080"
566,7,"2080-2085"
566,7,"2085-2090"
566,7,"2090-2095"
566,7,"2095-2100"
566,8,"2015-2020"
566,8,"2020-2025"
566,8,"2025-2030"
566,8,"2030-2035"
566,8,"2035-2040"
566,8,"2040-2045"
566,8,"2045-2050"
566,8,"2050-2055"
566,8,"2055-2060"
566,8,"2060-2065"
566,8,"2065-2070"
566,8,"2070-2075"
566,8,"2075-2080"
566,8,"2080-2085"
566,8,"2085-2090"
566,8,"2090-2095"
566,8,"2095-2100"
566,9,"2015-2020"
566,9,"2020-2025"
566,9,"2025-2030"
566,9,"2030-2035"
566,9,"2035-2040"
566,9,"2040-2045"
566,9,"2045-2050"
566,9,"2050-2055"
566,9,"2055-2060"
566,9,"2060-2065"
566,9,"2065-2070"
566,9,"2070-2075"
566,9,"2075-2080"
566,9,"2080-2085"
566,9,"2085-2090"
566,9,"2090-2095"
566,9,"2095-2100"
566,202,"2015-2020"
566,202,"2020-2025"
566,202,"2025-2030"
566,202,"2030-2035"
566,202,"2035-2040"
566,202,"2040-2045"
566,202,"2045-2050"
566,202,"2050-2055"
566,202,"2055-2060"
566,202,"2060-2065"
566,202,"2065-2070"
566,202,"2070-2075"
566,202,"2075-2080"
566,202,"2080-2085"
566,202,"2085-2090"
566,202,"2090-2095"
566,202,"2095-2100"
570,3,"2015-2020"
570,3,"2020-2025"
570,3,"2025-2030"
570,3,"2030-2035"
570,3,"2035-2040"
570,3,"2040-2045"
570,3,"2045-2050"
570,3,"2050-2055"
570,3,"2055-2060"
570,3,"2060-2065"
570,3,"2065-2070"
570,3,"2070-2075"
570,3,"2075-2080"
570,3,"2080-2085"
570,3,"2085-2090"
570,3,"2090-2095"
570,3,"2095-2100"
570,4,"2015-2020"
570,4,"2020-2025"
570,4,"2025-2030"
570,4,"2030-2035"
570,4,"2035-2040"
570,4,"2040-2045"
570,4,"2045-2050"
570,4,"2050-2055"
570,4,"2055-2060"
570,4,"2060-2065"
570,4,"2065-2070"
570,4,"2070-2075"
570,4,"2075-2080"
570,4,"2080-2085"
570,4,"2085-2090"
570,4,"2090-2095"
570,4,"2095-2100"
570,5,"2015-2020"
570,5,"2020-2025"
570,5,"2025-2030"
570,5,"2030-2035"
570,5,"2035-2040"
570,5,"2040-2045"
570,5,"2045-2050"
570,5,"2050-2055"
570,5,"2055-2060"
570,5,"2060-2065"
570,5,"2065-2070"
570,5,"2070-2075"
570,5,"2075-2080"
570,5,"2080-2085"
570,5,"2085-2090"
570,5,"2090-2095"
570,5,"2095-2100"
570,6,"2015-2020"
570,6,"2020-2025"
570,6,"2025-2030"
570,6,"2030-2035"
570,6,"2035-2040"
570,6,"2040-2045"
570,6,"2045-2050"
570,6,"2050-2055"
570,6,"2055-2060"
570,6,"2060-2065"
570,6,"2065-2070"
570,6,"2070-2075"
570,6,"2075-2080"
570,6,"2080-2085"
570,6,"2085-2090"
570,6,"2090-2095"
570,6,"2095-2100"
570,7,"2015-2020"
570,7,"2020-2025"
570,7,"2025-2030"
570,7,"2030-2035"
570,7,"2035-2040"
570,7,"2040-2045"
570,7,"2045-2050"
570,7,"2050-2055"
570,7,"2055-2060"
570,7,"2060-2065"
570,7,"2065-2070"
570,7,"2070-2075"
570,7,"2075-2080"
570,7,"2080-2085"
570,7,"2085-2090"
570,7,"2090-2095"
570,7,"2095-2100"
570,8,"2015-2020"
570,8,"2020-2025"
570,8,"2025-2030"
570,8,"2030-2035"
570,8,"2035-2040"
570,8,"2040-2045"
570,8,"2045-2050"
570,8,"2050-2055"
570,8,"2055-2060"
570,8,"2060-2065"
570,8,"2065-2070"
570,8,"2070-2075"
570,8,"2075-2080"
570,8,"2080-2085"
570,8,"2085-2090"
570,8,"2090-2095"
570,8,"2095-2100"
570,9,"2015-2020"
570,9,"2020-2025"
570,9,"2025-2030"
570,9,"2030-2035"
570,9,"2035-2040"
570,9,"2040-2045"
570,9,"2045-2050"
570,9,"2050-2055"
570,9,"2055-2060"
570,9,"2060-2065"
570,9,"2065-2070"
570,9,"2070-2075"
570,9,"2075-2080"
570,9,"2080-2085"
570,9,"2085-2090"
570,9,"2090-2095"
570,9,"2095-2100"
807,3,"2015-2020"
807,3,"2020-2025"
807,3,"2025-2030"
807,3,"2030-2035"
807,3,"2035-2040"
807,3,"2040-2045"
807,3,"2045-2050"
807,3,"2050-2055"
807,3,"2055-2060"
807,3,"2060-2065"
807,3,"2065-2070"
807,3,"2070-2075"
807,3,"2075-2080"
807,3,"2080-2085"
807,3,"2085-2090"
807,3,"2090-2095"
807,3,"2095-2100"
807,4,"2015-2020"
807,4,"2020-2025"
807,4,"2025-2030"
807,4,"2030-2035"
807,4,"2035-2040"
807,4,"2040-2045"
807,4,"2045-2050"
807,4,"2050-2055"
807,4,"2055-2060"
807,4,"2060-2065"
807,4,"2065-2070"
807,4,"2070-2075"
807,4,"2075-2080"
807,4,"2080-2085"
807,4,"2085-2090"
807,4,"2090-2095"
807,4,"2095-2100"
807,5,"2015-2020"
807,5,"2020-2025"
807,5,"2025-2030"
807,5,"2030-2035"
807,5,"2035-2040"
807,5,"2040-2045"
807,5,"2045-2050"
807,5,"2050-2055"
807,5,"2055-2060"
807,5,"2060-2065"
807,5,"2065-2070"
807,5,"2070-2075"
807,5,"2075-2080"
807,5,"2080-2085"
807,5,"2085-2090"
807,5,"2090-2095"
807,5,"2095-2100"
807,6,"2015-2020"
807,6,"2020-2025"
807,6,"2025-2030"
807,6,"2030-2035"
807,6,"2035-2040"
807,6,"2040-2045"
807,6,"2045-2050"
807,6,"2050-2055"
807,6,"2055-2060"
807,6,"2060-2065"
807,6,"2065-2070"
807,6,"2070-2075"
807,6,"2075-2080"
807,6,"2080-2085"
807,6,"2085-2090"
807,6,"2090-2095"
807,6,"2095-2100"
807,7,"2015-2020"
807,7,"2020-2025"
807,7,"2025-2030"
807,7,"2030-2035"
807,7,"2035-2040"
807,7,"2040-2045"
807,7,"2045-2050"
807,7,"2050-2055"
807,7,"2055-2060"
807,7,"2060-2065"
807,7,"2065-2070"
807,7,"2070-2075"
807,7,"2075-2080"
807,7,"2080-2085"
807,7,"2085-2090"
807,7,"2090-2095"
807,7,"2095-2100"
807,8,"2015-2020"
807,8,"2020-2025"
807,8,"2025-2030"
807,8,"2030-2035"
807,8,"2035-2040"
807,8,"2040-2045"
807,8,"2045-2050"
807,8,"2050-2055"
807,8,"2055-2060"
807,8,"2060-2065"
807,8,"2065-2070"
807,8,"2070-2075"
807,8,"2075-2080"
807,8,"2080-2085"
807,8,"2085-2090"
807,8,"2090-2095"
807,8,"2095-2100"
807,9,"2015-2020"
807,9,"2020-2025"
807,9,"2025-2030"
807,9,"2030-2035"
807,9,"2035-2040"
807,9,"2040-2045"
807,9,"2045-2050"
807,9,"2050-2055"
807,9,"2055-2060"
807,9,"2060-2065"
807,9,"2065-2070"
807,9,"2070-2075"
807,9,"2075-2080"
807,9,"2080-2085"
807,9,"2085-2090"
807,9,"2090-2095"
807,9,"2095-2100"
807,202,"2015-2020"
807,202,"2020-2025"
807,202,"2025-2030"
807,202,"2030-2035"
807,202,"2035-2040"
807,202,"2040-2045"
807,202,"2045-2050"
807,202,"2050-2055"
807,202,"2055-2060"
807,202,"2060-2065"
807,202,"2065-2070"
807,202,"2070-2075"
807,202,"2075-2080"
807,202,"2080-2085"
807,202,"2085-2090"
807,202,"2090-2095"
807,202,"2095-2100"
912,3,"2015-2020"
912,3,"2020-2025"
912,3,"2025-2030"
912,3,"2030-2035"
912,3,"2035-2040"
912,3,"2040-2045"
912,3,"2045-2050"
912,3,"2050-2055"
912,3,"2055-2060"
912,3,"2060-2065"
912,3,"2065-2070"
912,3,"2070-2075"
912,3,"2075-2080"
912,3,"2080-2085"
912,3,"2085-2090"
912,3,"2090-2095"
912,3,"2095-2100"
912,4,"2015-2020"
912,4,"2020-2025"
912,4,"2025-2030"
912,4,"2030-2035"
912,4,"2035-2040"
912,4,"2040-2045"
912,4,"2045-2050"
912,4,"2050-2055"
912,4,"2055-2060"
912,4,"2060-2065"
912,4,"2065-2070"
912,4,"2070-2075"
912,4,"2075-2080"
912,4,"2080-2085"
912,4,"2085-2090"
912,4,"2090-2095"
912,4,"2095-2100"
912,5,"2015-2020"
912,5,"2020-2025"
912,5,"2025-2030"
912,5,"2030-2035"
912,5,"2035-2040"
912,5,"2040-2045"
912,5,"2045-2050"
912,5,"2050-2055"
912,5,"2055-2060"
912,5,"2060-2065"
912,5,"2065-2070"
912,5,"2070-2075"
912,5,"2075-2080"
912,5,"2080-2085"
912,5,"2085-2090"
912,5,"2090-2095"
912,5,"2095-2100"
912,6,"2015-2020"
912,6,"2020-2025"
912,6,"2025-2030"
912,6,"2030-2035"
912,6,"2035-2040"
912,6,"2040-2045"
912,6,"2045-2050"
912,6,"2050-2055"
912,6,"2055-2060"
912,6,"2060-2065"
912,6,"2065-2070"
912,6,"2070-2075"
912,6,"2075-2080"
912,6,"2080-2085"
912,6,"2085-2090"
912,6,"2090-2095"
912,6,"2095-2100"
912,7,"2015-2020"
912,7,"2020-2025"
912,7,"2025-2030"
912,7,"2030-2035"
912,7,"2035-2040"
912,7,"2040-2045"
912,7,"2045-2050"
912,7,"2050-2055"
912,7,"2055-2060"
912,7,"2060-2065"
912,7,"2065-2070"
912,7,"2070-2075"
912,7,"2075-2080"
912,7,"2080-2085"
912,7,"2085-2090"
912,7,"2090-2095"
912,7,"2095-2100"
912,8,"2015-2020"
912,8,"2020-2025"
912,8,"2025-2030"
912,8,"2030-2035"
912,8,"2035-2040"
912,8,"2040-2045"
912,8,"2045-2050"
912,8,"2050-2055"
912,8,"2055-2060"
912,8,"2060-2065"
912,8,"2065-2070"
912,8,"2070-2075"
912,8,"2075-2080"
912,8,"2080-2085"
912,8,"2085-2090"
912,8,"2090-2095"
912,8,"2095-2100"
912,9,"2015-2020"
912,9,"2020-2025"
912,9,"2025-2030"
912,9,"2030-2035"
912,9,"2035-2040"
912,9,"2040-2045"
912,9,"2045-2050"
912,9,"2050-2055"
912,9,"2055-2060"
912,9,"2060-2065"
912,9,"2065-2070"
912,9,"2070-2075"
912,9,"2075-2080"
912,9,"2080-2085"
912,9,"2085-2090"
912,9,"2090-2095"
912,9,"2095-2100"
905,3,"2015-2020"
905,3,"2020-2025"
905,3,"2025-2030"
905,3,"2030-2035"
905,3,"2035-2040"
905,3,"2040-2045"
905,3,"2045-2050"
905,3,"2050-2055"
905,3,"2055-2060"
905,3,"2060-2065"
905,3,"2065-2070"
905,3,"2070-2075"
905,3,"2075-2080"
905,3,"2080-2085"
905,3,"2085-2090"
905,3,"2090-2095"
905,3,"2095-2100"
905,4,"2015-2020"
905,4,"2020-2025"
905,4,"2025-2030"
905,4,"2030-2035"
905,4,"2035-2040"
905,4,"2040-2045"
905,4,"2045-2050"
905,4,"2050-2055"
905,4,"2055-2060"
905,4,"2060-2065"
905,4,"2065-2070"
905,4,"2070-2075"
905,4,"2075-2080"
905,4,"2080-2085"
905,4,"2085-2090"
905,4,"2090-2095"
905,4,"2095-2100"
905,5,"2015-2020"
905,5,"2020-2025"
905,5,"2025-2030"
905,5,"2030-2035"
905,5,"2035-2040"
905,5,"2040-2045"
905,5,"2045-2050"
905,5,"2050-2055"
905,5,"2055-2060"
905,5,"2060-2065"
905,5,"2065-2070"
905,5,"2070-2075"
905,5,"2075-2080"
905,5,"2080-2085"
905,5,"2085-2090"
905,5,"2090-2095"
905,5,"2095-2100"
905,6,"2015-2020"
905,6,"2020-2025"
905,6,"2025-2030"
905,6,"2030-2035"
905,6,"2035-2040"
905,6,"2040-2045"
905,6,"2045-2050"
905,6,"2050-2055"
905,6,"2055-2060"
905,6,"2060-2065"
905,6,"2065-2070"
905,6,"2070-2075"
905,6,"2075-2080"
905,6,"2080-2085"
905,6,"2085-2090"
905,6,"2090-2095"
905,6,"2095-2100"
905,7,"2015-2020"
905,7,"2020-2025"
905,7,"2025-2030"
905,7,"2030-2035"
905,7,"2035-2040"
905,7,"2040-2045"
905,7,"2045-2050"
905,7,"2050-2055"
905,7,"2055-2060"
905,7,"2060-2065"
905,7,"2065-2070"
905,7,"2070-2075"
905,7,"2075-2080"
905,7,"2080-2085"
905,7,"2085-2090"
905,7,"2090-2095"
905,7,"2095-2100"
905,8,"2015-2020"
905,8,"2020-2025"
905,8,"2025-2030"
905,8,"2030-2035"
905,8,"2035-2040"
905,8,"2040-2045"
905,8,"2045-2050"
905,8,"2050-2055"
905,8,"2055-2060"
905,8,"2060-2065"
905,8,"2065-2070"
905,8,"2070-2075"
905,8,"2075-2080"
905,8,"2080-2085"
905,8,"2085-2090"
905,8,"2090-2095"
905,8,"2095-2100"
905,9,"2015-2020"
905,9,"2020-2025"
905,9,"2025-2030"
905,9,"2030-2035"
905,9,"2035-2040"
905,9,"2040-2045"
905,9,"2045-2050"
905,9,"2050-2055"
905,9,"2055-2060"
905,9,"2060-2065"
905,9,"2065-2070"
905,9,"2070-2075"
905,9,"2075-2080"
905,9,"2080-2085"
905,9,"2085-2090"
905,9,"2090-2095"
905,9,"2095-2100"
924,3,"2015-2020"
924,3,"2020-2025"
924,3,"2025-2030"
924,3,"2030-2035"
924,3,"2035-2040"
924,3,"2040-2045"
924,3,"2045-2050"
924,3,"2050-2055"
924,3,"2055-2060"
924,3,"2060-2065"
924,3,"2065-2070"
924,3,"2070-2075"
924,3,"2075-2080"
924,3,"2080-2085"
924,3,"2085-2090"
924,3,"2090-2095"
924,3,"2095-2100"
924,4,"2015-2020"
924,4,"2020-2025"
924,4,"2025-2030"
924,4,"2030-2035"
924,4,"2035-2040"
924,4,"2040-2045"
924,4,"2045-2050"
924,4,"2050-2055"
924,4,"2055-2060"
924,4,"2060-2065"
924,4,"2065-2070"
924,4,"2070-2075"
924,4,"2075-2080"
924,4,"2080-2085"
924,4,"2085-2090"
924,4,"2090-2095"
924,4,"2095-2100"
924,5,"2015-2020"
924,5,"2020-2025"
924,5,"2025-2030"
924,5,"2030-2035"
924,5,"2035-2040"
924,5,"2040-2045"
924,5,"2045-2050"
924,5,"2050-2055"
924,5,"2055-2060"
924,5,"2060-2065"
924,5,"2065-2070"
924,5,"2070-2075"
924,5,"2075-2080"
924,5,"2080-2085"
924,5,"2085-2090"
924,5,"2090-2095"
924,5,"2095-2100"
924,6,"2015-2020"
924,6,"2020-2025"
924,6,"2025-2030"
924,6,"2030-2035"
924,6,"2035-2040"
924,6,"2040-2045"
924,6,"2045-2050"
924,6,"2050-2055"
924,6,"2055-2060"
924,6,"2060-2065"
924,6,"2065-2070"
924,6,"2070-2075"
924,6,"2075-2080"
924,6,"2080-2085"
924,6,"2085-2090"
924,6,"2090-2095"
924,6,"2095-2100"
924,7,"2015-2020"
924,7,"2020-2025"
924,7,"2025-2030"
924,7,"2030-2035"
924,7,"2035-2040"
924,7,"2040-2045"
924,7,"2045-2050"
924,7,"2050-2055"
924,7,"2055-2060"
924,7,"2060-2065"
924,7,"2065-2070"
924,7,"2070-2075"
924,7,"2075-2080"
924,7,"2080-2085"
924,7,"2085-2090"
924,7,"2090-2095"
924,7,"2095-2100"
924,8,"2015-2020"
924,8,"2020-2025"
924,8,"2025-2030"
924,8,"2030-2035"
924,8,"2035-2040"
924,8,"2040-2045"
924,8,"2045-2050"
924,8,"2050-2055"
924,8,"2055-2060"
924,8,"2060-2065"
924,8,"2065-2070"
924,8,"2070-2075"
924,8,"2075-2080"
924,8,"2080-2085"
924,8,"2085-2090"
924,8,"2090-2095"
924,8,"2095-2100"
924,9,"2015-2020"
924,9,"2020-2025"
924,9,"2025-2030"
924,9,"2030-2035"
924,9,"2035-2040"
924,9,"2040-2045"
924,9,"2045-2050"
924,9,"2050-2055"
924,9,"2055-2060"
924,9,"2060-2065"
924,9,"2065-2070"
924,9,"2070-2075"
924,9,"2075-2080"
924,9,"2080-2085"
924,9,"2085-2090"
924,9,"2090-2095"
924,9,"2095-2100"
580,3,"2015-2020"
580,3,"2020-2025"
580,3,"2025-2030"
580,3,"2030-2035"
580,3,"2035-2040"
580,3,"2040-2045"
580,3,"2045-2050"
580,3,"2050-2055"
580,3,"2055-2060"
580,3,"2060-2065"
580,3,"2065-2070"
580,3,"2070-2075"
580,3,"2075-2080"
580,3,"2080-2085"
580,3,"2085-2090"
580,3,"2090-2095"
580,3,"2095-2100"
580,4,"2015-2020"
580,4,"2020-2025"
580,4,"2025-2030"
580,4,"2030-2035"
580,4,"2035-2040"
580,4,"2040-2045"
580,4,"2045-2050"
580,4,"2050-2055"
580,4,"2055-2060"
580,4,"2060-2065"
580,4,"2065-2070"
580,4,"2070-2075"
580,4,"2075-2080"
580,4,"2080-2085"
580,4,"2085-2090"
580,4,"2090-2095"
580,4,"2095-2100"
580,5,"2015-2020"
580,5,"2020-2025"
580,5,"2025-2030"
580,5,"2030-2035"
580,5,"2035-2040"
580,5,"2040-2045"
580,5,"2045-2050"
580,5,"2050-2055"
580,5,"2055-2060"
580,5,"2060-2065"
580,5,"2065-2070"
580,5,"2070-2075"
580,5,"2075-2080"
580,5,"2080-2085"
580,5,"2085-2090"
580,5,"2090-2095"
580,5,"2095-2100"
580,6,"2015-2020"
580,6,"2020-2025"
580,6,"2025-2030"
580,6,"2030-2035"
580,6,"2035-2040"
580,6,"2040-2045"
580,6,"2045-2050"
580,6,"2050-2055"
580,6,"2055-2060"
580,6,"2060-2065"
580,6,"2065-2070"
580,6,"2070-2075"
580,6,"2075-2080"
580,6,"2080-2085"
580,6,"2085-2090"
580,6,"2090-2095"
580,6,"2095-2100"
580,7,"2015-2020"
580,7,"2020-2025"
580,7,"2025-2030"
580,7,"2030-2035"
580,7,"2035-2040"
580,7,"2040-2045"
580,7,"2045-2050"
580,7,"2050-2055"
580,7,"2055-2060"
580,7,"2060-2065"
580,7,"2065-2070"
580,7,"2070-2075"
580,7,"2075-2080"
580,7,"2080-2085"
580,7,"2085-2090"
580,7,"2090-2095"
580,7,"2095-2100"
580,8,"2015-2020"
580,8,"2020-2025"
580,8,"2025-2030"
580,8,"2030-2035"
580,8,"2035-2040"
580,8,"2040-2045"
580,8,"2045-2050"
580,8,"2050-2055"
580,8,"2055-2060"
580,8,"2060-2065"
580,8,"2065-2070"
580,8,"2070-2075"
580,8,"2075-2080"
580,8,"2080-2085"
580,8,"2085-2090"
580,8,"2090-2095"
580,8,"2095-2100"
580,9,"2015-2020"
580,9,"2020-2025"
580,9,"2025-2030"
580,9,"2030-2035"
580,9,"2035-2040"
580,9,"2040-2045"
580,9,"2045-2050"
580,9,"2050-2055"
580,9,"2055-2060"
580,9,"2060-2065"
580,9,"2065-2070"
580,9,"2070-2075"
580,9,"2075-2080"
580,9,"2080-2085"
580,9,"2085-2090"
580,9,"2090-2095"
580,9,"2095-2100"
578,3,"2015-2020"
578,3,"2020-2025"
578,3,"2025-2030"
578,3,"2030-2035"
578,3,"2035-2040"
578,3,"2040-2045"
578,3,"2045-2050"
578,3,"2050-2055"
578,3,"2055-2060"
578,3,"2060-2065"
578,3,"2065-2070"
578,3,"2070-2075"
578,3,"2075-2080"
578,3,"2080-2085"
578,3,"2085-2090"
578,3,"2090-2095"
578,3,"2095-2100"
578,4,"2015-2020"
578,4,"2020-2025"
578,4,"2025-2030"
578,4,"2030-2035"
578,4,"2035-2040"
578,4,"2040-2045"
578,4,"2045-2050"
578,4,"2050-2055"
578,4,"2055-2060"
578,4,"2060-2065"
578,4,"2065-2070"
578,4,"2070-2075"
578,4,"2075-2080"
578,4,"2080-2085"
578,4,"2085-2090"
578,4,"2090-2095"
578,4,"2095-2100"
578,5,"2015-2020"
578,5,"2020-2025"
578,5,"2025-2030"
578,5,"2030-2035"
578,5,"2035-2040"
578,5,"2040-2045"
578,5,"2045-2050"
578,5,"2050-2055"
578,5,"2055-2060"
578,5,"2060-2065"
578,5,"2065-2070"
578,5,"2070-2075"
578,5,"2075-2080"
578,5,"2080-2085"
578,5,"2085-2090"
578,5,"2090-2095"
578,5,"2095-2100"
578,6,"2015-2020"
578,6,"2020-2025"
578,6,"2025-2030"
578,6,"2030-2035"
578,6,"2035-2040"
578,6,"2040-2045"
578,6,"2045-2050"
578,6,"2050-2055"
578,6,"2055-2060"
578,6,"2060-2065"
578,6,"2065-2070"
578,6,"2070-2075"
578,6,"2075-2080"
578,6,"2080-2085"
578,6,"2085-2090"
578,6,"2090-2095"
578,6,"2095-2100"
578,7,"2015-2020"
578,7,"2020-2025"
578,7,"2025-2030"
578,7,"2030-2035"
578,7,"2035-2040"
578,7,"2040-2045"
578,7,"2045-2050"
578,7,"2050-2055"
578,7,"2055-2060"
578,7,"2060-2065"
578,7,"2065-2070"
578,7,"2070-2075"
578,7,"2075-2080"
578,7,"2080-2085"
578,7,"2085-2090"
578,7,"2090-2095"
578,7,"2095-2100"
578,8,"2015-2020"
578,8,"2020-2025"
578,8,"2025-2030"
578,8,"2030-2035"
578,8,"2035-2040"
578,8,"2040-2045"
578,8,"2045-2050"
578,8,"2050-2055"
578,8,"2055-2060"
578,8,"2060-2065"
578,8,"2065-2070"
578,8,"2070-2075"
578,8,"2075-2080"
578,8,"2080-2085"
578,8,"2085-2090"
578,8,"2090-2095"
578,8,"2095-2100"
578,9,"2015-2020"
578,9,"2020-2025"
578,9,"2025-2030"
578,9,"2030-2035"
578,9,"2035-2040"
578,9,"2040-2045"
578,9,"2045-2050"
578,9,"2050-2055"
578,9,"2055-2060"
578,9,"2060-2065"
578,9,"2065-2070"
578,9,"2070-2075"
578,9,"2075-2080"
578,9,"2080-2085"
578,9,"2085-2090"
578,9,"2090-2095"
578,9,"2095-2100"
578,202,"2015-2020"
578,202,"2020-2025"
578,202,"2025-2030"
578,202,"2030-2035"
578,202,"2035-2040"
578,202,"2040-2045"
578,202,"2045-2050"
578,202,"2050-2055"
578,202,"2055-2060"
578,202,"2060-2065"
578,202,"2065-2070"
578,202,"2070-2075"
578,202,"2075-2080"
578,202,"2080-2085"
578,202,"2085-2090"
578,202,"2090-2095"
578,202,"2095-2100"
909,3,"2015-2020"
909,3,"2020-2025"
909,3,"2025-2030"
909,3,"2030-2035"
909,3,"2035-2040"
909,3,"2040-2045"
909,3,"2045-2050"
909,3,"2050-2055"
909,3,"2055-2060"
909,3,"2060-2065"
909,3,"2065-2070"
909,3,"2070-2075"
909,3,"2075-2080"
909,3,"2080-2085"
909,3,"2085-2090"
909,3,"2090-2095"
909,3,"2095-2100"
909,4,"2015-2020"
909,4,"2020-2025"
909,4,"2025-2030"
909,4,"2030-2035"
909,4,"2035-2040"
909,4,"2040-2045"
909,4,"2045-2050"
909,4,"2050-2055"
909,4,"2055-2060"
909,4,"2060-2065"
909,4,"2065-2070"
909,4,"2070-2075"
909,4,"2075-2080"
909,4,"2080-2085"
909,4,"2085-2090"
909,4,"2090-2095"
909,4,"2095-2100"
909,5,"2015-2020"
909,5,"2020-2025"
909,5,"2025-2030"
909,5,"2030-2035"
909,5,"2035-2040"
909,5,"2040-2045"
909,5,"2045-2050"
909,5,"2050-2055"
909,5,"2055-2060"
909,5,"2060-2065"
909,5,"2065-2070"
909,5,"2070-2075"
909,5,"2075-2080"
909,5,"2080-2085"
909,5,"2085-2090"
909,5,"2090-2095"
909,5,"2095-2100"
909,6,"2015-2020"
909,6,"2020-2025"
909,6,"2025-2030"
909,6,"2030-2035"
909,6,"2035-2040"
909,6,"2040-2045"
909,6,"2045-2050"
909,6,"2050-2055"
909,6,"2055-2060"
909,6,"2060-2065"
909,6,"2065-2070"
909,6,"2070-2075"
909,6,"2075-2080"
909,6,"2080-2085"
909,6,"2085-2090"
909,6,"2090-2095"
909,6,"2095-2100"
909,7,"2015-2020"
909,7,"2020-2025"
909,7,"2025-2030"
909,7,"2030-2035"
909,7,"2035-2040"
909,7,"2040-2045"
909,7,"2045-2050"
909,7,"2050-2055"
909,7,"2055-2060"
909,7,"2060-2065"
909,7,"2065-2070"
909,7,"2070-2075"
909,7,"2075-2080"
909,7,"2080-2085"
909,7,"2085-2090"
909,7,"2090-2095"
909,7,"2095-2100"
909,8,"2015-2020"
909,8,"2020-2025"
909,8,"2025-2030"
909,8,"2030-2035"
909,8,"2035-2040"
909,8,"2040-2045"
909,8,"2045-2050"
909,8,"2050-2055"
909,8,"2055-2060"
909,8,"2060-2065"
909,8,"2065-2070"
909,8,"2070-2075"
909,8,"2075-2080"
909,8,"2080-2085"
909,8,"2085-2090"
909,8,"2090-2095"
909,8,"2095-2100"
909,9,"2015-2020"
909,9,"2020-2025"
909,9,"2025-2030"
909,9,"2030-2035"
909,9,"2035-2040"
909,9,"2040-2045"
909,9,"2045-2050"
909,9,"2050-2055"
909,9,"2055-2060"
909,9,"2060-2065"
909,9,"2065-2070"
909,9,"2070-2075"
909,9,"2075-2080"
909,9,"2080-2085"
909,9,"2085-2090"
909,9,"2090-2095"
909,9,"2095-2100"
512,3,"2015-2020"
512,3,"2020-2025"
512,3,"2025-2030"
512,3,"2030-2035"
512,3,"2035-2040"
512,3,"2040-2045"
512,3,"2045-2050"
512,3,"2050-2055"
512,3,"2055-2060"
512,3,"2060-2065"
512,3,"2065-2070"
512,3,"2070-2075"
512,3,"2075-2080"
512,3,"2080-2085"
512,3,"2085-2090"
512,3,"2090-2095"
512,3,"2095-2100"
512,4,"2015-2020"
512,4,"2020-2025"
512,4,"2025-2030"
512,4,"2030-2035"
512,4,"2035-2040"
512,4,"2040-2045"
512,4,"2045-2050"
512,4,"2050-2055"
512,4,"2055-2060"
512,4,"2060-2065"
512,4,"2065-2070"
512,4,"2070-2075"
512,4,"2075-2080"
512,4,"2080-2085"
512,4,"2085-2090"
512,4,"2090-2095"
512,4,"2095-2100"
512,5,"2015-2020"
512,5,"2020-2025"
512,5,"2025-2030"
512,5,"2030-2035"
512,5,"2035-2040"
512,5,"2040-2045"
512,5,"2045-2050"
512,5,"2050-2055"
512,5,"2055-2060"
512,5,"2060-2065"
512,5,"2065-2070"
512,5,"2070-2075"
512,5,"2075-2080"
512,5,"2080-2085"
512,5,"2085-2090"
512,5,"2090-2095"
512,5,"2095-2100"
512,6,"2015-2020"
512,6,"2020-2025"
512,6,"2025-2030"
512,6,"2030-2035"
512,6,"2035-2040"
512,6,"2040-2045"
512,6,"2045-2050"
512,6,"2050-2055"
512,6,"2055-2060"
512,6,"2060-2065"
512,6,"2065-2070"
512,6,"2070-2075"
512,6,"2075-2080"
512,6,"2080-2085"
512,6,"2085-2090"
512,6,"2090-2095"
512,6,"2095-2100"
512,7,"2015-2020"
512,7,"2020-2025"
512,7,"2025-2030"
512,7,"2030-2035"
512,7,"2035-2040"
512,7,"2040-2045"
512,7,"2045-2050"
512,7,"2050-2055"
512,7,"2055-2060"
512,7,"2060-2065"
512,7,"2065-2070"
512,7,"2070-2075"
512,7,"2075-2080"
512,7,"2080-2085"
512,7,"2085-2090"
512,7,"2090-2095"
512,7,"2095-2100"
512,8,"2015-2020"
512,8,"2020-2025"
512,8,"2025-2030"
512,8,"2030-2035"
512,8,"2035-2040"
512,8,"2040-2045"
512,8,"2045-2050"
512,8,"2050-2055"
512,8,"2055-2060"
512,8,"2060-2065"
512,8,"2065-2070"
512,8,"2070-2075"
512,8,"2075-2080"
512,8,"2080-2085"
512,8,"2085-2090"
512,8,"2090-2095"
512,8,"2095-2100"
512,9,"2015-2020"
512,9,"2020-2025"
512,9,"2025-2030"
512,9,"2030-2035"
512,9,"2035-2040"
512,9,"2040-2045"
512,9,"2045-2050"
512,9,"2050-2055"
512,9,"2055-2060"
512,9,"2060-2065"
512,9,"2065-2070"
512,9,"2070-2075"
512,9,"2075-2080"
512,9,"2080-2085"
512,9,"2085-2090"
512,9,"2090-2095"
512,9,"2095-2100"
512,202,"2015-2020"
512,202,"2020-2025"
512,202,"2025-2030"
512,202,"2030-2035"
512,202,"2035-2040"
512,202,"2040-2045"
512,202,"2045-2050"
512,202,"2050-2055"
512,202,"2055-2060"
512,202,"2060-2065"
512,202,"2065-2070"
512,202,"2070-2075"
512,202,"2075-2080"
512,202,"2080-2085"
512,202,"2085-2090"
512,202,"2090-2095"
512,202,"2095-2100"
586,3,"2015-2020"
586,3,"2020-2025"
586,3,"2025-2030"
586,3,"2030-2035"
586,3,"2035-2040"
586,3,"2040-2045"
586,3,"2045-2050"
586,3,"2050-2055"
586,3,"2055-2060"
586,3,"2060-2065"
586,3,"2065-2070"
586,3,"2070-2075"
586,3,"2075-2080"
586,3,"2080-2085"
586,3,"2085-2090"
586,3,"2090-2095"
586,3,"2095-2100"
586,4,"2015-2020"
586,4,"2020-2025"
586,4,"2025-2030"
586,4,"2030-2035"
586,4,"2035-2040"
586,4,"2040-2045"
586,4,"2045-2050"
586,4,"2050-2055"
586,4,"2055-2060"
586,4,"2060-2065"
586,4,"2065-2070"
586,4,"2070-2075"
586,4,"2075-2080"
586,4,"2080-2085"
586,4,"2085-2090"
586,4,"2090-2095"
586,4,"2095-2100"
586,5,"2015-2020"
586,5,"2020-2025"
586,5,"2025-2030"
586,5,"2030-2035"
586,5,"2035-2040"
586,5,"2040-2045"
586,5,"2045-2050"
586,5,"2050-2055"
586,5,"2055-2060"
586,5,"2060-2065"
586,5,"2065-2070"
586,5,"2070-2075"
586,5,"2075-2080"
586,5,"2080-2085"
586,5,"2085-2090"
586,5,"2090-2095"
586,5,"2095-2100"
586,6,"2015-2020"
586,6,"2020-2025"
586,6,"2025-2030"
586,6,"2030-2035"
586,6,"2035-2040"
586,6,"2040-2045"
586,6,"2045-2050"
586,6,"2050-2055"
586,6,"2055-2060"
586,6,"2060-2065"
586,6,"2065-2070"
586,6,"2070-2075"
586,6,"2075-2080"
586,6,"2080-2085"
586,6,"2085-2090"
586,6,"2090-2095"
586,6,"2095-2100"
586,7,"2015-2020"
586,7,"2020-2025"
586,7,"2025-2030"
586,7,"2030-2035"
586,7,"2035-2040"
586,7,"2040-2045"
586,7,"2045-2050"
586,7,"2050-2055"
586,7,"2055-2060"
586,7,"2060-2065"
586,7,"2065-2070"
586,7,"2070-2075"
586,7,"2075-2080"
586,7,"2080-2085"
586,7,"2085-2090"
586,7,"2090-2095"
586,7,"2095-2100"
586,8,"2015-2020"
586,8,"2020-2025"
586,8,"2025-2030"
586,8,"2030-2035"
586,8,"2035-2040"
586,8,"2040-2045"
586,8,"2045-2050"
586,8,"2050-2055"
586,8,"2055-2060"
586,8,"2060-2065"
586,8,"2065-2070"
586,8,"2070-2075"
586,8,"2075-2080"
586,8,"2080-2085"
586,8,"2085-2090"
586,8,"2090-2095"
586,8,"2095-2100"
586,9,"2015-2020"
586,9,"2020-2025"
586,9,"2025-2030"
586,9,"2030-2035"
586,9,"2035-2040"
586,9,"2040-2045"
586,9,"2045-2050"
586,9,"2050-2055"
586,9,"2055-2060"
586,9,"2060-2065"
586,9,"2065-2070"
586,9,"2070-2075"
586,9,"2075-2080"
586,9,"2080-2085"
586,9,"2085-2090"
586,9,"2090-2095"
586,9,"2095-2100"
586,202,"2015-2020"
586,202,"2020-2025"
586,202,"2025-2030"
586,202,"2030-2035"
586,202,"2035-2040"
586,202,"2040-2045"
586,202,"2045-2050"
586,202,"2050-2055"
586,202,"2055-2060"
586,202,"2060-2065"
586,202,"2065-2070"
586,202,"2070-2075"
586,202,"2075-2080"
586,202,"2080-2085"
586,202,"2085-2090"
586,202,"2090-2095"
586,202,"2095-2100"
585,3,"2015-2020"
585,3,"2020-2025"
585,3,"2025-2030"
585,3,"2030-2035"
585,3,"2035-2040"
585,3,"2040-2045"
585,3,"2045-2050"
585,3,"2050-2055"
585,3,"2055-2060"
585,3,"2060-2065"
585,3,"2065-2070"
585,3,"2070-2075"
585,3,"2075-2080"
585,3,"2080-2085"
585,3,"2085-2090"
585,3,"2090-2095"
585,3,"2095-2100"
585,4,"2015-2020"
585,4,"2020-2025"
585,4,"2025-2030"
585,4,"2030-2035"
585,4,"2035-2040"
585,4,"2040-2045"
585,4,"2045-2050"
585,4,"2050-2055"
585,4,"2055-2060"
585,4,"2060-2065"
585,4,"2065-2070"
585,4,"2070-2075"
585,4,"2075-2080"
585,4,"2080-2085"
585,4,"2085-2090"
585,4,"2090-2095"
585,4,"2095-2100"
585,5,"2015-2020"
585,5,"2020-2025"
585,5,"2025-2030"
585,5,"2030-2035"
585,5,"2035-2040"
585,5,"2040-2045"
585,5,"2045-2050"
585,5,"2050-2055"
585,5,"2055-2060"
585,5,"2060-2065"
585,5,"2065-2070"
585,5,"2070-2075"
585,5,"2075-2080"
585,5,"2080-2085"
585,5,"2085-2090"
585,5,"2090-2095"
585,5,"2095-2100"
585,6,"2015-2020"
585,6,"2020-2025"
585,6,"2025-2030"
585,6,"2030-2035"
585,6,"2035-2040"
585,6,"2040-2045"
585,6,"2045-2050"
585,6,"2050-2055"
585,6,"2055-2060"
585,6,"2060-2065"
585,6,"2065-2070"
585,6,"2070-2075"
585,6,"2075-2080"
585,6,"2080-2085"
585,6,"2085-2090"
585,6,"2090-2095"
585,6,"2095-2100"
585,7,"2015-2020"
585,7,"2020-2025"
585,7,"2025-2030"
585,7,"2030-2035"
585,7,"2035-2040"
585,7,"2040-2045"
585,7,"2045-2050"
585,7,"2050-2055"
585,7,"2055-2060"
585,7,"2060-2065"
585,7,"2065-2070"
585,7,"2070-2075"
585,7,"2075-2080"
585,7,"2080-2085"
585,7,"2085-2090"
585,7,"2090-2095"
585,7,"2095-2100"
585,8,"2015-2020"
585,8,"2020-2025"
585,8,"2025-2030"
585,8,"2030-2035"
585,8,"2035-2040"
585,8,"2040-2045"
585,8,"2045-2050"
585,8,"2050-2055"
585,8,"2055-2060"
585,8,"2060-2065"
585,8,"2065-2070"
585,8,"2070-2075"
585,8,"2075-2080"
585,8,"2080-2085"
585,8,"2085-2090"
585,8,"2090-2095"
585,8,"2095-2100"
585,9,"2015-2020"
585,9,"2020-2025"
585,9,"2025-2030"
585,9,"2030-2035"
585,9,"2035-2040"
585,9,"2040-2045"
585,9,"2045-2050"
585,9,"2050-2055"
585,9,"2055-2060"
585,9,"2060-2065"
585,9,"2065-2070"
585,9,"2070-2075"
585,9,"2075-2080"
585,9,"2080-2085"
585,9,"2085-2090"
585,9,"2090-2095"
585,9,"2095-2100"
591,3,"2015-2020"
591,3,"2020-2025"
591,3,"2025-2030"
591,3,"2030-2035"
591,3,"2035-2040"
591,3,"2040-2045"
591,3,"2045-2050"
591,3,"2050-2055"
591,3,"2055-2060"
591,3,"2060-2065"
591,3,"2065-2070"
591,3,"2070-2075"
591,3,"2075-2080"
591,3,"2080-2085"
591,3,"2085-2090"
591,3,"2090-2095"
591,3,"2095-2100"
591,4,"2015-2020"
591,4,"2020-2025"
591,4,"2025-2030"
591,4,"2030-2035"
591,4,"2035-2040"
591,4,"2040-2045"
591,4,"2045-2050"
591,4,"2050-2055"
591,4,"2055-2060"
591,4,"2060-2065"
591,4,"2065-2070"
591,4,"2070-2075"
591,4,"2075-2080"
591,4,"2080-2085"
591,4,"2085-2090"
591,4,"2090-2095"
591,4,"2095-2100"
591,5,"2015-2020"
591,5,"2020-2025"
591,5,"2025-2030"
591,5,"2030-2035"
591,5,"2035-2040"
591,5,"2040-2045"
591,5,"2045-2050"
591,5,"2050-2055"
591,5,"2055-2060"
591,5,"2060-2065"
591,5,"2065-2070"
591,5,"2070-2075"
591,5,"2075-2080"
591,5,"2080-2085"
591,5,"2085-2090"
591,5,"2090-2095"
591,5,"2095-2100"
591,6,"2015-2020"
591,6,"2020-2025"
591,6,"2025-2030"
591,6,"2030-2035"
591,6,"2035-2040"
591,6,"2040-2045"
591,6,"2045-2050"
591,6,"2050-2055"
591,6,"2055-2060"
591,6,"2060-2065"
591,6,"2065-2070"
591,6,"2070-2075"
591,6,"2075-2080"
591,6,"2080-2085"
591,6,"2085-2090"
591,6,"2090-2095"
591,6,"2095-2100"
591,7,"2015-2020"
591,7,"2020-2025"
591,7,"2025-2030"
591,7,"2030-2035"
591,7,"2035-2040"
591,7,"2040-2045"
591,7,"2045-2050"
591,7,"2050-2055"
591,7,"2055-2060"
591,7,"2060-2065"
591,7,"2065-2070"
591,7,"2070-2075"
591,7,"2075-2080"
591,7,"2080-2085"
591,7,"2085-2090"
591,7,"2090-2095"
591,7,"2095-2100"
591,8,"2015-2020"
591,8,"2020-2025"
591,8,"2025-2030"
591,8,"2030-2035"
591,8,"2035-2040"
591,8,"2040-2045"
591,8,"2045-2050"
591,8,"2050-2055"
591,8,"2055-2060"
591,8,"2060-2065"
591,8,"2065-2070"
591,8,"2070-2075"
591,8,"2075-2080"
591,8,"2080-2085"
591,8,"2085-2090"
591,8,"2090-2095"
591,8,"2095-2100"
591,9,"2015-2020"
591,9,"2020-2025"
591,9,"2025-2030"
591,9,"2030-2035"
591,9,"2035-2040"
591,9,"2040-2045"
591,9,"2045-2050"
591,9,"2050-2055"
591,9,"2055-2060"
591,9,"2060-2065"
591,9,"2065-2070"
591,9,"2070-2075"
591,9,"2075-2080"
591,9,"2080-2085"
591,9,"2085-2090"
591,9,"2090-2095"
591,9,"2095-2100"
591,202,"2015-2020"
591,202,"2020-2025"
591,202,"2025-2030"
591,202,"2030-2035"
591,202,"2035-2040"
591,202,"2040-2045"
591,202,"2045-2050"
591,202,"2050-2055"
591,202,"2055-2060"
591,202,"2060-2065"
591,202,"2065-2070"
591,202,"2070-2075"
591,202,"2075-2080"
591,202,"2080-2085"
591,202,"2085-2090"
591,202,"2090-2095"
591,202,"2095-2100"
598,3,"2015-2020"
598,3,"2020-2025"
598,3,"2025-2030"
598,3,"2030-2035"
598,3,"2035-2040"
598,3,"2040-2045"
598,3,"2045-2050"
598,3,"2050-2055"
598,3,"2055-2060"
598,3,"2060-2065"
598,3,"2065-2070"
598,3,"2070-2075"
598,3,"2075-2080"
598,3,"2080-2085"
598,3,"2085-2090"
598,3,"2090-2095"
598,3,"2095-2100"
598,4,"2015-2020"
598,4,"2020-2025"
598,4,"2025-2030"
598,4,"2030-2035"
598,4,"2035-2040"
598,4,"2040-2045"
598,4,"2045-2050"
598,4,"2050-2055"
598,4,"2055-2060"
598,4,"2060-2065"
598,4,"2065-2070"
598,4,"2070-2075"
598,4,"2075-2080"
598,4,"2080-2085"
598,4,"2085-2090"
598,4,"2090-2095"
598,4,"2095-2100"
598,5,"2015-2020"
598,5,"2020-2025"
598,5,"2025-2030"
598,5,"2030-2035"
598,5,"2035-2040"
598,5,"2040-2045"
598,5,"2045-2050"
598,5,"2050-2055"
598,5,"2055-2060"
598,5,"2060-2065"
598,5,"2065-2070"
598,5,"2070-2075"
598,5,"2075-2080"
598,5,"2080-2085"
598,5,"2085-2090"
598,5,"2090-2095"
598,5,"2095-2100"
598,6,"2015-2020"
598,6,"2020-2025"
598,6,"2025-2030"
598,6,"2030-2035"
598,6,"2035-2040"
598,6,"2040-2045"
598,6,"2045-2050"
598,6,"2050-2055"
598,6,"2055-2060"
598,6,"2060-2065"
598,6,"2065-2070"
598,6,"2070-2075"
598,6,"2075-2080"
598,6,"2080-2085"
598,6,"2085-2090"
598,6,"2090-2095"
598,6,"2095-2100"
598,7,"2015-2020"
598,7,"2020-2025"
598,7,"2025-2030"
598,7,"2030-2035"
598,7,"2035-2040"
598,7,"2040-2045"
598,7,"2045-2050"
598,7,"2050-2055"
598,7,"2055-2060"
598,7,"2060-2065"
598,7,"2065-2070"
598,7,"2070-2075"
598,7,"2075-2080"
598,7,"2080-2085"
598,7,"2085-2090"
598,7,"2090-2095"
598,7,"2095-2100"
598,8,"2015-2020"
598,8,"2020-2025"
598,8,"2025-2030"
598,8,"2030-2035"
598,8,"2035-2040"
598,8,"2040-2045"
598,8,"2045-2050"
598,8,"2050-2055"
598,8,"2055-2060"
598,8,"2060-2065"
598,8,"2065-2070"
598,8,"2070-2075"
598,8,"2075-2080"
598,8,"2080-2085"
598,8,"2085-2090"
598,8,"2090-2095"
598,8,"2095-2100"
598,9,"2015-2020"
598,9,"2020-2025"
598,9,"2025-2030"
598,9,"2030-2035"
598,9,"2035-2040"
598,9,"2040-2045"
598,9,"2045-2050"
598,9,"2050-2055"
598,9,"2055-2060"
598,9,"2060-2065"
598,9,"2065-2070"
598,9,"2070-2075"
598,9,"2075-2080"
598,9,"2080-2085"
598,9,"2085-2090"
598,9,"2090-2095"
598,9,"2095-2100"
598,202,"2015-2020"
598,202,"2020-2025"
598,202,"2025-2030"
598,202,"2030-2035"
598,202,"2035-2040"
598,202,"2040-2045"
598,202,"2045-2050"
598,202,"2050-2055"
598,202,"2055-2060"
598,202,"2060-2065"
598,202,"2065-2070"
598,202,"2070-2075"
598,202,"2075-2080"
598,202,"2080-2085"
598,202,"2085-2090"
598,202,"2090-2095"
598,202,"2095-2100"
600,3,"2015-2020"
600,3,"2020-2025"
600,3,"2025-2030"
600,3,"2030-2035"
600,3,"2035-2040"
600,3,"2040-2045"
600,3,"2045-2050"
600,3,"2050-2055"
600,3,"2055-2060"
600,3,"2060-2065"
600,3,"2065-2070"
600,3,"2070-2075"
600,3,"2075-2080"
600,3,"2080-2085"
600,3,"2085-2090"
600,3,"2090-2095"
600,3,"2095-2100"
600,4,"2015-2020"
600,4,"2020-2025"
600,4,"2025-2030"
600,4,"2030-2035"
600,4,"2035-2040"
600,4,"2040-2045"
600,4,"2045-2050"
600,4,"2050-2055"
600,4,"2055-2060"
600,4,"2060-2065"
600,4,"2065-2070"
600,4,"2070-2075"
600,4,"2075-2080"
600,4,"2080-2085"
600,4,"2085-2090"
600,4,"2090-2095"
600,4,"2095-2100"
600,5,"2015-2020"
600,5,"2020-2025"
600,5,"2025-2030"
600,5,"2030-2035"
600,5,"2035-2040"
600,5,"2040-2045"
600,5,"2045-2050"
600,5,"2050-2055"
600,5,"2055-2060"
600,5,"2060-2065"
600,5,"2065-2070"
600,5,"2070-2075"
600,5,"2075-2080"
600,5,"2080-2085"
600,5,"2085-2090"
600,5,"2090-2095"
600,5,"2095-2100"
600,6,"2015-2020"
600,6,"2020-2025"
600,6,"2025-2030"
600,6,"2030-2035"
600,6,"2035-2040"
600,6,"2040-2045"
600,6,"2045-2050"
600,6,"2050-2055"
600,6,"2055-2060"
600,6,"2060-2065"
600,6,"2065-2070"
600,6,"2070-2075"
600,6,"2075-2080"
600,6,"2080-2085"
600,6,"2085-2090"
600,6,"2090-2095"
600,6,"2095-2100"
600,7,"2015-2020"
600,7,"2020-2025"
600,7,"2025-2030"
600,7,"2030-2035"
600,7,"2035-2040"
600,7,"2040-2045"
600,7,"2045-2050"
600,7,"2050-2055"
600,7,"2055-2060"
600,7,"2060-2065"
600,7,"2065-2070"
600,7,"2070-2075"
600,7,"2075-2080"
600,7,"2080-2085"
600,7,"2085-2090"
600,7,"2090-2095"
600,7,"2095-2100"
600,8,"2015-2020"
600,8,"2020-2025"
600,8,"2025-2030"
600,8,"2030-2035"
600,8,"2035-2040"
600,8,"2040-2045"
600,8,"2045-2050"
600,8,"2050-2055"
600,8,"2055-2060"
600,8,"2060-2065"
600,8,"2065-2070"
600,8,"2070-2075"
600,8,"2075-2080"
600,8,"2080-2085"
600,8,"2085-2090"
600,8,"2090-2095"
600,8,"2095-2100"
600,9,"2015-2020"
600,9,"2020-2025"
600,9,"2025-2030"
600,9,"2030-2035"
600,9,"2035-2040"
600,9,"2040-2045"
600,9,"2045-2050"
600,9,"2050-2055"
600,9,"2055-2060"
600,9,"2060-2065"
600,9,"2065-2070"
600,9,"2070-2075"
600,9,"2075-2080"
600,9,"2080-2085"
600,9,"2085-2090"
600,9,"2090-2095"
600,9,"2095-2100"
600,202,"2015-2020"
600,202,"2020-2025"
600,202,"2025-2030"
600,202,"2030-2035"
600,202,"2035-2040"
600,202,"2040-2045"
600,202,"2045-2050"
600,202,"2050-2055"
600,202,"2055-2060"
600,202,"2060-2065"
600,202,"2065-2070"
600,202,"2070-2075"
600,202,"2075-2080"
600,202,"2080-2085"
600,202,"2085-2090"
600,202,"2090-2095"
600,202,"2095-2100"
604,3,"2015-2020"
604,3,"2020-2025"
604,3,"2025-2030"
604,3,"2030-2035"
604,3,"2035-2040"
604,3,"2040-2045"
604,3,"2045-2050"
604,3,"2050-2055"
604,3,"2055-2060"
604,3,"2060-2065"
604,3,"2065-2070"
604,3,"2070-2075"
604,3,"2075-2080"
604,3,"2080-2085"
604,3,"2085-2090"
604,3,"2090-2095"
604,3,"2095-2100"
604,4,"2015-2020"
604,4,"2020-2025"
604,4,"2025-2030"
604,4,"2030-2035"
604,4,"2035-2040"
604,4,"2040-2045"
604,4,"2045-2050"
604,4,"2050-2055"
604,4,"2055-2060"
604,4,"2060-2065"
604,4,"2065-2070"
604,4,"2070-2075"
604,4,"2075-2080"
604,4,"2080-2085"
604,4,"2085-2090"
604,4,"2090-2095"
604,4,"2095-2100"
604,5,"2015-2020"
604,5,"2020-2025"
604,5,"2025-2030"
604,5,"2030-2035"
604,5,"2035-2040"
604,5,"2040-2045"
604,5,"2045-2050"
604,5,"2050-2055"
604,5,"2055-2060"
604,5,"2060-2065"
604,5,"2065-2070"
604,5,"2070-2075"
604,5,"2075-2080"
604,5,"2080-2085"
604,5,"2085-2090"
604,5,"2090-2095"
604,5,"2095-2100"
604,6,"2015-2020"
604,6,"2020-2025"
604,6,"2025-2030"
604,6,"2030-2035"
604,6,"2035-2040"
604,6,"2040-2045"
604,6,"2045-2050"
604,6,"2050-2055"
604,6,"2055-2060"
604,6,"2060-2065"
604,6,"2065-2070"
604,6,"2070-2075"
604,6,"2075-2080"
604,6,"2080-2085"
604,6,"2085-2090"
604,6,"2090-2095"
604,6,"2095-2100"
604,7,"2015-2020"
604,7,"2020-2025"
604,7,"2025-2030"
604,7,"2030-2035"
604,7,"2035-2040"
604,7,"2040-2045"
604,7,"2045-2050"
604,7,"2050-2055"
604,7,"2055-2060"
604,7,"2060-2065"
604,7,"2065-2070"
604,7,"2070-2075"
604,7,"2075-2080"
604,7,"2080-2085"
604,7,"2085-2090"
604,7,"2090-2095"
604,7,"2095-2100"
604,8,"2015-2020"
604,8,"2020-2025"
604,8,"2025-2030"
604,8,"2030-2035"
604,8,"2035-2040"
604,8,"2040-2045"
604,8,"2045-2050"
604,8,"2050-2055"
604,8,"2055-2060"
604,8,"2060-2065"
604,8,"2065-2070"
604,8,"2070-2075"
604,8,"2075-2080"
604,8,"2080-2085"
604,8,"2085-2090"
604,8,"2090-2095"
604,8,"2095-2100"
604,9,"2015-2020"
604,9,"2020-2025"
604,9,"2025-2030"
604,9,"2030-2035"
604,9,"2035-2040"
604,9,"2040-2045"
604,9,"2045-2050"
604,9,"2050-2055"
604,9,"2055-2060"
604,9,"2060-2065"
604,9,"2065-2070"
604,9,"2070-2075"
604,9,"2075-2080"
604,9,"2080-2085"
604,9,"2085-2090"
604,9,"2090-2095"
604,9,"2095-2100"
604,202,"2015-2020"
604,202,"2020-2025"
604,202,"2025-2030"
604,202,"2030-2035"
604,202,"2035-2040"
604,202,"2040-2045"
604,202,"2045-2050"
604,202,"2050-2055"
604,202,"2055-2060"
604,202,"2060-2065"
604,202,"2065-2070"
604,202,"2070-2075"
604,202,"2075-2080"
604,202,"2080-2085"
604,202,"2085-2090"
604,202,"2090-2095"
604,202,"2095-2100"
608,3,"2015-2020"
608,3,"2020-2025"
608,3,"2025-2030"
608,3,"2030-2035"
608,3,"2035-2040"
608,3,"2040-2045"
608,3,"2045-2050"
608,3,"2050-2055"
608,3,"2055-2060"
608,3,"2060-2065"
608,3,"2065-2070"
608,3,"2070-2075"
608,3,"2075-2080"
608,3,"2080-2085"
608,3,"2085-2090"
608,3,"2090-2095"
608,3,"2095-2100"
608,4,"2015-2020"
608,4,"2020-2025"
608,4,"2025-2030"
608,4,"2030-2035"
608,4,"2035-2040"
608,4,"2040-2045"
608,4,"2045-2050"
608,4,"2050-2055"
608,4,"2055-2060"
608,4,"2060-2065"
608,4,"2065-2070"
608,4,"2070-2075"
608,4,"2075-2080"
608,4,"2080-2085"
608,4,"2085-2090"
608,4,"2090-2095"
608,4,"2095-2100"
608,5,"2015-2020"
608,5,"2020-2025"
608,5,"2025-2030"
608,5,"2030-2035"
608,5,"2035-2040"
608,5,"2040-2045"
608,5,"2045-2050"
608,5,"2050-2055"
608,5,"2055-2060"
608,5,"2060-2065"
608,5,"2065-2070"
608,5,"2070-2075"
608,5,"2075-2080"
608,5,"2080-2085"
608,5,"2085-2090"
608,5,"2090-2095"
608,5,"2095-2100"
608,6,"2015-2020"
608,6,"2020-2025"
608,6,"2025-2030"
608,6,"2030-2035"
608,6,"2035-2040"
608,6,"2040-2045"
608,6,"2045-2050"
608,6,"2050-2055"
608,6,"2055-2060"
608,6,"2060-2065"
608,6,"2065-2070"
608,6,"2070-2075"
608,6,"2075-2080"
608,6,"2080-2085"
608,6,"2085-2090"
608,6,"2090-2095"
608,6,"2095-2100"
608,7,"2015-2020"
608,7,"2020-2025"
608,7,"2025-2030"
608,7,"2030-2035"
608,7,"2035-2040"
608,7,"2040-2045"
608,7,"2045-2050"
608,7,"2050-2055"
608,7,"2055-2060"
608,7,"2060-2065"
608,7,"2065-2070"
608,7,"2070-2075"
608,7,"2075-2080"
608,7,"2080-2085"
608,7,"2085-2090"
608,7,"2090-2095"
608,7,"2095-2100"
608,8,"2015-2020"
608,8,"2020-2025"
608,8,"2025-2030"
608,8,"2030-2035"
608,8,"2035-2040"
608,8,"2040-2045"
608,8,"2045-2050"
608,8,"2050-2055"
608,8,"2055-2060"
608,8,"2060-2065"
608,8,"2065-2070"
608,8,"2070-2075"
608,8,"2075-2080"
608,8,"2080-2085"
608,8,"2085-2090"
608,8,"2090-2095"
608,8,"2095-2100"
608,9,"2015-2020"
608,9,"2020-2025"
608,9,"2025-2030"
608,9,"2030-2035"
608,9,"2035-2040"
608,9,"2040-2045"
608,9,"2045-2050"
608,9,"2050-2055"
608,9,"2055-2060"
608,9,"2060-2065"
608,9,"2065-2070"
608,9,"2070-2075"
608,9,"2075-2080"
608,9,"2080-2085"
608,9,"2085-2090"
608,9,"2090-2095"
608,9,"2095-2100"
608,202,"2015-2020"
608,202,"2020-2025"
608,202,"2025-2030"
608,202,"2030-2035"
608,202,"2035-2040"
608,202,"2040-2045"
608,202,"2045-2050"
608,202,"2050-2055"
608,202,"2055-2060"
608,202,"2060-2065"
608,202,"2065-2070"
608,202,"2070-2075"
608,202,"2075-2080"
608,202,"2080-2085"
608,202,"2085-2090"
608,202,"2090-2095"
608,202,"2095-2100"
616,3,"2015-2020"
616,3,"2020-2025"
616,3,"2025-2030"
616,3,"2030-2035"
616,3,"2035-2040"
616,3,"2040-2045"
616,3,"2045-2050"
616,3,"2050-2055"
616,3,"2055-2060"
616,3,"2060-2065"
616,3,"2065-2070"
616,3,"2070-2075"
616,3,"2075-2080"
616,3,"2080-2085"
616,3,"2085-2090"
616,3,"2090-2095"
616,3,"2095-2100"
616,4,"2015-2020"
616,4,"2020-2025"
616,4,"2025-2030"
616,4,"2030-2035"
616,4,"2035-2040"
616,4,"2040-2045"
616,4,"2045-2050"
616,4,"2050-2055"
616,4,"2055-2060"
616,4,"2060-2065"
616,4,"2065-2070"
616,4,"2070-2075"
616,4,"2075-2080"
616,4,"2080-2085"
616,4,"2085-2090"
616,4,"2090-2095"
616,4,"2095-2100"
616,5,"2015-2020"
616,5,"2020-2025"
616,5,"2025-2030"
616,5,"2030-2035"
616,5,"2035-2040"
616,5,"2040-2045"
616,5,"2045-2050"
616,5,"2050-2055"
616,5,"2055-2060"
616,5,"2060-2065"
616,5,"2065-2070"
616,5,"2070-2075"
616,5,"2075-2080"
616,5,"2080-2085"
616,5,"2085-2090"
616,5,"2090-2095"
616,5,"2095-2100"
616,6,"2015-2020"
616,6,"2020-2025"
616,6,"2025-2030"
616,6,"2030-2035"
616,6,"2035-2040"
616,6,"2040-2045"
616,6,"2045-2050"
616,6,"2050-2055"
616,6,"2055-2060"
616,6,"2060-2065"
616,6,"2065-2070"
616,6,"2070-2075"
616,6,"2075-2080"
616,6,"2080-2085"
616,6,"2085-2090"
616,6,"2090-2095"
616,6,"2095-2100"
616,7,"2015-2020"
616,7,"2020-2025"
616,7,"2025-2030"
616,7,"2030-2035"
616,7,"2035-2040"
616,7,"2040-2045"
616,7,"2045-2050"
616,7,"2050-2055"
616,7,"2055-2060"
616,7,"2060-2065"
616,7,"2065-2070"
616,7,"2070-2075"
616,7,"2075-2080"
616,7,"2080-2085"
616,7,"2085-2090"
616,7,"2090-2095"
616,7,"2095-2100"
616,8,"2015-2020"
616,8,"2020-2025"
616,8,"2025-2030"
616,8,"2030-2035"
616,8,"2035-2040"
616,8,"2040-2045"
616,8,"2045-2050"
616,8,"2050-2055"
616,8,"2055-2060"
616,8,"2060-2065"
616,8,"2065-2070"
616,8,"2070-2075"
616,8,"2075-2080"
616,8,"2080-2085"
616,8,"2085-2090"
616,8,"2090-2095"
616,8,"2095-2100"
616,9,"2015-2020"
616,9,"2020-2025"
616,9,"2025-2030"
616,9,"2030-2035"
616,9,"2035-2040"
616,9,"2040-2045"
616,9,"2045-2050"
616,9,"2050-2055"
616,9,"2055-2060"
616,9,"2060-2065"
616,9,"2065-2070"
616,9,"2070-2075"
616,9,"2075-2080"
616,9,"2080-2085"
616,9,"2085-2090"
616,9,"2090-2095"
616,9,"2095-2100"
616,202,"2015-2020"
616,202,"2020-2025"
616,202,"2025-2030"
616,202,"2030-2035"
616,202,"2035-2040"
616,202,"2040-2045"
616,202,"2045-2050"
616,202,"2050-2055"
616,202,"2055-2060"
616,202,"2060-2065"
616,202,"2065-2070"
616,202,"2070-2075"
616,202,"2075-2080"
616,202,"2080-2085"
616,202,"2085-2090"
616,202,"2090-2095"
616,202,"2095-2100"
957,3,"2015-2020"
957,3,"2020-2025"
957,3,"2025-2030"
957,3,"2030-2035"
957,3,"2035-2040"
957,3,"2040-2045"
957,3,"2045-2050"
957,3,"2050-2055"
957,3,"2055-2060"
957,3,"2060-2065"
957,3,"2065-2070"
957,3,"2070-2075"
957,3,"2075-2080"
957,3,"2080-2085"
957,3,"2085-2090"
957,3,"2090-2095"
957,3,"2095-2100"
957,4,"2015-2020"
957,4,"2020-2025"
957,4,"2025-2030"
957,4,"2030-2035"
957,4,"2035-2040"
957,4,"2040-2045"
957,4,"2045-2050"
957,4,"2050-2055"
957,4,"2055-2060"
957,4,"2060-2065"
957,4,"2065-2070"
957,4,"2070-2075"
957,4,"2075-2080"
957,4,"2080-2085"
957,4,"2085-2090"
957,4,"2090-2095"
957,4,"2095-2100"
957,5,"2015-2020"
957,5,"2020-2025"
957,5,"2025-2030"
957,5,"2030-2035"
957,5,"2035-2040"
957,5,"2040-2045"
957,5,"2045-2050"
957,5,"2050-2055"
957,5,"2055-2060"
957,5,"2060-2065"
957,5,"2065-2070"
957,5,"2070-2075"
957,5,"2075-2080"
957,5,"2080-2085"
957,5,"2085-2090"
957,5,"2090-2095"
957,5,"2095-2100"
957,6,"2015-2020"
957,6,"2020-2025"
957,6,"2025-2030"
957,6,"2030-2035"
957,6,"2035-2040"
957,6,"2040-2045"
957,6,"2045-2050"
957,6,"2050-2055"
957,6,"2055-2060"
957,6,"2060-2065"
957,6,"2065-2070"
957,6,"2070-2075"
957,6,"2075-2080"
957,6,"2080-2085"
957,6,"2085-2090"
957,6,"2090-2095"
957,6,"2095-2100"
957,7,"2015-2020"
957,7,"2020-2025"
957,7,"2025-2030"
957,7,"2030-2035"
957,7,"2035-2040"
957,7,"2040-2045"
957,7,"2045-2050"
957,7,"2050-2055"
957,7,"2055-2060"
957,7,"2060-2065"
957,7,"2065-2070"
957,7,"2070-2075"
957,7,"2075-2080"
957,7,"2080-2085"
957,7,"2085-2090"
957,7,"2090-2095"
957,7,"2095-2100"
957,8,"2015-2020"
957,8,"2020-2025"
957,8,"2025-2030"
957,8,"2030-2035"
957,8,"2035-2040"
957,8,"2040-2045"
957,8,"2045-2050"
957,8,"2050-2055"
957,8,"2055-2060"
957,8,"2060-2065"
957,8,"2065-2070"
957,8,"2070-2075"
957,8,"2075-2080"
957,8,"2080-2085"
957,8,"2085-2090"
957,8,"2090-2095"
957,8,"2095-2100"
957,9,"2015-2020"
957,9,"2020-2025"
957,9,"2025-2030"
957,9,"2030-2035"
957,9,"2035-2040"
957,9,"2040-2045"
957,9,"2045-2050"
957,9,"2050-2055"
957,9,"2055-2060"
957,9,"2060-2065"
957,9,"2065-2070"
957,9,"2070-2075"
957,9,"2075-2080"
957,9,"2080-2085"
957,9,"2085-2090"
957,9,"2090-2095"
957,9,"2095-2100"
620,3,"2015-2020"
620,3,"2020-2025"
620,3,"2025-2030"
620,3,"2030-2035"
620,3,"2035-2040"
620,3,"2040-2045"
620,3,"2045-2050"
620,3,"2050-2055"
620,3,"2055-2060"
620,3,"2060-2065"
620,3,"2065-2070"
620,3,"2070-2075"
620,3,"2075-2080"
620,3,"2080-2085"
620,3,"2085-2090"
620,3,"2090-2095"
620,3,"2095-2100"
620,4,"2015-2020"
620,4,"2020-2025"
620,4,"2025-2030"
620,4,"2030-2035"
620,4,"2035-2040"
620,4,"2040-2045"
620,4,"2045-2050"
620,4,"2050-2055"
620,4,"2055-2060"
620,4,"2060-2065"
620,4,"2065-2070"
620,4,"2070-2075"
620,4,"2075-2080"
620,4,"2080-2085"
620,4,"2085-2090"
620,4,"2090-2095"
620,4,"2095-2100"
620,5,"2015-2020"
620,5,"2020-2025"
620,5,"2025-2030"
620,5,"2030-2035"
620,5,"2035-2040"
620,5,"2040-2045"
620,5,"2045-2050"
620,5,"2050-2055"
620,5,"2055-2060"
620,5,"2060-2065"
620,5,"2065-2070"
620,5,"2070-2075"
620,5,"2075-2080"
620,5,"2080-2085"
620,5,"2085-2090"
620,5,"2090-2095"
620,5,"2095-2100"
620,6,"2015-2020"
620,6,"2020-2025"
620,6,"2025-2030"
620,6,"2030-2035"
620,6,"2035-2040"
620,6,"2040-2045"
620,6,"2045-2050"
620,6,"2050-2055"
620,6,"2055-2060"
620,6,"2060-2065"
620,6,"2065-2070"
620,6,"2070-2075"
620,6,"2075-2080"
620,6,"2080-2085"
620,6,"2085-2090"
620,6,"2090-2095"
620,6,"2095-2100"
620,7,"2015-2020"
620,7,"2020-2025"
620,7,"2025-2030"
620,7,"2030-2035"
620,7,"2035-2040"
620,7,"2040-2045"
620,7,"2045-2050"
620,7,"2050-2055"
620,7,"2055-2060"
620,7,"2060-2065"
620,7,"2065-2070"
620,7,"2070-2075"
620,7,"2075-2080"
620,7,"2080-2085"
620,7,"2085-2090"
620,7,"2090-2095"
620,7,"2095-2100"
620,8,"2015-2020"
620,8,"2020-2025"
620,8,"2025-2030"
620,8,"2030-2035"
620,8,"2035-2040"
620,8,"2040-2045"
620,8,"2045-2050"
620,8,"2050-2055"
620,8,"2055-2060"
620,8,"2060-2065"
620,8,"2065-2070"
620,8,"2070-2075"
620,8,"2075-2080"
620,8,"2080-2085"
620,8,"2085-2090"
620,8,"2090-2095"
620,8,"2095-2100"
620,9,"2015-2020"
620,9,"2020-2025"
620,9,"2025-2030"
620,9,"2030-2035"
620,9,"2035-2040"
620,9,"2040-2045"
620,9,"2045-2050"
620,9,"2050-2055"
620,9,"2055-2060"
620,9,"2060-2065"
620,9,"2065-2070"
620,9,"2070-2075"
620,9,"2075-2080"
620,9,"2080-2085"
620,9,"2085-2090"
620,9,"2090-2095"
620,9,"2095-2100"
620,202,"2015-2020"
620,202,"2020-2025"
620,202,"2025-2030"
620,202,"2030-2035"
620,202,"2035-2040"
620,202,"2040-2045"
620,202,"2045-2050"
620,202,"2050-2055"
620,202,"2055-2060"
620,202,"2060-2065"
620,202,"2065-2070"
620,202,"2070-2075"
620,202,"2075-2080"
620,202,"2080-2085"
620,202,"2085-2090"
620,202,"2090-2095"
620,202,"2095-2100"
630,3,"2015-2020"
630,3,"2020-2025"
630,3,"2025-2030"
630,3,"2030-2035"
630,3,"2035-2040"
630,3,"2040-2045"
630,3,"2045-2050"
630,3,"2050-2055"
630,3,"2055-2060"
630,3,"2060-2065"
630,3,"2065-2070"
630,3,"2070-2075"
630,3,"2075-2080"
630,3,"2080-2085"
630,3,"2085-2090"
630,3,"2090-2095"
630,3,"2095-2100"
630,4,"2015-2020"
630,4,"2020-2025"
630,4,"2025-2030"
630,4,"2030-2035"
630,4,"2035-2040"
630,4,"2040-2045"
630,4,"2045-2050"
630,4,"2050-2055"
630,4,"2055-2060"
630,4,"2060-2065"
630,4,"2065-2070"
630,4,"2070-2075"
630,4,"2075-2080"
630,4,"2080-2085"
630,4,"2085-2090"
630,4,"2090-2095"
630,4,"2095-2100"
630,5,"2015-2020"
630,5,"2020-2025"
630,5,"2025-2030"
630,5,"2030-2035"
630,5,"2035-2040"
630,5,"2040-2045"
630,5,"2045-2050"
630,5,"2050-2055"
630,5,"2055-2060"
630,5,"2060-2065"
630,5,"2065-2070"
630,5,"2070-2075"
630,5,"2075-2080"
630,5,"2080-2085"
630,5,"2085-2090"
630,5,"2090-2095"
630,5,"2095-2100"
630,6,"2015-2020"
630,6,"2020-2025"
630,6,"2025-2030"
630,6,"2030-2035"
630,6,"2035-2040"
630,6,"2040-2045"
630,6,"2045-2050"
630,6,"2050-2055"
630,6,"2055-2060"
630,6,"2060-2065"
630,6,"2065-2070"
630,6,"2070-2075"
630,6,"2075-2080"
630,6,"2080-2085"
630,6,"2085-2090"
630,6,"2090-2095"
630,6,"2095-2100"
630,7,"2015-2020"
630,7,"2020-2025"
630,7,"2025-2030"
630,7,"2030-2035"
630,7,"2035-2040"
630,7,"2040-2045"
630,7,"2045-2050"
630,7,"2050-2055"
630,7,"2055-2060"
630,7,"2060-2065"
630,7,"2065-2070"
630,7,"2070-2075"
630,7,"2075-2080"
630,7,"2080-2085"
630,7,"2085-2090"
630,7,"2090-2095"
630,7,"2095-2100"
630,8,"2015-2020"
630,8,"2020-2025"
630,8,"2025-2030"
630,8,"2030-2035"
630,8,"2035-2040"
630,8,"2040-2045"
630,8,"2045-2050"
630,8,"2050-2055"
630,8,"2055-2060"
630,8,"2060-2065"
630,8,"2065-2070"
630,8,"2070-2075"
630,8,"2075-2080"
630,8,"2080-2085"
630,8,"2085-2090"
630,8,"2090-2095"
630,8,"2095-2100"
630,9,"2015-2020"
630,9,"2020-2025"
630,9,"2025-2030"
630,9,"2030-2035"
630,9,"2035-2040"
630,9,"2040-2045"
630,9,"2045-2050"
630,9,"2050-2055"
630,9,"2055-2060"
630,9,"2060-2065"
630,9,"2065-2070"
630,9,"2070-2075"
630,9,"2075-2080"
630,9,"2080-2085"
630,9,"2085-2090"
630,9,"2090-2095"
630,9,"2095-2100"
630,202,"2015-2020"
630,202,"2020-2025"
630,202,"2025-2030"
630,202,"2030-2035"
630,202,"2035-2040"
630,202,"2040-2045"
630,202,"2045-2050"
630,202,"2050-2055"
630,202,"2055-2060"
630,202,"2060-2065"
630,202,"2065-2070"
630,202,"2070-2075"
630,202,"2075-2080"
630,202,"2080-2085"
630,202,"2085-2090"
630,202,"2090-2095"
630,202,"2095-2100"
634,3,"2015-2020"
634,3,"2020-2025"
634,3,"2025-2030"
634,3,"2030-2035"
634,3,"2035-2040"
634,3,"2040-2045"
634,3,"2045-2050"
634,3,"2050-2055"
634,3,"2055-2060"
634,3,"2060-2065"
634,3,"2065-2070"
634,3,"2070-2075"
634,3,"2075-2080"
634,3,"2080-2085"
634,3,"2085-2090"
634,3,"2090-2095"
634,3,"2095-2100"
634,4,"2015-2020"
634,4,"2020-2025"
634,4,"2025-2030"
634,4,"2030-2035"
634,4,"2035-2040"
634,4,"2040-2045"
634,4,"2045-2050"
634,4,"2050-2055"
634,4,"2055-2060"
634,4,"2060-2065"
634,4,"2065-2070"
634,4,"2070-2075"
634,4,"2075-2080"
634,4,"2080-2085"
634,4,"2085-2090"
634,4,"2090-2095"
634,4,"2095-2100"
634,5,"2015-2020"
634,5,"2020-2025"
634,5,"2025-2030"
634,5,"2030-2035"
634,5,"2035-2040"
634,5,"2040-2045"
634,5,"2045-2050"
634,5,"2050-2055"
634,5,"2055-2060"
634,5,"2060-2065"
634,5,"2065-2070"
634,5,"2070-2075"
634,5,"2075-2080"
634,5,"2080-2085"
634,5,"2085-2090"
634,5,"2090-2095"
634,5,"2095-2100"
634,6,"2015-2020"
634,6,"2020-2025"
634,6,"2025-2030"
634,6,"2030-2035"
634,6,"2035-2040"
634,6,"2040-2045"
634,6,"2045-2050"
634,6,"2050-2055"
634,6,"2055-2060"
634,6,"2060-2065"
634,6,"2065-2070"
634,6,"2070-2075"
634,6,"2075-2080"
634,6,"2080-2085"
634,6,"2085-2090"
634,6,"2090-2095"
634,6,"2095-2100"
634,7,"2015-2020"
634,7,"2020-2025"
634,7,"2025-2030"
634,7,"2030-2035"
634,7,"2035-2040"
634,7,"2040-2045"
634,7,"2045-2050"
634,7,"2050-2055"
634,7,"2055-2060"
634,7,"2060-2065"
634,7,"2065-2070"
634,7,"2070-2075"
634,7,"2075-2080"
634,7,"2080-2085"
634,7,"2085-2090"
634,7,"2090-2095"
634,7,"2095-2100"
634,8,"2015-2020"
634,8,"2020-2025"
634,8,"2025-2030"
634,8,"2030-2035"
634,8,"2035-2040"
634,8,"2040-2045"
634,8,"2045-2050"
634,8,"2050-2055"
634,8,"2055-2060"
634,8,"2060-2065"
634,8,"2065-2070"
634,8,"2070-2075"
634,8,"2075-2080"
634,8,"2080-2085"
634,8,"2085-2090"
634,8,"2090-2095"
634,8,"2095-2100"
634,9,"2015-2020"
634,9,"2020-2025"
634,9,"2025-2030"
634,9,"2030-2035"
634,9,"2035-2040"
634,9,"2040-2045"
634,9,"2045-2050"
634,9,"2050-2055"
634,9,"2055-2060"
634,9,"2060-2065"
634,9,"2065-2070"
634,9,"2070-2075"
634,9,"2075-2080"
634,9,"2080-2085"
634,9,"2085-2090"
634,9,"2090-2095"
634,9,"2095-2100"
634,202,"2015-2020"
634,202,"2020-2025"
634,202,"2025-2030"
634,202,"2030-2035"
634,202,"2035-2040"
634,202,"2040-2045"
634,202,"2045-2050"
634,202,"2050-2055"
634,202,"2055-2060"
634,202,"2060-2065"
634,202,"2065-2070"
634,202,"2070-2075"
634,202,"2075-2080"
634,202,"2080-2085"
634,202,"2085-2090"
634,202,"2090-2095"
634,202,"2095-2100"
410,3,"2015-2020"
410,3,"2020-2025"
410,3,"2025-2030"
410,3,"2030-2035"
410,3,"2035-2040"
410,3,"2040-2045"
410,3,"2045-2050"
410,3,"2050-2055"
410,3,"2055-2060"
410,3,"2060-2065"
410,3,"2065-2070"
410,3,"2070-2075"
410,3,"2075-2080"
410,3,"2080-2085"
410,3,"2085-2090"
410,3,"2090-2095"
410,3,"2095-2100"
410,4,"2015-2020"
410,4,"2020-2025"
410,4,"2025-2030"
410,4,"2030-2035"
410,4,"2035-2040"
410,4,"2040-2045"
410,4,"2045-2050"
410,4,"2050-2055"
410,4,"2055-2060"
410,4,"2060-2065"
410,4,"2065-2070"
410,4,"2070-2075"
410,4,"2075-2080"
410,4,"2080-2085"
410,4,"2085-2090"
410,4,"2090-2095"
410,4,"2095-2100"
410,5,"2015-2020"
410,5,"2020-2025"
410,5,"2025-2030"
410,5,"2030-2035"
410,5,"2035-2040"
410,5,"2040-2045"
410,5,"2045-2050"
410,5,"2050-2055"
410,5,"2055-2060"
410,5,"2060-2065"
410,5,"2065-2070"
410,5,"2070-2075"
410,5,"2075-2080"
410,5,"2080-2085"
410,5,"2085-2090"
410,5,"2090-2095"
410,5,"2095-2100"
410,6,"2015-2020"
410,6,"2020-2025"
410,6,"2025-2030"
410,6,"2030-2035"
410,6,"2035-2040"
410,6,"2040-2045"
410,6,"2045-2050"
410,6,"2050-2055"
410,6,"2055-2060"
410,6,"2060-2065"
410,6,"2065-2070"
410,6,"2070-2075"
410,6,"2075-2080"
410,6,"2080-2085"
410,6,"2085-2090"
410,6,"2090-2095"
410,6,"2095-2100"
410,7,"2015-2020"
410,7,"2020-2025"
410,7,"2025-2030"
410,7,"2030-2035"
410,7,"2035-2040"
410,7,"2040-2045"
410,7,"2045-2050"
410,7,"2050-2055"
410,7,"2055-2060"
410,7,"2060-2065"
410,7,"2065-2070"
410,7,"2070-2075"
410,7,"2075-2080"
410,7,"2080-2085"
410,7,"2085-2090"
410,7,"2090-2095"
410,7,"2095-2100"
410,8,"2015-2020"
410,8,"2020-2025"
410,8,"2025-2030"
410,8,"2030-2035"
410,8,"2035-2040"
410,8,"2040-2045"
410,8,"2045-2050"
410,8,"2050-2055"
410,8,"2055-2060"
410,8,"2060-2065"
410,8,"2065-2070"
410,8,"2070-2075"
410,8,"2075-2080"
410,8,"2080-2085"
410,8,"2085-2090"
410,8,"2090-2095"
410,8,"2095-2100"
410,9,"2015-2020"
410,9,"2020-2025"
410,9,"2025-2030"
410,9,"2030-2035"
410,9,"2035-2040"
410,9,"2040-2045"
410,9,"2045-2050"
410,9,"2050-2055"
410,9,"2055-2060"
410,9,"2060-2065"
410,9,"2065-2070"
410,9,"2070-2075"
410,9,"2075-2080"
410,9,"2080-2085"
410,9,"2085-2090"
410,9,"2090-2095"
410,9,"2095-2100"
410,202,"2015-2020"
410,202,"2020-2025"
410,202,"2025-2030"
410,202,"2030-2035"
410,202,"2035-2040"
410,202,"2040-2045"
410,202,"2045-2050"
410,202,"2050-2055"
410,202,"2055-2060"
410,202,"2060-2065"
410,202,"2065-2070"
410,202,"2070-2075"
410,202,"2075-2080"
410,202,"2080-2085"
410,202,"2085-2090"
410,202,"2090-2095"
410,202,"2095-2100"
498,3,"2015-2020"
498,3,"2020-2025"
498,3,"2025-2030"
498,3,"2030-2035"
498,3,"2035-2040"
498,3,"2040-2045"
498,3,"2045-2050"
498,3,"2050-2055"
498,3,"2055-2060"
498,3,"2060-2065"
498,3,"2065-2070"
498,3,"2070-2075"
498,3,"2075-2080"
498,3,"2080-2085"
498,3,"2085-2090"
498,3,"2090-2095"
498,3,"2095-2100"
498,4,"2015-2020"
498,4,"2020-2025"
498,4,"2025-2030"
498,4,"2030-2035"
498,4,"2035-2040"
498,4,"2040-2045"
498,4,"2045-2050"
498,4,"2050-2055"
498,4,"2055-2060"
498,4,"2060-2065"
498,4,"2065-2070"
498,4,"2070-2075"
498,4,"2075-2080"
498,4,"2080-2085"
498,4,"2085-2090"
498,4,"2090-2095"
498,4,"2095-2100"
498,5,"2015-2020"
498,5,"2020-2025"
498,5,"2025-2030"
498,5,"2030-2035"
498,5,"2035-2040"
498,5,"2040-2045"
498,5,"2045-2050"
498,5,"2050-2055"
498,5,"2055-2060"
498,5,"2060-2065"
498,5,"2065-2070"
498,5,"2070-2075"
498,5,"2075-2080"
498,5,"2080-2085"
498,5,"2085-2090"
498,5,"2090-2095"
498,5,"2095-2100"
498,6,"2015-2020"
498,6,"2020-2025"
498,6,"2025-2030"
498,6,"2030-2035"
498,6,"2035-2040"
498,6,"2040-2045"
498,6,"2045-2050"
498,6,"2050-2055"
498,6,"2055-2060"
498,6,"2060-2065"
498,6,"2065-2070"
498,6,"2070-2075"
498,6,"2075-2080"
498,6,"2080-2085"
498,6,"2085-2090"
498,6,"2090-2095"
498,6,"2095-2100"
498,7,"2015-2020"
498,7,"2020-2025"
498,7,"2025-2030"
498,7,"2030-2035"
498,7,"2035-2040"
498,7,"2040-2045"
498,7,"2045-2050"
498,7,"2050-2055"
498,7,"2055-2060"
498,7,"2060-2065"
498,7,"2065-2070"
498,7,"2070-2075"
498,7,"2075-2080"
498,7,"2080-2085"
498,7,"2085-2090"
498,7,"2090-2095"
498,7,"2095-2100"
498,8,"2015-2020"
498,8,"2020-2025"
498,8,"2025-2030"
498,8,"2030-2035"
498,8,"2035-2040"
498,8,"2040-2045"
498,8,"2045-2050"
498,8,"2050-2055"
498,8,"2055-2060"
498,8,"2060-2065"
498,8,"2065-2070"
498,8,"2070-2075"
498,8,"2075-2080"
498,8,"2080-2085"
498,8,"2085-2090"
498,8,"2090-2095"
498,8,"2095-2100"
498,9,"2015-2020"
498,9,"2020-2025"
498,9,"2025-2030"
498,9,"2030-2035"
498,9,"2035-2040"
498,9,"2040-2045"
498,9,"2045-2050"
498,9,"2050-2055"
498,9,"2055-2060"
498,9,"2060-2065"
498,9,"2065-2070"
498,9,"2070-2075"
498,9,"2075-2080"
498,9,"2080-2085"
498,9,"2085-2090"
498,9,"2090-2095"
498,9,"2095-2100"
498,202,"2015-2020"
498,202,"2020-2025"
498,202,"2025-2030"
498,202,"2030-2035"
498,202,"2035-2040"
498,202,"2040-2045"
498,202,"2045-2050"
498,202,"2050-2055"
498,202,"2055-2060"
498,202,"2060-2065"
498,202,"2065-2070"
498,202,"2070-2075"
498,202,"2075-2080"
498,202,"2080-2085"
498,202,"2085-2090"
498,202,"2090-2095"
498,202,"2095-2100"
642,3,"2015-2020"
642,3,"2020-2025"
642,3,"2025-2030"
642,3,"2030-2035"
642,3,"2035-2040"
642,3,"2040-2045"
642,3,"2045-2050"
642,3,"2050-2055"
642,3,"2055-2060"
642,3,"2060-2065"
642,3,"2065-2070"
642,3,"2070-2075"
642,3,"2075-2080"
642,3,"2080-2085"
642,3,"2085-2090"
642,3,"2090-2095"
642,3,"2095-2100"
642,4,"2015-2020"
642,4,"2020-2025"
642,4,"2025-2030"
642,4,"2030-2035"
642,4,"2035-2040"
642,4,"2040-2045"
642,4,"2045-2050"
642,4,"2050-2055"
642,4,"2055-2060"
642,4,"2060-2065"
642,4,"2065-2070"
642,4,"2070-2075"
642,4,"2075-2080"
642,4,"2080-2085"
642,4,"2085-2090"
642,4,"2090-2095"
642,4,"2095-2100"
642,5,"2015-2020"
642,5,"2020-2025"
642,5,"2025-2030"
642,5,"2030-2035"
642,5,"2035-2040"
642,5,"2040-2045"
642,5,"2045-2050"
642,5,"2050-2055"
642,5,"2055-2060"
642,5,"2060-2065"
642,5,"2065-2070"
642,5,"2070-2075"
642,5,"2075-2080"
642,5,"2080-2085"
642,5,"2085-2090"
642,5,"2090-2095"
642,5,"2095-2100"
642,6,"2015-2020"
642,6,"2020-2025"
642,6,"2025-2030"
642,6,"2030-2035"
642,6,"2035-2040"
642,6,"2040-2045"
642,6,"2045-2050"
642,6,"2050-2055"
642,6,"2055-2060"
642,6,"2060-2065"
642,6,"2065-2070"
642,6,"2070-2075"
642,6,"2075-2080"
642,6,"2080-2085"
642,6,"2085-2090"
642,6,"2090-2095"
642,6,"2095-2100"
642,7,"2015-2020"
642,7,"2020-2025"
642,7,"2025-2030"
642,7,"2030-2035"
642,7,"2035-2040"
642,7,"2040-2045"
642,7,"2045-2050"
642,7,"2050-2055"
642,7,"2055-2060"
642,7,"2060-2065"
642,7,"2065-2070"
642,7,"2070-2075"
642,7,"2075-2080"
642,7,"2080-2085"
642,7,"2085-2090"
642,7,"2090-2095"
642,7,"2095-2100"
642,8,"2015-2020"
642,8,"2020-2025"
642,8,"2025-2030"
642,8,"2030-2035"
642,8,"2035-2040"
642,8,"2040-2045"
642,8,"2045-2050"
642,8,"2050-2055"
642,8,"2055-2060"
642,8,"2060-2065"
642,8,"2065-2070"
642,8,"2070-2075"
642,8,"2075-2080"
642,8,"2080-2085"
642,8,"2085-2090"
642,8,"2090-2095"
642,8,"2095-2100"
642,9,"2015-2020"
642,9,"2020-2025"
642,9,"2025-2030"
642,9,"2030-2035"
642,9,"2035-2040"
642,9,"2040-2045"
642,9,"2045-2050"
642,9,"2050-2055"
642,9,"2055-2060"
642,9,"2060-2065"
642,9,"2065-2070"
642,9,"2070-2075"
642,9,"2075-2080"
642,9,"2080-2085"
642,9,"2085-2090"
642,9,"2090-2095"
642,9,"2095-2100"
642,202,"2015-2020"
642,202,"2020-2025"
642,202,"2025-2030"
642,202,"2030-2035"
642,202,"2035-2040"
642,202,"2040-2045"
642,202,"2045-2050"
642,202,"2050-2055"
642,202,"2055-2060"
642,202,"2060-2065"
642,202,"2065-2070"
642,202,"2070-2075"
642,202,"2075-2080"
642,202,"2080-2085"
642,202,"2085-2090"
642,202,"2090-2095"
642,202,"2095-2100"
643,3,"2015-2020"
643,3,"2020-2025"
643,3,"2025-2030"
643,3,"2030-2035"
643,3,"2035-2040"
643,3,"2040-2045"
643,3,"2045-2050"
643,3,"2050-2055"
643,3,"2055-2060"
643,3,"2060-2065"
643,3,"2065-2070"
643,3,"2070-2075"
643,3,"2075-2080"
643,3,"2080-2085"
643,3,"2085-2090"
643,3,"2090-2095"
643,3,"2095-2100"
643,4,"2015-2020"
643,4,"2020-2025"
643,4,"2025-2030"
643,4,"2030-2035"
643,4,"2035-2040"
643,4,"2040-2045"
643,4,"2045-2050"
643,4,"2050-2055"
643,4,"2055-2060"
643,4,"2060-2065"
643,4,"2065-2070"
643,4,"2070-2075"
643,4,"2075-2080"
643,4,"2080-2085"
643,4,"2085-2090"
643,4,"2090-2095"
643,4,"2095-2100"
643,5,"2015-2020"
643,5,"2020-2025"
643,5,"2025-2030"
643,5,"2030-2035"
643,5,"2035-2040"
643,5,"2040-2045"
643,5,"2045-2050"
643,5,"2050-2055"
643,5,"2055-2060"
643,5,"2060-2065"
643,5,"2065-2070"
643,5,"2070-2075"
643,5,"2075-2080"
643,5,"2080-2085"
643,5,"2085-2090"
643,5,"2090-2095"
643,5,"2095-2100"
643,6,"2015-2020"
643,6,"2020-2025"
643,6,"2025-2030"
643,6,"2030-2035"
643,6,"2035-2040"
643,6,"2040-2045"
643,6,"2045-2050"
643,6,"2050-2055"
643,6,"2055-2060"
643,6,"2060-2065"
643,6,"2065-2070"
643,6,"2070-2075"
643,6,"2075-2080"
643,6,"2080-2085"
643,6,"2085-2090"
643,6,"2090-2095"
643,6,"2095-2100"
643,7,"2015-2020"
643,7,"2020-2025"
643,7,"2025-2030"
643,7,"2030-2035"
643,7,"2035-2040"
643,7,"2040-2045"
643,7,"2045-2050"
643,7,"2050-2055"
643,7,"2055-2060"
643,7,"2060-2065"
643,7,"2065-2070"
643,7,"2070-2075"
643,7,"2075-2080"
643,7,"2080-2085"
643,7,"2085-2090"
643,7,"2090-2095"
643,7,"2095-2100"
643,8,"2015-2020"
643,8,"2020-2025"
643,8,"2025-2030"
643,8,"2030-2035"
643,8,"2035-2040"
643,8,"2040-2045"
643,8,"2045-2050"
643,8,"2050-2055"
643,8,"2055-2060"
643,8,"2060-2065"
643,8,"2065-2070"
643,8,"2070-2075"
643,8,"2075-2080"
643,8,"2080-2085"
643,8,"2085-2090"
643,8,"2090-2095"
643,8,"2095-2100"
643,9,"2015-2020"
643,9,"2020-2025"
643,9,"2025-2030"
643,9,"2030-2035"
643,9,"2035-2040"
643,9,"2040-2045"
643,9,"2045-2050"
643,9,"2050-2055"
643,9,"2055-2060"
643,9,"2060-2065"
643,9,"2065-2070"
643,9,"2070-2075"
643,9,"2075-2080"
643,9,"2080-2085"
643,9,"2085-2090"
643,9,"2090-2095"
643,9,"2095-2100"
643,202,"2015-2020"
643,202,"2020-2025"
643,202,"2025-2030"
643,202,"2030-2035"
643,202,"2035-2040"
643,202,"2040-2045"
643,202,"2045-2050"
643,202,"2050-2055"
643,202,"2055-2060"
643,202,"2060-2065"
643,202,"2065-2070"
643,202,"2070-2075"
643,202,"2075-2080"
643,202,"2080-2085"
643,202,"2085-2090"
643,202,"2090-2095"
643,202,"2095-2100"
646,3,"2015-2020"
646,3,"2020-2025"
646,3,"2025-2030"
646,3,"2030-2035"
646,3,"2035-2040"
646,3,"2040-2045"
646,3,"2045-2050"
646,3,"2050-2055"
646,3,"2055-2060"
646,3,"2060-2065"
646,3,"2065-2070"
646,3,"2070-2075"
646,3,"2075-2080"
646,3,"2080-2085"
646,3,"2085-2090"
646,3,"2090-2095"
646,3,"2095-2100"
646,4,"2015-2020"
646,4,"2020-2025"
646,4,"2025-2030"
646,4,"2030-2035"
646,4,"2035-2040"
646,4,"2040-2045"
646,4,"2045-2050"
646,4,"2050-2055"
646,4,"2055-2060"
646,4,"2060-2065"
646,4,"2065-2070"
646,4,"2070-2075"
646,4,"2075-2080"
646,4,"2080-2085"
646,4,"2085-2090"
646,4,"2090-2095"
646,4,"2095-2100"
646,5,"2015-2020"
646,5,"2020-2025"
646,5,"2025-2030"
646,5,"2030-2035"
646,5,"2035-2040"
646,5,"2040-2045"
646,5,"2045-2050"
646,5,"2050-2055"
646,5,"2055-2060"
646,5,"2060-2065"
646,5,"2065-2070"
646,5,"2070-2075"
646,5,"2075-2080"
646,5,"2080-2085"
646,5,"2085-2090"
646,5,"2090-2095"
646,5,"2095-2100"
646,6,"2015-2020"
646,6,"2020-2025"
646,6,"2025-2030"
646,6,"2030-2035"
646,6,"2035-2040"
646,6,"2040-2045"
646,6,"2045-2050"
646,6,"2050-2055"
646,6,"2055-2060"
646,6,"2060-2065"
646,6,"2065-2070"
646,6,"2070-2075"
646,6,"2075-2080"
646,6,"2080-2085"
646,6,"2085-2090"
646,6,"2090-2095"
646,6,"2095-2100"
646,7,"2015-2020"
646,7,"2020-2025"
646,7,"2025-2030"
646,7,"2030-2035"
646,7,"2035-2040"
646,7,"2040-2045"
646,7,"2045-2050"
646,7,"2050-2055"
646,7,"2055-2060"
646,7,"2060-2065"
646,7,"2065-2070"
646,7,"2070-2075"
646,7,"2075-2080"
646,7,"2080-2085"
646,7,"2085-2090"
646,7,"2090-2095"
646,7,"2095-2100"
646,8,"2015-2020"
646,8,"2020-2025"
646,8,"2025-2030"
646,8,"2030-2035"
646,8,"2035-2040"
646,8,"2040-2045"
646,8,"2045-2050"
646,8,"2050-2055"
646,8,"2055-2060"
646,8,"2060-2065"
646,8,"2065-2070"
646,8,"2070-2075"
646,8,"2075-2080"
646,8,"2080-2085"
646,8,"2085-2090"
646,8,"2090-2095"
646,8,"2095-2100"
646,9,"2015-2020"
646,9,"2020-2025"
646,9,"2025-2030"
646,9,"2030-2035"
646,9,"2035-2040"
646,9,"2040-2045"
646,9,"2045-2050"
646,9,"2050-2055"
646,9,"2055-2060"
646,9,"2060-2065"
646,9,"2065-2070"
646,9,"2070-2075"
646,9,"2075-2080"
646,9,"2080-2085"
646,9,"2085-2090"
646,9,"2090-2095"
646,9,"2095-2100"
646,202,"2015-2020"
646,202,"2020-2025"
646,202,"2025-2030"
646,202,"2030-2035"
646,202,"2035-2040"
646,202,"2040-2045"
646,202,"2045-2050"
646,202,"2050-2055"
646,202,"2055-2060"
646,202,"2060-2065"
646,202,"2065-2070"
646,202,"2070-2075"
646,202,"2075-2080"
646,202,"2080-2085"
646,202,"2085-2090"
646,202,"2090-2095"
646,202,"2095-2100"
638,3,"2015-2020"
638,3,"2020-2025"
638,3,"2025-2030"
638,3,"2030-2035"
638,3,"2035-2040"
638,3,"2040-2045"
638,3,"2045-2050"
638,3,"2050-2055"
638,3,"2055-2060"
638,3,"2060-2065"
638,3,"2065-2070"
638,3,"2070-2075"
638,3,"2075-2080"
638,3,"2080-2085"
638,3,"2085-2090"
638,3,"2090-2095"
638,3,"2095-2100"
638,4,"2015-2020"
638,4,"2020-2025"
638,4,"2025-2030"
638,4,"2030-2035"
638,4,"2035-2040"
638,4,"2040-2045"
638,4,"2045-2050"
638,4,"2050-2055"
638,4,"2055-2060"
638,4,"2060-2065"
638,4,"2065-2070"
638,4,"2070-2075"
638,4,"2075-2080"
638,4,"2080-2085"
638,4,"2085-2090"
638,4,"2090-2095"
638,4,"2095-2100"
638,5,"2015-2020"
638,5,"2020-2025"
638,5,"2025-2030"
638,5,"2030-2035"
638,5,"2035-2040"
638,5,"2040-2045"
638,5,"2045-2050"
638,5,"2050-2055"
638,5,"2055-2060"
638,5,"2060-2065"
638,5,"2065-2070"
638,5,"2070-2075"
638,5,"2075-2080"
638,5,"2080-2085"
638,5,"2085-2090"
638,5,"2090-2095"
638,5,"2095-2100"
638,6,"2015-2020"
638,6,"2020-2025"
638,6,"2025-2030"
638,6,"2030-2035"
638,6,"2035-2040"
638,6,"2040-2045"
638,6,"2045-2050"
638,6,"2050-2055"
638,6,"2055-2060"
638,6,"2060-2065"
638,6,"2065-2070"
638,6,"2070-2075"
638,6,"2075-2080"
638,6,"2080-2085"
638,6,"2085-2090"
638,6,"2090-2095"
638,6,"2095-2100"
638,7,"2015-2020"
638,7,"2020-2025"
638,7,"2025-2030"
638,7,"2030-2035"
638,7,"2035-2040"
638,7,"2040-2045"
638,7,"2045-2050"
638,7,"2050-2055"
638,7,"2055-2060"
638,7,"2060-2065"
638,7,"2065-2070"
638,7,"2070-2075"
638,7,"2075-2080"
638,7,"2080-2085"
638,7,"2085-2090"
638,7,"2090-2095"
638,7,"2095-2100"
638,8,"2015-2020"
638,8,"2020-2025"
638,8,"2025-2030"
638,8,"2030-2035"
638,8,"2035-2040"
638,8,"2040-2045"
638,8,"2045-2050"
638,8,"2050-2055"
638,8,"2055-2060"
638,8,"2060-2065"
638,8,"2065-2070"
638,8,"2070-2075"
638,8,"2075-2080"
638,8,"2080-2085"
638,8,"2085-2090"
638,8,"2090-2095"
638,8,"2095-2100"
638,9,"2015-2020"
638,9,"2020-2025"
638,9,"2025-2030"
638,9,"2030-2035"
638,9,"2035-2040"
638,9,"2040-2045"
638,9,"2045-2050"
638,9,"2050-2055"
638,9,"2055-2060"
638,9,"2060-2065"
638,9,"2065-2070"
638,9,"2070-2075"
638,9,"2075-2080"
638,9,"2080-2085"
638,9,"2085-2090"
638,9,"2090-2095"
638,9,"2095-2100"
638,202,"2015-2020"
638,202,"2020-2025"
638,202,"2025-2030"
638,202,"2030-2035"
638,202,"2035-2040"
638,202,"2040-2045"
638,202,"2045-2050"
638,202,"2050-2055"
638,202,"2055-2060"
638,202,"2060-2065"
638,202,"2065-2070"
638,202,"2070-2075"
638,202,"2075-2080"
638,202,"2080-2085"
638,202,"2085-2090"
638,202,"2090-2095"
638,202,"2095-2100"
654,3,"2015-2020"
654,3,"2020-2025"
654,3,"2025-2030"
654,3,"2030-2035"
654,3,"2035-2040"
654,3,"2040-2045"
654,3,"2045-2050"
654,3,"2050-2055"
654,3,"2055-2060"
654,3,"2060-2065"
654,3,"2065-2070"
654,3,"2070-2075"
654,3,"2075-2080"
654,3,"2080-2085"
654,3,"2085-2090"
654,3,"2090-2095"
654,3,"2095-2100"
654,4,"2015-2020"
654,4,"2020-2025"
654,4,"2025-2030"
654,4,"2030-2035"
654,4,"2035-2040"
654,4,"2040-2045"
654,4,"2045-2050"
654,4,"2050-2055"
654,4,"2055-2060"
654,4,"2060-2065"
654,4,"2065-2070"
654,4,"2070-2075"
654,4,"2075-2080"
654,4,"2080-2085"
654,4,"2085-2090"
654,4,"2090-2095"
654,4,"2095-2100"
654,5,"2015-2020"
654,5,"2020-2025"
654,5,"2025-2030"
654,5,"2030-2035"
654,5,"2035-2040"
654,5,"2040-2045"
654,5,"2045-2050"
654,5,"2050-2055"
654,5,"2055-2060"
654,5,"2060-2065"
654,5,"2065-2070"
654,5,"2070-2075"
654,5,"2075-2080"
654,5,"2080-2085"
654,5,"2085-2090"
654,5,"2090-2095"
654,5,"2095-2100"
654,6,"2015-2020"
654,6,"2020-2025"
654,6,"2025-2030"
654,6,"2030-2035"
654,6,"2035-2040"
654,6,"2040-2045"
654,6,"2045-2050"
654,6,"2050-2055"
654,6,"2055-2060"
654,6,"2060-2065"
654,6,"2065-2070"
654,6,"2070-2075"
654,6,"2075-2080"
654,6,"2080-2085"
654,6,"2085-2090"
654,6,"2090-2095"
654,6,"2095-2100"
654,7,"2015-2020"
654,7,"2020-2025"
654,7,"2025-2030"
654,7,"2030-2035"
654,7,"2035-2040"
654,7,"2040-2045"
654,7,"2045-2050"
654,7,"2050-2055"
654,7,"2055-2060"
654,7,"2060-2065"
654,7,"2065-2070"
654,7,"2070-2075"
654,7,"2075-2080"
654,7,"2080-2085"
654,7,"2085-2090"
654,7,"2090-2095"
654,7,"2095-2100"
654,8,"2015-2020"
654,8,"2020-2025"
654,8,"2025-2030"
654,8,"2030-2035"
654,8,"2035-2040"
654,8,"2040-2045"
654,8,"2045-2050"
654,8,"2050-2055"
654,8,"2055-2060"
654,8,"2060-2065"
654,8,"2065-2070"
654,8,"2070-2075"
654,8,"2075-2080"
654,8,"2080-2085"
654,8,"2085-2090"
654,8,"2090-2095"
654,8,"2095-2100"
654,9,"2015-2020"
654,9,"2020-2025"
654,9,"2025-2030"
654,9,"2030-2035"
654,9,"2035-2040"
654,9,"2040-2045"
654,9,"2045-2050"
654,9,"2050-2055"
654,9,"2055-2060"
654,9,"2060-2065"
654,9,"2065-2070"
654,9,"2070-2075"
654,9,"2075-2080"
654,9,"2080-2085"
654,9,"2085-2090"
654,9,"2090-2095"
654,9,"2095-2100"
659,3,"2015-2020"
659,3,"2020-2025"
659,3,"2025-2030"
659,3,"2030-2035"
659,3,"2035-2040"
659,3,"2040-2045"
659,3,"2045-2050"
659,3,"2050-2055"
659,3,"2055-2060"
659,3,"2060-2065"
659,3,"2065-2070"
659,3,"2070-2075"
659,3,"2075-2080"
659,3,"2080-2085"
659,3,"2085-2090"
659,3,"2090-2095"
659,3,"2095-2100"
659,4,"2015-2020"
659,4,"2020-2025"
659,4,"2025-2030"
659,4,"2030-2035"
659,4,"2035-2040"
659,4,"2040-2045"
659,4,"2045-2050"
659,4,"2050-2055"
659,4,"2055-2060"
659,4,"2060-2065"
659,4,"2065-2070"
659,4,"2070-2075"
659,4,"2075-2080"
659,4,"2080-2085"
659,4,"2085-2090"
659,4,"2090-2095"
659,4,"2095-2100"
659,5,"2015-2020"
659,5,"2020-2025"
659,5,"2025-2030"
659,5,"2030-2035"
659,5,"2035-2040"
659,5,"2040-2045"
659,5,"2045-2050"
659,5,"2050-2055"
659,5,"2055-2060"
659,5,"2060-2065"
659,5,"2065-2070"
659,5,"2070-2075"
659,5,"2075-2080"
659,5,"2080-2085"
659,5,"2085-2090"
659,5,"2090-2095"
659,5,"2095-2100"
659,6,"2015-2020"
659,6,"2020-2025"
659,6,"2025-2030"
659,6,"2030-2035"
659,6,"2035-2040"
659,6,"2040-2045"
659,6,"2045-2050"
659,6,"2050-2055"
659,6,"2055-2060"
659,6,"2060-2065"
659,6,"2065-2070"
659,6,"2070-2075"
659,6,"2075-2080"
659,6,"2080-2085"
659,6,"2085-2090"
659,6,"2090-2095"
659,6,"2095-2100"
659,7,"2015-2020"
659,7,"2020-2025"
659,7,"2025-2030"
659,7,"2030-2035"
659,7,"2035-2040"
659,7,"2040-2045"
659,7,"2045-2050"
659,7,"2050-2055"
659,7,"2055-2060"
659,7,"2060-2065"
659,7,"2065-2070"
659,7,"2070-2075"
659,7,"2075-2080"
659,7,"2080-2085"
659,7,"2085-2090"
659,7,"2090-2095"
659,7,"2095-2100"
659,8,"2015-2020"
659,8,"2020-2025"
659,8,"2025-2030"
659,8,"2030-2035"
659,8,"2035-2040"
659,8,"2040-2045"
659,8,"2045-2050"
659,8,"2050-2055"
659,8,"2055-2060"
659,8,"2060-2065"
659,8,"2065-2070"
659,8,"2070-2075"
659,8,"2075-2080"
659,8,"2080-2085"
659,8,"2085-2090"
659,8,"2090-2095"
659,8,"2095-2100"
659,9,"2015-2020"
659,9,"2020-2025"
659,9,"2025-2030"
659,9,"2030-2035"
659,9,"2035-2040"
659,9,"2040-2045"
659,9,"2045-2050"
659,9,"2050-2055"
659,9,"2055-2060"
659,9,"2060-2065"
659,9,"2065-2070"
659,9,"2070-2075"
659,9,"2075-2080"
659,9,"2080-2085"
659,9,"2085-2090"
659,9,"2090-2095"
659,9,"2095-2100"
662,3,"2015-2020"
662,3,"2020-2025"
662,3,"2025-2030"
662,3,"2030-2035"
662,3,"2035-2040"
662,3,"2040-2045"
662,3,"2045-2050"
662,3,"2050-2055"
662,3,"2055-2060"
662,3,"2060-2065"
662,3,"2065-2070"
662,3,"2070-2075"
662,3,"2075-2080"
662,3,"2080-2085"
662,3,"2085-2090"
662,3,"2090-2095"
662,3,"2095-2100"
662,4,"2015-2020"
662,4,"2020-2025"
662,4,"2025-2030"
662,4,"2030-2035"
662,4,"2035-2040"
662,4,"2040-2045"
662,4,"2045-2050"
662,4,"2050-2055"
662,4,"2055-2060"
662,4,"2060-2065"
662,4,"2065-2070"
662,4,"2070-2075"
662,4,"2075-2080"
662,4,"2080-2085"
662,4,"2085-2090"
662,4,"2090-2095"
662,4,"2095-2100"
662,5,"2015-2020"
662,5,"2020-2025"
662,5,"2025-2030"
662,5,"2030-2035"
662,5,"2035-2040"
662,5,"2040-2045"
662,5,"2045-2050"
662,5,"2050-2055"
662,5,"2055-2060"
662,5,"2060-2065"
662,5,"2065-2070"
662,5,"2070-2075"
662,5,"2075-2080"
662,5,"2080-2085"
662,5,"2085-2090"
662,5,"2090-2095"
662,5,"2095-2100"
662,6,"2015-2020"
662,6,"2020-2025"
662,6,"2025-2030"
662,6,"2030-2035"
662,6,"2035-2040"
662,6,"2040-2045"
662,6,"2045-2050"
662,6,"2050-2055"
662,6,"2055-2060"
662,6,"2060-2065"
662,6,"2065-2070"
662,6,"2070-2075"
662,6,"2075-2080"
662,6,"2080-2085"
662,6,"2085-2090"
662,6,"2090-2095"
662,6,"2095-2100"
662,7,"2015-2020"
662,7,"2020-2025"
662,7,"2025-2030"
662,7,"2030-2035"
662,7,"2035-2040"
662,7,"2040-2045"
662,7,"2045-2050"
662,7,"2050-2055"
662,7,"2055-2060"
662,7,"2060-2065"
662,7,"2065-2070"
662,7,"2070-2075"
662,7,"2075-2080"
662,7,"2080-2085"
662,7,"2085-2090"
662,7,"2090-2095"
662,7,"2095-2100"
662,8,"2015-2020"
662,8,"2020-2025"
662,8,"2025-2030"
662,8,"2030-2035"
662,8,"2035-2040"
662,8,"2040-2045"
662,8,"2045-2050"
662,8,"2050-2055"
662,8,"2055-2060"
662,8,"2060-2065"
662,8,"2065-2070"
662,8,"2070-2075"
662,8,"2075-2080"
662,8,"2080-2085"
662,8,"2085-2090"
662,8,"2090-2095"
662,8,"2095-2100"
662,9,"2015-2020"
662,9,"2020-2025"
662,9,"2025-2030"
662,9,"2030-2035"
662,9,"2035-2040"
662,9,"2040-2045"
662,9,"2045-2050"
662,9,"2050-2055"
662,9,"2055-2060"
662,9,"2060-2065"
662,9,"2065-2070"
662,9,"2070-2075"
662,9,"2075-2080"
662,9,"2080-2085"
662,9,"2085-2090"
662,9,"2090-2095"
662,9,"2095-2100"
662,202,"2015-2020"
662,202,"2020-2025"
662,202,"2025-2030"
662,202,"2030-2035"
662,202,"2035-2040"
662,202,"2040-2045"
662,202,"2045-2050"
662,202,"2050-2055"
662,202,"2055-2060"
662,202,"2060-2065"
662,202,"2065-2070"
662,202,"2070-2075"
662,202,"2075-2080"
662,202,"2080-2085"
662,202,"2085-2090"
662,202,"2090-2095"
662,202,"2095-2100"
666,3,"2015-2020"
666,3,"2020-2025"
666,3,"2025-2030"
666,3,"2030-2035"
666,3,"2035-2040"
666,3,"2040-2045"
666,3,"2045-2050"
666,3,"2050-2055"
666,3,"2055-2060"
666,3,"2060-2065"
666,3,"2065-2070"
666,3,"2070-2075"
666,3,"2075-2080"
666,3,"2080-2085"
666,3,"2085-2090"
666,3,"2090-2095"
666,3,"2095-2100"
666,4,"2015-2020"
666,4,"2020-2025"
666,4,"2025-2030"
666,4,"2030-2035"
666,4,"2035-2040"
666,4,"2040-2045"
666,4,"2045-2050"
666,4,"2050-2055"
666,4,"2055-2060"
666,4,"2060-2065"
666,4,"2065-2070"
666,4,"2070-2075"
666,4,"2075-2080"
666,4,"2080-2085"
666,4,"2085-2090"
666,4,"2090-2095"
666,4,"2095-2100"
666,5,"2015-2020"
666,5,"2020-2025"
666,5,"2025-2030"
666,5,"2030-2035"
666,5,"2035-2040"
666,5,"2040-2045"
666,5,"2045-2050"
666,5,"2050-2055"
666,5,"2055-2060"
666,5,"2060-2065"
666,5,"2065-2070"
666,5,"2070-2075"
666,5,"2075-2080"
666,5,"2080-2085"
666,5,"2085-2090"
666,5,"2090-2095"
666,5,"2095-2100"
666,6,"2015-2020"
666,6,"2020-2025"
666,6,"2025-2030"
666,6,"2030-2035"
666,6,"2035-2040"
666,6,"2040-2045"
666,6,"2045-2050"
666,6,"2050-2055"
666,6,"2055-2060"
666,6,"2060-2065"
666,6,"2065-2070"
666,6,"2070-2075"
666,6,"2075-2080"
666,6,"2080-2085"
666,6,"2085-2090"
666,6,"2090-2095"
666,6,"2095-2100"
666,7,"2015-2020"
666,7,"2020-2025"
666,7,"2025-2030"
666,7,"2030-2035"
666,7,"2035-2040"
666,7,"2040-2045"
666,7,"2045-2050"
666,7,"2050-2055"
666,7,"2055-2060"
666,7,"2060-2065"
666,7,"2065-2070"
666,7,"2070-2075"
666,7,"2075-2080"
666,7,"2080-2085"
666,7,"2085-2090"
666,7,"2090-2095"
666,7,"2095-2100"
666,8,"2015-2020"
666,8,"2020-2025"
666,8,"2025-2030"
666,8,"2030-2035"
666,8,"2035-2040"
666,8,"2040-2045"
666,8,"2045-2050"
666,8,"2050-2055"
666,8,"2055-2060"
666,8,"2060-2065"
666,8,"2065-2070"
666,8,"2070-2075"
666,8,"2075-2080"
666,8,"2080-2085"
666,8,"2085-2090"
666,8,"2090-2095"
666,8,"2095-2100"
666,9,"2015-2020"
666,9,"2020-2025"
666,9,"2025-2030"
666,9,"2030-2035"
666,9,"2035-2040"
666,9,"2040-2045"
666,9,"2045-2050"
666,9,"2050-2055"
666,9,"2055-2060"
666,9,"2060-2065"
666,9,"2065-2070"
666,9,"2070-2075"
666,9,"2075-2080"
666,9,"2080-2085"
666,9,"2085-2090"
666,9,"2090-2095"
666,9,"2095-2100"
670,3,"2015-2020"
670,3,"2020-2025"
670,3,"2025-2030"
670,3,"2030-2035"
670,3,"2035-2040"
670,3,"2040-2045"
670,3,"2045-2050"
670,3,"2050-2055"
670,3,"2055-2060"
670,3,"2060-2065"
670,3,"2065-2070"
670,3,"2070-2075"
670,3,"2075-2080"
670,3,"2080-2085"
670,3,"2085-2090"
670,3,"2090-2095"
670,3,"2095-2100"
670,4,"2015-2020"
670,4,"2020-2025"
670,4,"2025-2030"
670,4,"2030-2035"
670,4,"2035-2040"
670,4,"2040-2045"
670,4,"2045-2050"
670,4,"2050-2055"
670,4,"2055-2060"
670,4,"2060-2065"
670,4,"2065-2070"
670,4,"2070-2075"
670,4,"2075-2080"
670,4,"2080-2085"
670,4,"2085-2090"
670,4,"2090-2095"
670,4,"2095-2100"
670,5,"2015-2020"
670,5,"2020-2025"
670,5,"2025-2030"
670,5,"2030-2035"
670,5,"2035-2040"
670,5,"2040-2045"
670,5,"2045-2050"
670,5,"2050-2055"
670,5,"2055-2060"
670,5,"2060-2065"
670,5,"2065-2070"
670,5,"2070-2075"
670,5,"2075-2080"
670,5,"2080-2085"
670,5,"2085-2090"
670,5,"2090-2095"
670,5,"2095-2100"
670,6,"2015-2020"
670,6,"2020-2025"
670,6,"2025-2030"
670,6,"2030-2035"
670,6,"2035-2040"
670,6,"2040-2045"
670,6,"2045-2050"
670,6,"2050-2055"
670,6,"2055-2060"
670,6,"2060-2065"
670,6,"2065-2070"
670,6,"2070-2075"
670,6,"2075-2080"
670,6,"2080-2085"
670,6,"2085-2090"
670,6,"2090-2095"
670,6,"2095-2100"
670,7,"2015-2020"
670,7,"2020-2025"
670,7,"2025-2030"
670,7,"2030-2035"
670,7,"2035-2040"
670,7,"2040-2045"
670,7,"2045-2050"
670,7,"2050-2055"
670,7,"2055-2060"
670,7,"2060-2065"
670,7,"2065-2070"
670,7,"2070-2075"
670,7,"2075-2080"
670,7,"2080-2085"
670,7,"2085-2090"
670,7,"2090-2095"
670,7,"2095-2100"
670,8,"2015-2020"
670,8,"2020-2025"
670,8,"2025-2030"
670,8,"2030-2035"
670,8,"2035-2040"
670,8,"2040-2045"
670,8,"2045-2050"
670,8,"2050-2055"
670,8,"2055-2060"
670,8,"2060-2065"
670,8,"2065-2070"
670,8,"2070-2075"
670,8,"2075-2080"
670,8,"2080-2085"
670,8,"2085-2090"
670,8,"2090-2095"
670,8,"2095-2100"
670,9,"2015-2020"
670,9,"2020-2025"
670,9,"2025-2030"
670,9,"2030-2035"
670,9,"2035-2040"
670,9,"2040-2045"
670,9,"2045-2050"
670,9,"2050-2055"
670,9,"2055-2060"
670,9,"2060-2065"
670,9,"2065-2070"
670,9,"2070-2075"
670,9,"2075-2080"
670,9,"2080-2085"
670,9,"2085-2090"
670,9,"2090-2095"
670,9,"2095-2100"
670,202,"2015-2020"
670,202,"2020-2025"
670,202,"2025-2030"
670,202,"2030-2035"
670,202,"2035-2040"
670,202,"2040-2045"
670,202,"2045-2050"
670,202,"2050-2055"
670,202,"2055-2060"
670,202,"2060-2065"
670,202,"2065-2070"
670,202,"2070-2075"
670,202,"2075-2080"
670,202,"2080-2085"
670,202,"2085-2090"
670,202,"2090-2095"
670,202,"2095-2100"
882,3,"2015-2020"
882,3,"2020-2025"
882,3,"2025-2030"
882,3,"2030-2035"
882,3,"2035-2040"
882,3,"2040-2045"
882,3,"2045-2050"
882,3,"2050-2055"
882,3,"2055-2060"
882,3,"2060-2065"
882,3,"2065-2070"
882,3,"2070-2075"
882,3,"2075-2080"
882,3,"2080-2085"
882,3,"2085-2090"
882,3,"2090-2095"
882,3,"2095-2100"
882,4,"2015-2020"
882,4,"2020-2025"
882,4,"2025-2030"
882,4,"2030-2035"
882,4,"2035-2040"
882,4,"2040-2045"
882,4,"2045-2050"
882,4,"2050-2055"
882,4,"2055-2060"
882,4,"2060-2065"
882,4,"2065-2070"
882,4,"2070-2075"
882,4,"2075-2080"
882,4,"2080-2085"
882,4,"2085-2090"
882,4,"2090-2095"
882,4,"2095-2100"
882,5,"2015-2020"
882,5,"2020-2025"
882,5,"2025-2030"
882,5,"2030-2035"
882,5,"2035-2040"
882,5,"2040-2045"
882,5,"2045-2050"
882,5,"2050-2055"
882,5,"2055-2060"
882,5,"2060-2065"
882,5,"2065-2070"
882,5,"2070-2075"
882,5,"2075-2080"
882,5,"2080-2085"
882,5,"2085-2090"
882,5,"2090-2095"
882,5,"2095-2100"
882,6,"2015-2020"
882,6,"2020-2025"
882,6,"2025-2030"
882,6,"2030-2035"
882,6,"2035-2040"
882,6,"2040-2045"
882,6,"2045-2050"
882,6,"2050-2055"
882,6,"2055-2060"
882,6,"2060-2065"
882,6,"2065-2070"
882,6,"2070-2075"
882,6,"2075-2080"
882,6,"2080-2085"
882,6,"2085-2090"
882,6,"2090-2095"
882,6,"2095-2100"
882,7,"2015-2020"
882,7,"2020-2025"
882,7,"2025-2030"
882,7,"2030-2035"
882,7,"2035-2040"
882,7,"2040-2045"
882,7,"2045-2050"
882,7,"2050-2055"
882,7,"2055-2060"
882,7,"2060-2065"
882,7,"2065-2070"
882,7,"2070-2075"
882,7,"2075-2080"
882,7,"2080-2085"
882,7,"2085-2090"
882,7,"2090-2095"
882,7,"2095-2100"
882,8,"2015-2020"
882,8,"2020-2025"
882,8,"2025-2030"
882,8,"2030-2035"
882,8,"2035-2040"
882,8,"2040-2045"
882,8,"2045-2050"
882,8,"2050-2055"
882,8,"2055-2060"
882,8,"2060-2065"
882,8,"2065-2070"
882,8,"2070-2075"
882,8,"2075-2080"
882,8,"2080-2085"
882,8,"2085-2090"
882,8,"2090-2095"
882,8,"2095-2100"
882,9,"2015-2020"
882,9,"2020-2025"
882,9,"2025-2030"
882,9,"2030-2035"
882,9,"2035-2040"
882,9,"2040-2045"
882,9,"2045-2050"
882,9,"2050-2055"
882,9,"2055-2060"
882,9,"2060-2065"
882,9,"2065-2070"
882,9,"2070-2075"
882,9,"2075-2080"
882,9,"2080-2085"
882,9,"2085-2090"
882,9,"2090-2095"
882,9,"2095-2100"
882,202,"2015-2020"
882,202,"2020-2025"
882,202,"2025-2030"
882,202,"2030-2035"
882,202,"2035-2040"
882,202,"2040-2045"
882,202,"2045-2050"
882,202,"2050-2055"
882,202,"2055-2060"
882,202,"2060-2065"
882,202,"2065-2070"
882,202,"2070-2075"
882,202,"2075-2080"
882,202,"2080-2085"
882,202,"2085-2090"
882,202,"2090-2095"
882,202,"2095-2100"
674,3,"2015-2020"
674,3,"2020-2025"
674,3,"2025-2030"
674,3,"2030-2035"
674,3,"2035-2040"
674,3,"2040-2045"
674,3,"2045-2050"
674,3,"2050-2055"
674,3,"2055-2060"
674,3,"2060-2065"
674,3,"2065-2070"
674,3,"2070-2075"
674,3,"2075-2080"
674,3,"2080-2085"
674,3,"2085-2090"
674,3,"2090-2095"
674,3,"2095-2100"
674,4,"2015-2020"
674,4,"2020-2025"
674,4,"2025-2030"
674,4,"2030-2035"
674,4,"2035-2040"
674,4,"2040-2045"
674,4,"2045-2050"
674,4,"2050-2055"
674,4,"2055-2060"
674,4,"2060-2065"
674,4,"2065-2070"
674,4,"2070-2075"
674,4,"2075-2080"
674,4,"2080-2085"
674,4,"2085-2090"
674,4,"2090-2095"
674,4,"2095-2100"
674,5,"2015-2020"
674,5,"2020-2025"
674,5,"2025-2030"
674,5,"2030-2035"
674,5,"2035-2040"
674,5,"2040-2045"
674,5,"2045-2050"
674,5,"2050-2055"
674,5,"2055-2060"
674,5,"2060-2065"
674,5,"2065-2070"
674,5,"2070-2075"
674,5,"2075-2080"
674,5,"2080-2085"
674,5,"2085-2090"
674,5,"2090-2095"
674,5,"2095-2100"
674,6,"2015-2020"
674,6,"2020-2025"
674,6,"2025-2030"
674,6,"2030-2035"
674,6,"2035-2040"
674,6,"2040-2045"
674,6,"2045-2050"
674,6,"2050-2055"
674,6,"2055-2060"
674,6,"2060-2065"
674,6,"2065-2070"
674,6,"2070-2075"
674,6,"2075-2080"
674,6,"2080-2085"
674,6,"2085-2090"
674,6,"2090-2095"
674,6,"2095-2100"
674,7,"2015-2020"
674,7,"2020-2025"
674,7,"2025-2030"
674,7,"2030-2035"
674,7,"2035-2040"
674,7,"2040-2045"
674,7,"2045-2050"
674,7,"2050-2055"
674,7,"2055-2060"
674,7,"2060-2065"
674,7,"2065-2070"
674,7,"2070-2075"
674,7,"2075-2080"
674,7,"2080-2085"
674,7,"2085-2090"
674,7,"2090-2095"
674,7,"2095-2100"
674,8,"2015-2020"
674,8,"2020-2025"
674,8,"2025-2030"
674,8,"2030-2035"
674,8,"2035-2040"
674,8,"2040-2045"
674,8,"2045-2050"
674,8,"2050-2055"
674,8,"2055-2060"
674,8,"2060-2065"
674,8,"2065-2070"
674,8,"2070-2075"
674,8,"2075-2080"
674,8,"2080-2085"
674,8,"2085-2090"
674,8,"2090-2095"
674,8,"2095-2100"
674,9,"2015-2020"
674,9,"2020-2025"
674,9,"2025-2030"
674,9,"2030-2035"
674,9,"2035-2040"
674,9,"2040-2045"
674,9,"2045-2050"
674,9,"2050-2055"
674,9,"2055-2060"
674,9,"2060-2065"
674,9,"2065-2070"
674,9,"2070-2075"
674,9,"2075-2080"
674,9,"2080-2085"
674,9,"2085-2090"
674,9,"2090-2095"
674,9,"2095-2100"
678,3,"2015-2020"
678,3,"2020-2025"
678,3,"2025-2030"
678,3,"2030-2035"
678,3,"2035-2040"
678,3,"2040-2045"
678,3,"2045-2050"
678,3,"2050-2055"
678,3,"2055-2060"
678,3,"2060-2065"
678,3,"2065-2070"
678,3,"2070-2075"
678,3,"2075-2080"
678,3,"2080-2085"
678,3,"2085-2090"
678,3,"2090-2095"
678,3,"2095-2100"
678,4,"2015-2020"
678,4,"2020-2025"
678,4,"2025-2030"
678,4,"2030-2035"
678,4,"2035-2040"
678,4,"2040-2045"
678,4,"2045-2050"
678,4,"2050-2055"
678,4,"2055-2060"
678,4,"2060-2065"
678,4,"2065-2070"
678,4,"2070-2075"
678,4,"2075-2080"
678,4,"2080-2085"
678,4,"2085-2090"
678,4,"2090-2095"
678,4,"2095-2100"
678,5,"2015-2020"
678,5,"2020-2025"
678,5,"2025-2030"
678,5,"2030-2035"
678,5,"2035-2040"
678,5,"2040-2045"
678,5,"2045-2050"
678,5,"2050-2055"
678,5,"2055-2060"
678,5,"2060-2065"
678,5,"2065-2070"
678,5,"2070-2075"
678,5,"2075-2080"
678,5,"2080-2085"
678,5,"2085-2090"
678,5,"2090-2095"
678,5,"2095-2100"
678,6,"2015-2020"
678,6,"2020-2025"
678,6,"2025-2030"
678,6,"2030-2035"
678,6,"2035-2040"
678,6,"2040-2045"
678,6,"2045-2050"
678,6,"2050-2055"
678,6,"2055-2060"
678,6,"2060-2065"
678,6,"2065-2070"
678,6,"2070-2075"
678,6,"2075-2080"
678,6,"2080-2085"
678,6,"2085-2090"
678,6,"2090-2095"
678,6,"2095-2100"
678,7,"2015-2020"
678,7,"2020-2025"
678,7,"2025-2030"
678,7,"2030-2035"
678,7,"2035-2040"
678,7,"2040-2045"
678,7,"2045-2050"
678,7,"2050-2055"
678,7,"2055-2060"
678,7,"2060-2065"
678,7,"2065-2070"
678,7,"2070-2075"
678,7,"2075-2080"
678,7,"2080-2085"
678,7,"2085-2090"
678,7,"2090-2095"
678,7,"2095-2100"
678,8,"2015-2020"
678,8,"2020-2025"
678,8,"2025-2030"
678,8,"2030-2035"
678,8,"2035-2040"
678,8,"2040-2045"
678,8,"2045-2050"
678,8,"2050-2055"
678,8,"2055-2060"
678,8,"2060-2065"
678,8,"2065-2070"
678,8,"2070-2075"
678,8,"2075-2080"
678,8,"2080-2085"
678,8,"2085-2090"
678,8,"2090-2095"
678,8,"2095-2100"
678,9,"2015-2020"
678,9,"2020-2025"
678,9,"2025-2030"
678,9,"2030-2035"
678,9,"2035-2040"
678,9,"2040-2045"
678,9,"2045-2050"
678,9,"2050-2055"
678,9,"2055-2060"
678,9,"2060-2065"
678,9,"2065-2070"
678,9,"2070-2075"
678,9,"2075-2080"
678,9,"2080-2085"
678,9,"2085-2090"
678,9,"2090-2095"
678,9,"2095-2100"
678,202,"2015-2020"
678,202,"2020-2025"
678,202,"2025-2030"
678,202,"2030-2035"
678,202,"2035-2040"
678,202,"2040-2045"
678,202,"2045-2050"
678,202,"2050-2055"
678,202,"2055-2060"
678,202,"2060-2065"
678,202,"2065-2070"
678,202,"2070-2075"
678,202,"2075-2080"
678,202,"2080-2085"
678,202,"2085-2090"
678,202,"2090-2095"
678,202,"2095-2100"
682,3,"2015-2020"
682,3,"2020-2025"
682,3,"2025-2030"
682,3,"2030-2035"
682,3,"2035-2040"
682,3,"2040-2045"
682,3,"2045-2050"
682,3,"2050-2055"
682,3,"2055-2060"
682,3,"2060-2065"
682,3,"2065-2070"
682,3,"2070-2075"
682,3,"2075-2080"
682,3,"2080-2085"
682,3,"2085-2090"
682,3,"2090-2095"
682,3,"2095-2100"
682,4,"2015-2020"
682,4,"2020-2025"
682,4,"2025-2030"
682,4,"2030-2035"
682,4,"2035-2040"
682,4,"2040-2045"
682,4,"2045-2050"
682,4,"2050-2055"
682,4,"2055-2060"
682,4,"2060-2065"
682,4,"2065-2070"
682,4,"2070-2075"
682,4,"2075-2080"
682,4,"2080-2085"
682,4,"2085-2090"
682,4,"2090-2095"
682,4,"2095-2100"
682,5,"2015-2020"
682,5,"2020-2025"
682,5,"2025-2030"
682,5,"2030-2035"
682,5,"2035-2040"
682,5,"2040-2045"
682,5,"2045-2050"
682,5,"2050-2055"
682,5,"2055-2060"
682,5,"2060-2065"
682,5,"2065-2070"
682,5,"2070-2075"
682,5,"2075-2080"
682,5,"2080-2085"
682,5,"2085-2090"
682,5,"2090-2095"
682,5,"2095-2100"
682,6,"2015-2020"
682,6,"2020-2025"
682,6,"2025-2030"
682,6,"2030-2035"
682,6,"2035-2040"
682,6,"2040-2045"
682,6,"2045-2050"
682,6,"2050-2055"
682,6,"2055-2060"
682,6,"2060-2065"
682,6,"2065-2070"
682,6,"2070-2075"
682,6,"2075-2080"
682,6,"2080-2085"
682,6,"2085-2090"
682,6,"2090-2095"
682,6,"2095-2100"
682,7,"2015-2020"
682,7,"2020-2025"
682,7,"2025-2030"
682,7,"2030-2035"
682,7,"2035-2040"
682,7,"2040-2045"
682,7,"2045-2050"
682,7,"2050-2055"
682,7,"2055-2060"
682,7,"2060-2065"
682,7,"2065-2070"
682,7,"2070-2075"
682,7,"2075-2080"
682,7,"2080-2085"
682,7,"2085-2090"
682,7,"2090-2095"
682,7,"2095-2100"
682,8,"2015-2020"
682,8,"2020-2025"
682,8,"2025-2030"
682,8,"2030-2035"
682,8,"2035-2040"
682,8,"2040-2045"
682,8,"2045-2050"
682,8,"2050-2055"
682,8,"2055-2060"
682,8,"2060-2065"
682,8,"2065-2070"
682,8,"2070-2075"
682,8,"2075-2080"
682,8,"2080-2085"
682,8,"2085-2090"
682,8,"2090-2095"
682,8,"2095-2100"
682,9,"2015-2020"
682,9,"2020-2025"
682,9,"2025-2030"
682,9,"2030-2035"
682,9,"2035-2040"
682,9,"2040-2045"
682,9,"2045-2050"
682,9,"2050-2055"
682,9,"2055-2060"
682,9,"2060-2065"
682,9,"2065-2070"
682,9,"2070-2075"
682,9,"2075-2080"
682,9,"2080-2085"
682,9,"2085-2090"
682,9,"2090-2095"
682,9,"2095-2100"
682,202,"2015-2020"
682,202,"2020-2025"
682,202,"2025-2030"
682,202,"2030-2035"
682,202,"2035-2040"
682,202,"2040-2045"
682,202,"2045-2050"
682,202,"2050-2055"
682,202,"2055-2060"
682,202,"2060-2065"
682,202,"2065-2070"
682,202,"2070-2075"
682,202,"2075-2080"
682,202,"2080-2085"
682,202,"2085-2090"
682,202,"2090-2095"
682,202,"2095-2100"
686,3,"2015-2020"
686,3,"2020-2025"
686,3,"2025-2030"
686,3,"2030-2035"
686,3,"2035-2040"
686,3,"2040-2045"
686,3,"2045-2050"
686,3,"2050-2055"
686,3,"2055-2060"
686,3,"2060-2065"
686,3,"2065-2070"
686,3,"2070-2075"
686,3,"2075-2080"
686,3,"2080-2085"
686,3,"2085-2090"
686,3,"2090-2095"
686,3,"2095-2100"
686,4,"2015-2020"
686,4,"2020-2025"
686,4,"2025-2030"
686,4,"2030-2035"
686,4,"2035-2040"
686,4,"2040-2045"
686,4,"2045-2050"
686,4,"2050-2055"
686,4,"2055-2060"
686,4,"2060-2065"
686,4,"2065-2070"
686,4,"2070-2075"
686,4,"2075-2080"
686,4,"2080-2085"
686,4,"2085-2090"
686,4,"2090-2095"
686,4,"2095-2100"
686,5,"2015-2020"
686,5,"2020-2025"
686,5,"2025-2030"
686,5,"2030-2035"
686,5,"2035-2040"
686,5,"2040-2045"
686,5,"2045-2050"
686,5,"2050-2055"
686,5,"2055-2060"
686,5,"2060-2065"
686,5,"2065-2070"
686,5,"2070-2075"
686,5,"2075-2080"
686,5,"2080-2085"
686,5,"2085-2090"
686,5,"2090-2095"
686,5,"2095-2100"
686,6,"2015-2020"
686,6,"2020-2025"
686,6,"2025-2030"
686,6,"2030-2035"
686,6,"2035-2040"
686,6,"2040-2045"
686,6,"2045-2050"
686,6,"2050-2055"
686,6,"2055-2060"
686,6,"2060-2065"
686,6,"2065-2070"
686,6,"2070-2075"
686,6,"2075-2080"
686,6,"2080-2085"
686,6,"2085-2090"
686,6,"2090-2095"
686,6,"2095-2100"
686,7,"2015-2020"
686,7,"2020-2025"
686,7,"2025-2030"
686,7,"2030-2035"
686,7,"2035-2040"
686,7,"2040-2045"
686,7,"2045-2050"
686,7,"2050-2055"
686,7,"2055-2060"
686,7,"2060-2065"
686,7,"2065-2070"
686,7,"2070-2075"
686,7,"2075-2080"
686,7,"2080-2085"
686,7,"2085-2090"
686,7,"2090-2095"
686,7,"2095-2100"
686,8,"2015-2020"
686,8,"2020-2025"
686,8,"2025-2030"
686,8,"2030-2035"
686,8,"2035-2040"
686,8,"2040-2045"
686,8,"2045-2050"
686,8,"2050-2055"
686,8,"2055-2060"
686,8,"2060-2065"
686,8,"2065-2070"
686,8,"2070-2075"
686,8,"2075-2080"
686,8,"2080-2085"
686,8,"2085-2090"
686,8,"2090-2095"
686,8,"2095-2100"
686,9,"2015-2020"
686,9,"2020-2025"
686,9,"2025-2030"
686,9,"2030-2035"
686,9,"2035-2040"
686,9,"2040-2045"
686,9,"2045-2050"
686,9,"2050-2055"
686,9,"2055-2060"
686,9,"2060-2065"
686,9,"2065-2070"
686,9,"2070-2075"
686,9,"2075-2080"
686,9,"2080-2085"
686,9,"2085-2090"
686,9,"2090-2095"
686,9,"2095-2100"
686,202,"2015-2020"
686,202,"2020-2025"
686,202,"2025-2030"
686,202,"2030-2035"
686,202,"2035-2040"
686,202,"2040-2045"
686,202,"2045-2050"
686,202,"2050-2055"
686,202,"2055-2060"
686,202,"2060-2065"
686,202,"2065-2070"
686,202,"2070-2075"
686,202,"2075-2080"
686,202,"2080-2085"
686,202,"2085-2090"
686,202,"2090-2095"
686,202,"2095-2100"
688,3,"2015-2020"
688,3,"2020-2025"
688,3,"2025-2030"
688,3,"2030-2035"
688,3,"2035-2040"
688,3,"2040-2045"
688,3,"2045-2050"
688,3,"2050-2055"
688,3,"2055-2060"
688,3,"2060-2065"
688,3,"2065-2070"
688,3,"2070-2075"
688,3,"2075-2080"
688,3,"2080-2085"
688,3,"2085-2090"
688,3,"2090-2095"
688,3,"2095-2100"
688,4,"2015-2020"
688,4,"2020-2025"
688,4,"2025-2030"
688,4,"2030-2035"
688,4,"2035-2040"
688,4,"2040-2045"
688,4,"2045-2050"
688,4,"2050-2055"
688,4,"2055-2060"
688,4,"2060-2065"
688,4,"2065-2070"
688,4,"2070-2075"
688,4,"2075-2080"
688,4,"2080-2085"
688,4,"2085-2090"
688,4,"2090-2095"
688,4,"2095-2100"
688,5,"2015-2020"
688,5,"2020-2025"
688,5,"2025-2030"
688,5,"2030-2035"
688,5,"2035-2040"
688,5,"2040-2045"
688,5,"2045-2050"
688,5,"2050-2055"
688,5,"2055-2060"
688,5,"2060-2065"
688,5,"2065-2070"
688,5,"2070-2075"
688,5,"2075-2080"
688,5,"2080-2085"
688,5,"2085-2090"
688,5,"2090-2095"
688,5,"2095-2100"
688,6,"2015-2020"
688,6,"2020-2025"
688,6,"2025-2030"
688,6,"2030-2035"
688,6,"2035-2040"
688,6,"2040-2045"
688,6,"2045-2050"
688,6,"2050-2055"
688,6,"2055-2060"
688,6,"2060-2065"
688,6,"2065-2070"
688,6,"2070-2075"
688,6,"2075-2080"
688,6,"2080-2085"
688,6,"2085-2090"
688,6,"2090-2095"
688,6,"2095-2100"
688,7,"2015-2020"
688,7,"2020-2025"
688,7,"2025-2030"
688,7,"2030-2035"
688,7,"2035-2040"
688,7,"2040-2045"
688,7,"2045-2050"
688,7,"2050-2055"
688,7,"2055-2060"
688,7,"2060-2065"
688,7,"2065-2070"
688,7,"2070-2075"
688,7,"2075-2080"
688,7,"2080-2085"
688,7,"2085-2090"
688,7,"2090-2095"
688,7,"2095-2100"
688,8,"2015-2020"
688,8,"2020-2025"
688,8,"2025-2030"
688,8,"2030-2035"
688,8,"2035-2040"
688,8,"2040-2045"
688,8,"2045-2050"
688,8,"2050-2055"
688,8,"2055-2060"
688,8,"2060-2065"
688,8,"2065-2070"
688,8,"2070-2075"
688,8,"2075-2080"
688,8,"2080-2085"
688,8,"2085-2090"
688,8,"2090-2095"
688,8,"2095-2100"
688,9,"2015-2020"
688,9,"2020-2025"
688,9,"2025-2030"
688,9,"2030-2035"
688,9,"2035-2040"
688,9,"2040-2045"
688,9,"2045-2050"
688,9,"2050-2055"
688,9,"2055-2060"
688,9,"2060-2065"
688,9,"2065-2070"
688,9,"2070-2075"
688,9,"2075-2080"
688,9,"2080-2085"
688,9,"2085-2090"
688,9,"2090-2095"
688,9,"2095-2100"
688,202,"2015-2020"
688,202,"2020-2025"
688,202,"2025-2030"
688,202,"2030-2035"
688,202,"2035-2040"
688,202,"2040-2045"
688,202,"2045-2050"
688,202,"2050-2055"
688,202,"2055-2060"
688,202,"2060-2065"
688,202,"2065-2070"
688,202,"2070-2075"
688,202,"2075-2080"
688,202,"2080-2085"
688,202,"2085-2090"
688,202,"2090-2095"
688,202,"2095-2100"
690,3,"2015-2020"
690,3,"2020-2025"
690,3,"2025-2030"
690,3,"2030-2035"
690,3,"2035-2040"
690,3,"2040-2045"
690,3,"2045-2050"
690,3,"2050-2055"
690,3,"2055-2060"
690,3,"2060-2065"
690,3,"2065-2070"
690,3,"2070-2075"
690,3,"2075-2080"
690,3,"2080-2085"
690,3,"2085-2090"
690,3,"2090-2095"
690,3,"2095-2100"
690,4,"2015-2020"
690,4,"2020-2025"
690,4,"2025-2030"
690,4,"2030-2035"
690,4,"2035-2040"
690,4,"2040-2045"
690,4,"2045-2050"
690,4,"2050-2055"
690,4,"2055-2060"
690,4,"2060-2065"
690,4,"2065-2070"
690,4,"2070-2075"
690,4,"2075-2080"
690,4,"2080-2085"
690,4,"2085-2090"
690,4,"2090-2095"
690,4,"2095-2100"
690,5,"2015-2020"
690,5,"2020-2025"
690,5,"2025-2030"
690,5,"2030-2035"
690,5,"2035-2040"
690,5,"2040-2045"
690,5,"2045-2050"
690,5,"2050-2055"
690,5,"2055-2060"
690,5,"2060-2065"
690,5,"2065-2070"
690,5,"2070-2075"
690,5,"2075-2080"
690,5,"2080-2085"
690,5,"2085-2090"
690,5,"2090-2095"
690,5,"2095-2100"
690,6,"2015-2020"
690,6,"2020-2025"
690,6,"2025-2030"
690,6,"2030-2035"
690,6,"2035-2040"
690,6,"2040-2045"
690,6,"2045-2050"
690,6,"2050-2055"
690,6,"2055-2060"
690,6,"2060-2065"
690,6,"2065-2070"
690,6,"2070-2075"
690,6,"2075-2080"
690,6,"2080-2085"
690,6,"2085-2090"
690,6,"2090-2095"
690,6,"2095-2100"
690,7,"2015-2020"
690,7,"2020-2025"
690,7,"2025-2030"
690,7,"2030-2035"
690,7,"2035-2040"
690,7,"2040-2045"
690,7,"2045-2050"
690,7,"2050-2055"
690,7,"2055-2060"
690,7,"2060-2065"
690,7,"2065-2070"
690,7,"2070-2075"
690,7,"2075-2080"
690,7,"2080-2085"
690,7,"2085-2090"
690,7,"2090-2095"
690,7,"2095-2100"
690,8,"2015-2020"
690,8,"2020-2025"
690,8,"2025-2030"
690,8,"2030-2035"
690,8,"2035-2040"
690,8,"2040-2045"
690,8,"2045-2050"
690,8,"2050-2055"
690,8,"2055-2060"
690,8,"2060-2065"
690,8,"2065-2070"
690,8,"2070-2075"
690,8,"2075-2080"
690,8,"2080-2085"
690,8,"2085-2090"
690,8,"2090-2095"
690,8,"2095-2100"
690,9,"2015-2020"
690,9,"2020-2025"
690,9,"2025-2030"
690,9,"2030-2035"
690,9,"2035-2040"
690,9,"2040-2045"
690,9,"2045-2050"
690,9,"2050-2055"
690,9,"2055-2060"
690,9,"2060-2065"
690,9,"2065-2070"
690,9,"2070-2075"
690,9,"2075-2080"
690,9,"2080-2085"
690,9,"2085-2090"
690,9,"2090-2095"
690,9,"2095-2100"
690,202,"2015-2020"
690,202,"2020-2025"
690,202,"2025-2030"
690,202,"2030-2035"
690,202,"2035-2040"
690,202,"2040-2045"
690,202,"2045-2050"
690,202,"2050-2055"
690,202,"2055-2060"
690,202,"2060-2065"
690,202,"2065-2070"
690,202,"2070-2075"
690,202,"2075-2080"
690,202,"2080-2085"
690,202,"2085-2090"
690,202,"2090-2095"
690,202,"2095-2100"
694,3,"2015-2020"
694,3,"2020-2025"
694,3,"2025-2030"
694,3,"2030-2035"
694,3,"2035-2040"
694,3,"2040-2045"
694,3,"2045-2050"
694,3,"2050-2055"
694,3,"2055-2060"
694,3,"2060-2065"
694,3,"2065-2070"
694,3,"2070-2075"
694,3,"2075-2080"
694,3,"2080-2085"
694,3,"2085-2090"
694,3,"2090-2095"
694,3,"2095-2100"
694,4,"2015-2020"
694,4,"2020-2025"
694,4,"2025-2030"
694,4,"2030-2035"
694,4,"2035-2040"
694,4,"2040-2045"
694,4,"2045-2050"
694,4,"2050-2055"
694,4,"2055-2060"
694,4,"2060-2065"
694,4,"2065-2070"
694,4,"2070-2075"
694,4,"2075-2080"
694,4,"2080-2085"
694,4,"2085-2090"
694,4,"2090-2095"
694,4,"2095-2100"
694,5,"2015-2020"
694,5,"2020-2025"
694,5,"2025-2030"
694,5,"2030-2035"
694,5,"2035-2040"
694,5,"2040-2045"
694,5,"2045-2050"
694,5,"2050-2055"
694,5,"2055-2060"
694,5,"2060-2065"
694,5,"2065-2070"
694,5,"2070-2075"
694,5,"2075-2080"
694,5,"2080-2085"
694,5,"2085-2090"
694,5,"2090-2095"
694,5,"2095-2100"
694,6,"2015-2020"
694,6,"2020-2025"
694,6,"2025-2030"
694,6,"2030-2035"
694,6,"2035-2040"
694,6,"2040-2045"
694,6,"2045-2050"
694,6,"2050-2055"
694,6,"2055-2060"
694,6,"2060-2065"
694,6,"2065-2070"
694,6,"2070-2075"
694,6,"2075-2080"
694,6,"2080-2085"
694,6,"2085-2090"
694,6,"2090-2095"
694,6,"2095-2100"
694,7,"2015-2020"
694,7,"2020-2025"
694,7,"2025-2030"
694,7,"2030-2035"
694,7,"2035-2040"
694,7,"2040-2045"
694,7,"2045-2050"
694,7,"2050-2055"
694,7,"2055-2060"
694,7,"2060-2065"
694,7,"2065-2070"
694,7,"2070-2075"
694,7,"2075-2080"
694,7,"2080-2085"
694,7,"2085-2090"
694,7,"2090-2095"
694,7,"2095-2100"
694,8,"2015-2020"
694,8,"2020-2025"
694,8,"2025-2030"
694,8,"2030-2035"
694,8,"2035-2040"
694,8,"2040-2045"
694,8,"2045-2050"
694,8,"2050-2055"
694,8,"2055-2060"
694,8,"2060-2065"
694,8,"2065-2070"
694,8,"2070-2075"
694,8,"2075-2080"
694,8,"2080-2085"
694,8,"2085-2090"
694,8,"2090-2095"
694,8,"2095-2100"
694,9,"2015-2020"
694,9,"2020-2025"
694,9,"2025-2030"
694,9,"2030-2035"
694,9,"2035-2040"
694,9,"2040-2045"
694,9,"2045-2050"
694,9,"2050-2055"
694,9,"2055-2060"
694,9,"2060-2065"
694,9,"2065-2070"
694,9,"2070-2075"
694,9,"2075-2080"
694,9,"2080-2085"
694,9,"2085-2090"
694,9,"2090-2095"
694,9,"2095-2100"
694,202,"2015-2020"
694,202,"2020-2025"
694,202,"2025-2030"
694,202,"2030-2035"
694,202,"2035-2040"
694,202,"2040-2045"
694,202,"2045-2050"
694,202,"2050-2055"
694,202,"2055-2060"
694,202,"2060-2065"
694,202,"2065-2070"
694,202,"2070-2075"
694,202,"2075-2080"
694,202,"2080-2085"
694,202,"2085-2090"
694,202,"2090-2095"
694,202,"2095-2100"
702,3,"2015-2020"
702,3,"2020-2025"
702,3,"2025-2030"
702,3,"2030-2035"
702,3,"2035-2040"
702,3,"2040-2045"
702,3,"2045-2050"
702,3,"2050-2055"
702,3,"2055-2060"
702,3,"2060-2065"
702,3,"2065-2070"
702,3,"2070-2075"
702,3,"2075-2080"
702,3,"2080-2085"
702,3,"2085-2090"
702,3,"2090-2095"
702,3,"2095-2100"
702,4,"2015-2020"
702,4,"2020-2025"
702,4,"2025-2030"
702,4,"2030-2035"
702,4,"2035-2040"
702,4,"2040-2045"
702,4,"2045-2050"
702,4,"2050-2055"
702,4,"2055-2060"
702,4,"2060-2065"
702,4,"2065-2070"
702,4,"2070-2075"
702,4,"2075-2080"
702,4,"2080-2085"
702,4,"2085-2090"
702,4,"2090-2095"
702,4,"2095-2100"
702,5,"2015-2020"
702,5,"2020-2025"
702,5,"2025-2030"
702,5,"2030-2035"
702,5,"2035-2040"
702,5,"2040-2045"
702,5,"2045-2050"
702,5,"2050-2055"
702,5,"2055-2060"
702,5,"2060-2065"
702,5,"2065-2070"
702,5,"2070-2075"
702,5,"2075-2080"
702,5,"2080-2085"
702,5,"2085-2090"
702,5,"2090-2095"
702,5,"2095-2100"
702,6,"2015-2020"
702,6,"2020-2025"
702,6,"2025-2030"
702,6,"2030-2035"
702,6,"2035-2040"
702,6,"2040-2045"
702,6,"2045-2050"
702,6,"2050-2055"
702,6,"2055-2060"
702,6,"2060-2065"
702,6,"2065-2070"
702,6,"2070-2075"
702,6,"2075-2080"
702,6,"2080-2085"
702,6,"2085-2090"
702,6,"2090-2095"
702,6,"2095-2100"
702,7,"2015-2020"
702,7,"2020-2025"
702,7,"2025-2030"
702,7,"2030-2035"
702,7,"2035-2040"
702,7,"2040-2045"
702,7,"2045-2050"
702,7,"2050-2055"
702,7,"2055-2060"
702,7,"2060-2065"
702,7,"2065-2070"
702,7,"2070-2075"
702,7,"2075-2080"
702,7,"2080-2085"
702,7,"2085-2090"
702,7,"2090-2095"
702,7,"2095-2100"
702,8,"2015-2020"
702,8,"2020-2025"
702,8,"2025-2030"
702,8,"2030-2035"
702,8,"2035-2040"
702,8,"2040-2045"
702,8,"2045-2050"
702,8,"2050-2055"
702,8,"2055-2060"
702,8,"2060-2065"
702,8,"2065-2070"
702,8,"2070-2075"
702,8,"2075-2080"
702,8,"2080-2085"
702,8,"2085-2090"
702,8,"2090-2095"
702,8,"2095-2100"
702,9,"2015-2020"
702,9,"2020-2025"
702,9,"2025-2030"
702,9,"2030-2035"
702,9,"2035-2040"
702,9,"2040-2045"
702,9,"2045-2050"
702,9,"2050-2055"
702,9,"2055-2060"
702,9,"2060-2065"
702,9,"2065-2070"
702,9,"2070-2075"
702,9,"2075-2080"
702,9,"2080-2085"
702,9,"2085-2090"
702,9,"2090-2095"
702,9,"2095-2100"
702,202,"2015-2020"
702,202,"2020-2025"
702,202,"2025-2030"
702,202,"2030-2035"
702,202,"2035-2040"
702,202,"2040-2045"
702,202,"2045-2050"
702,202,"2050-2055"
702,202,"2055-2060"
702,202,"2060-2065"
702,202,"2065-2070"
702,202,"2070-2075"
702,202,"2075-2080"
702,202,"2080-2085"
702,202,"2085-2090"
702,202,"2090-2095"
702,202,"2095-2100"
534,3,"2015-2020"
534,3,"2020-2025"
534,3,"2025-2030"
534,3,"2030-2035"
534,3,"2035-2040"
534,3,"2040-2045"
534,3,"2045-2050"
534,3,"2050-2055"
534,3,"2055-2060"
534,3,"2060-2065"
534,3,"2065-2070"
534,3,"2070-2075"
534,3,"2075-2080"
534,3,"2080-2085"
534,3,"2085-2090"
534,3,"2090-2095"
534,3,"2095-2100"
534,4,"2015-2020"
534,4,"2020-2025"
534,4,"2025-2030"
534,4,"2030-2035"
534,4,"2035-2040"
534,4,"2040-2045"
534,4,"2045-2050"
534,4,"2050-2055"
534,4,"2055-2060"
534,4,"2060-2065"
534,4,"2065-2070"
534,4,"2070-2075"
534,4,"2075-2080"
534,4,"2080-2085"
534,4,"2085-2090"
534,4,"2090-2095"
534,4,"2095-2100"
534,5,"2015-2020"
534,5,"2020-2025"
534,5,"2025-2030"
534,5,"2030-2035"
534,5,"2035-2040"
534,5,"2040-2045"
534,5,"2045-2050"
534,5,"2050-2055"
534,5,"2055-2060"
534,5,"2060-2065"
534,5,"2065-2070"
534,5,"2070-2075"
534,5,"2075-2080"
534,5,"2080-2085"
534,5,"2085-2090"
534,5,"2090-2095"
534,5,"2095-2100"
534,6,"2015-2020"
534,6,"2020-2025"
534,6,"2025-2030"
534,6,"2030-2035"
534,6,"2035-2040"
534,6,"2040-2045"
534,6,"2045-2050"
534,6,"2050-2055"
534,6,"2055-2060"
534,6,"2060-2065"
534,6,"2065-2070"
534,6,"2070-2075"
534,6,"2075-2080"
534,6,"2080-2085"
534,6,"2085-2090"
534,6,"2090-2095"
534,6,"2095-2100"
534,7,"2015-2020"
534,7,"2020-2025"
534,7,"2025-2030"
534,7,"2030-2035"
534,7,"2035-2040"
534,7,"2040-2045"
534,7,"2045-2050"
534,7,"2050-2055"
534,7,"2055-2060"
534,7,"2060-2065"
534,7,"2065-2070"
534,7,"2070-2075"
534,7,"2075-2080"
534,7,"2080-2085"
534,7,"2085-2090"
534,7,"2090-2095"
534,7,"2095-2100"
534,8,"2015-2020"
534,8,"2020-2025"
534,8,"2025-2030"
534,8,"2030-2035"
534,8,"2035-2040"
534,8,"2040-2045"
534,8,"2045-2050"
534,8,"2050-2055"
534,8,"2055-2060"
534,8,"2060-2065"
534,8,"2065-2070"
534,8,"2070-2075"
534,8,"2075-2080"
534,8,"2080-2085"
534,8,"2085-2090"
534,8,"2090-2095"
534,8,"2095-2100"
534,9,"2015-2020"
534,9,"2020-2025"
534,9,"2025-2030"
534,9,"2030-2035"
534,9,"2035-2040"
534,9,"2040-2045"
534,9,"2045-2050"
534,9,"2050-2055"
534,9,"2055-2060"
534,9,"2060-2065"
534,9,"2065-2070"
534,9,"2070-2075"
534,9,"2075-2080"
534,9,"2080-2085"
534,9,"2085-2090"
534,9,"2090-2095"
534,9,"2095-2100"
703,3,"2015-2020"
703,3,"2020-2025"
703,3,"2025-2030"
703,3,"2030-2035"
703,3,"2035-2040"
703,3,"2040-2045"
703,3,"2045-2050"
703,3,"2050-2055"
703,3,"2055-2060"
703,3,"2060-2065"
703,3,"2065-2070"
703,3,"2070-2075"
703,3,"2075-2080"
703,3,"2080-2085"
703,3,"2085-2090"
703,3,"2090-2095"
703,3,"2095-2100"
703,4,"2015-2020"
703,4,"2020-2025"
703,4,"2025-2030"
703,4,"2030-2035"
703,4,"2035-2040"
703,4,"2040-2045"
703,4,"2045-2050"
703,4,"2050-2055"
703,4,"2055-2060"
703,4,"2060-2065"
703,4,"2065-2070"
703,4,"2070-2075"
703,4,"2075-2080"
703,4,"2080-2085"
703,4,"2085-2090"
703,4,"2090-2095"
703,4,"2095-2100"
703,5,"2015-2020"
703,5,"2020-2025"
703,5,"2025-2030"
703,5,"2030-2035"
703,5,"2035-2040"
703,5,"2040-2045"
703,5,"2045-2050"
703,5,"2050-2055"
703,5,"2055-2060"
703,5,"2060-2065"
703,5,"2065-2070"
703,5,"2070-2075"
703,5,"2075-2080"
703,5,"2080-2085"
703,5,"2085-2090"
703,5,"2090-2095"
703,5,"2095-2100"
703,6,"2015-2020"
703,6,"2020-2025"
703,6,"2025-2030"
703,6,"2030-2035"
703,6,"2035-2040"
703,6,"2040-2045"
703,6,"2045-2050"
703,6,"2050-2055"
703,6,"2055-2060"
703,6,"2060-2065"
703,6,"2065-2070"
703,6,"2070-2075"
703,6,"2075-2080"
703,6,"2080-2085"
703,6,"2085-2090"
703,6,"2090-2095"
703,6,"2095-2100"
703,7,"2015-2020"
703,7,"2020-2025"
703,7,"2025-2030"
703,7,"2030-2035"
703,7,"2035-2040"
703,7,"2040-2045"
703,7,"2045-2050"
703,7,"2050-2055"
703,7,"2055-2060"
703,7,"2060-2065"
703,7,"2065-2070"
703,7,"2070-2075"
703,7,"2075-2080"
703,7,"2080-2085"
703,7,"2085-2090"
703,7,"2090-2095"
703,7,"2095-2100"
703,8,"2015-2020"
703,8,"2020-2025"
703,8,"2025-2030"
703,8,"2030-2035"
703,8,"2035-2040"
703,8,"2040-2045"
703,8,"2045-2050"
703,8,"2050-2055"
703,8,"2055-2060"
703,8,"2060-2065"
703,8,"2065-2070"
703,8,"2070-2075"
703,8,"2075-2080"
703,8,"2080-2085"
703,8,"2085-2090"
703,8,"2090-2095"
703,8,"2095-2100"
703,9,"2015-2020"
703,9,"2020-2025"
703,9,"2025-2030"
703,9,"2030-2035"
703,9,"2035-2040"
703,9,"2040-2045"
703,9,"2045-2050"
703,9,"2050-2055"
703,9,"2055-2060"
703,9,"2060-2065"
703,9,"2065-2070"
703,9,"2070-2075"
703,9,"2075-2080"
703,9,"2080-2085"
703,9,"2085-2090"
703,9,"2090-2095"
703,9,"2095-2100"
703,202,"2015-2020"
703,202,"2020-2025"
703,202,"2025-2030"
703,202,"2030-2035"
703,202,"2035-2040"
703,202,"2040-2045"
703,202,"2045-2050"
703,202,"2050-2055"
703,202,"2055-2060"
703,202,"2060-2065"
703,202,"2065-2070"
703,202,"2070-2075"
703,202,"2075-2080"
703,202,"2080-2085"
703,202,"2085-2090"
703,202,"2090-2095"
703,202,"2095-2100"
705,3,"2015-2020"
705,3,"2020-2025"
705,3,"2025-2030"
705,3,"2030-2035"
705,3,"2035-2040"
705,3,"2040-2045"
705,3,"2045-2050"
705,3,"2050-2055"
705,3,"2055-2060"
705,3,"2060-2065"
705,3,"2065-2070"
705,3,"2070-2075"
705,3,"2075-2080"
705,3,"2080-2085"
705,3,"2085-2090"
705,3,"2090-2095"
705,3,"2095-2100"
705,4,"2015-2020"
705,4,"2020-2025"
705,4,"2025-2030"
705,4,"2030-2035"
705,4,"2035-2040"
705,4,"2040-2045"
705,4,"2045-2050"
705,4,"2050-2055"
705,4,"2055-2060"
705,4,"2060-2065"
705,4,"2065-2070"
705,4,"2070-2075"
705,4,"2075-2080"
705,4,"2080-2085"
705,4,"2085-2090"
705,4,"2090-2095"
705,4,"2095-2100"
705,5,"2015-2020"
705,5,"2020-2025"
705,5,"2025-2030"
705,5,"2030-2035"
705,5,"2035-2040"
705,5,"2040-2045"
705,5,"2045-2050"
705,5,"2050-2055"
705,5,"2055-2060"
705,5,"2060-2065"
705,5,"2065-2070"
705,5,"2070-2075"
705,5,"2075-2080"
705,5,"2080-2085"
705,5,"2085-2090"
705,5,"2090-2095"
705,5,"2095-2100"
705,6,"2015-2020"
705,6,"2020-2025"
705,6,"2025-2030"
705,6,"2030-2035"
705,6,"2035-2040"
705,6,"2040-2045"
705,6,"2045-2050"
705,6,"2050-2055"
705,6,"2055-2060"
705,6,"2060-2065"
705,6,"2065-2070"
705,6,"2070-2075"
705,6,"2075-2080"
705,6,"2080-2085"
705,6,"2085-2090"
705,6,"2090-2095"
705,6,"2095-2100"
705,7,"2015-2020"
705,7,"2020-2025"
705,7,"2025-2030"
705,7,"2030-2035"
705,7,"2035-2040"
705,7,"2040-2045"
705,7,"2045-2050"
705,7,"2050-2055"
705,7,"2055-2060"
705,7,"2060-2065"
705,7,"2065-2070"
705,7,"2070-2075"
705,7,"2075-2080"
705,7,"2080-2085"
705,7,"2085-2090"
705,7,"2090-2095"
705,7,"2095-2100"
705,8,"2015-2020"
705,8,"2020-2025"
705,8,"2025-2030"
705,8,"2030-2035"
705,8,"2035-2040"
705,8,"2040-2045"
705,8,"2045-2050"
705,8,"2050-2055"
705,8,"2055-2060"
705,8,"2060-2065"
705,8,"2065-2070"
705,8,"2070-2075"
705,8,"2075-2080"
705,8,"2080-2085"
705,8,"2085-2090"
705,8,"2090-2095"
705,8,"2095-2100"
705,9,"2015-2020"
705,9,"2020-2025"
705,9,"2025-2030"
705,9,"2030-2035"
705,9,"2035-2040"
705,9,"2040-2045"
705,9,"2045-2050"
705,9,"2050-2055"
705,9,"2055-2060"
705,9,"2060-2065"
705,9,"2065-2070"
705,9,"2070-2075"
705,9,"2075-2080"
705,9,"2080-2085"
705,9,"2085-2090"
705,9,"2090-2095"
705,9,"2095-2100"
705,202,"2015-2020"
705,202,"2020-2025"
705,202,"2025-2030"
705,202,"2030-2035"
705,202,"2035-2040"
705,202,"2040-2045"
705,202,"2045-2050"
705,202,"2050-2055"
705,202,"2055-2060"
705,202,"2060-2065"
705,202,"2065-2070"
705,202,"2070-2075"
705,202,"2075-2080"
705,202,"2080-2085"
705,202,"2085-2090"
705,202,"2090-2095"
705,202,"2095-2100"
90,3,"2015-2020"
90,3,"2020-2025"
90,3,"2025-2030"
90,3,"2030-2035"
90,3,"2035-2040"
90,3,"2040-2045"
90,3,"2045-2050"
90,3,"2050-2055"
90,3,"2055-2060"
90,3,"2060-2065"
90,3,"2065-2070"
90,3,"2070-2075"
90,3,"2075-2080"
90,3,"2080-2085"
90,3,"2085-2090"
90,3,"2090-2095"
90,3,"2095-2100"
90,4,"2015-2020"
90,4,"2020-2025"
90,4,"2025-2030"
90,4,"2030-2035"
90,4,"2035-2040"
90,4,"2040-2045"
90,4,"2045-2050"
90,4,"2050-2055"
90,4,"2055-2060"
90,4,"2060-2065"
90,4,"2065-2070"
90,4,"2070-2075"
90,4,"2075-2080"
90,4,"2080-2085"
90,4,"2085-2090"
90,4,"2090-2095"
90,4,"2095-2100"
90,5,"2015-2020"
90,5,"2020-2025"
90,5,"2025-2030"
90,5,"2030-2035"
90,5,"2035-2040"
90,5,"2040-2045"
90,5,"2045-2050"
90,5,"2050-2055"
90,5,"2055-2060"
90,5,"2060-2065"
90,5,"2065-2070"
90,5,"2070-2075"
90,5,"2075-2080"
90,5,"2080-2085"
90,5,"2085-2090"
90,5,"2090-2095"
90,5,"2095-2100"
90,6,"2015-2020"
90,6,"2020-2025"
90,6,"2025-2030"
90,6,"2030-2035"
90,6,"2035-2040"
90,6,"2040-2045"
90,6,"2045-2050"
90,6,"2050-2055"
90,6,"2055-2060"
90,6,"2060-2065"
90,6,"2065-2070"
90,6,"2070-2075"
90,6,"2075-2080"
90,6,"2080-2085"
90,6,"2085-2090"
90,6,"2090-2095"
90,6,"2095-2100"
90,7,"2015-2020"
90,7,"2020-2025"
90,7,"2025-2030"
90,7,"2030-2035"
90,7,"2035-2040"
90,7,"2040-2045"
90,7,"2045-2050"
90,7,"2050-2055"
90,7,"2055-2060"
90,7,"2060-2065"
90,7,"2065-2070"
90,7,"2070-2075"
90,7,"2075-2080"
90,7,"2080-2085"
90,7,"2085-2090"
90,7,"2090-2095"
90,7,"2095-2100"
90,8,"2015-2020"
90,8,"2020-2025"
90,8,"2025-2030"
90,8,"2030-2035"
90,8,"2035-2040"
90,8,"2040-2045"
90,8,"2045-2050"
90,8,"2050-2055"
90,8,"2055-2060"
90,8,"2060-2065"
90,8,"2065-2070"
90,8,"2070-2075"
90,8,"2075-2080"
90,8,"2080-2085"
90,8,"2085-2090"
90,8,"2090-2095"
90,8,"2095-2100"
90,9,"2015-2020"
90,9,"2020-2025"
90,9,"2025-2030"
90,9,"2030-2035"
90,9,"2035-2040"
90,9,"2040-2045"
90,9,"2045-2050"
90,9,"2050-2055"
90,9,"2055-2060"
90,9,"2060-2065"
90,9,"2065-2070"
90,9,"2070-2075"
90,9,"2075-2080"
90,9,"2080-2085"
90,9,"2085-2090"
90,9,"2090-2095"
90,9,"2095-2100"
90,202,"2015-2020"
90,202,"2020-2025"
90,202,"2025-2030"
90,202,"2030-2035"
90,202,"2035-2040"
90,202,"2040-2045"
90,202,"2045-2050"
90,202,"2050-2055"
90,202,"2055-2060"
90,202,"2060-2065"
90,202,"2065-2070"
90,202,"2070-2075"
90,202,"2075-2080"
90,202,"2080-2085"
90,202,"2085-2090"
90,202,"2090-2095"
90,202,"2095-2100"
706,3,"2015-2020"
706,3,"2020-2025"
706,3,"2025-2030"
706,3,"2030-2035"
706,3,"2035-2040"
706,3,"2040-2045"
706,3,"2045-2050"
706,3,"2050-2055"
706,3,"2055-2060"
706,3,"2060-2065"
706,3,"2065-2070"
706,3,"2070-2075"
706,3,"2075-2080"
706,3,"2080-2085"
706,3,"2085-2090"
706,3,"2090-2095"
706,3,"2095-2100"
706,4,"2015-2020"
706,4,"2020-2025"
706,4,"2025-2030"
706,4,"2030-2035"
706,4,"2035-2040"
706,4,"2040-2045"
706,4,"2045-2050"
706,4,"2050-2055"
706,4,"2055-2060"
706,4,"2060-2065"
706,4,"2065-2070"
706,4,"2070-2075"
706,4,"2075-2080"
706,4,"2080-2085"
706,4,"2085-2090"
706,4,"2090-2095"
706,4,"2095-2100"
706,5,"2015-2020"
706,5,"2020-2025"
706,5,"2025-2030"
706,5,"2030-2035"
706,5,"2035-2040"
706,5,"2040-2045"
706,5,"2045-2050"
706,5,"2050-2055"
706,5,"2055-2060"
706,5,"2060-2065"
706,5,"2065-2070"
706,5,"2070-2075"
706,5,"2075-2080"
706,5,"2080-2085"
706,5,"2085-2090"
706,5,"2090-2095"
706,5,"2095-2100"
706,6,"2015-2020"
706,6,"2020-2025"
706,6,"2025-2030"
706,6,"2030-2035"
706,6,"2035-2040"
706,6,"2040-2045"
706,6,"2045-2050"
706,6,"2050-2055"
706,6,"2055-2060"
706,6,"2060-2065"
706,6,"2065-2070"
706,6,"2070-2075"
706,6,"2075-2080"
706,6,"2080-2085"
706,6,"2085-2090"
706,6,"2090-2095"
706,6,"2095-2100"
706,7,"2015-2020"
706,7,"2020-2025"
706,7,"2025-2030"
706,7,"2030-2035"
706,7,"2035-2040"
706,7,"2040-2045"
706,7,"2045-2050"
706,7,"2050-2055"
706,7,"2055-2060"
706,7,"2060-2065"
706,7,"2065-2070"
706,7,"2070-2075"
706,7,"2075-2080"
706,7,"2080-2085"
706,7,"2085-2090"
706,7,"2090-2095"
706,7,"2095-2100"
706,8,"2015-2020"
706,8,"2020-2025"
706,8,"2025-2030"
706,8,"2030-2035"
706,8,"2035-2040"
706,8,"2040-2045"
706,8,"2045-2050"
706,8,"2050-2055"
706,8,"2055-2060"
706,8,"2060-2065"
706,8,"2065-2070"
706,8,"2070-2075"
706,8,"2075-2080"
706,8,"2080-2085"
706,8,"2085-2090"
706,8,"2090-2095"
706,8,"2095-2100"
706,9,"2015-2020"
706,9,"2020-2025"
706,9,"2025-2030"
706,9,"2030-2035"
706,9,"2035-2040"
706,9,"2040-2045"
706,9,"2045-2050"
706,9,"2050-2055"
706,9,"2055-2060"
706,9,"2060-2065"
706,9,"2065-2070"
706,9,"2070-2075"
706,9,"2075-2080"
706,9,"2080-2085"
706,9,"2085-2090"
706,9,"2090-2095"
706,9,"2095-2100"
706,202,"2015-2020"
706,202,"2020-2025"
706,202,"2025-2030"
706,202,"2030-2035"
706,202,"2035-2040"
706,202,"2040-2045"
706,202,"2045-2050"
706,202,"2050-2055"
706,202,"2055-2060"
706,202,"2060-2065"
706,202,"2065-2070"
706,202,"2070-2075"
706,202,"2075-2080"
706,202,"2080-2085"
706,202,"2085-2090"
706,202,"2090-2095"
706,202,"2095-2100"
710,3,"2015-2020"
710,3,"2020-2025"
710,3,"2025-2030"
710,3,"2030-2035"
710,3,"2035-2040"
710,3,"2040-2045"
710,3,"2045-2050"
710,3,"2050-2055"
710,3,"2055-2060"
710,3,"2060-2065"
710,3,"2065-2070"
710,3,"2070-2075"
710,3,"2075-2080"
710,3,"2080-2085"
710,3,"2085-2090"
710,3,"2090-2095"
710,3,"2095-2100"
710,4,"2015-2020"
710,4,"2020-2025"
710,4,"2025-2030"
710,4,"2030-2035"
710,4,"2035-2040"
710,4,"2040-2045"
710,4,"2045-2050"
710,4,"2050-2055"
710,4,"2055-2060"
710,4,"2060-2065"
710,4,"2065-2070"
710,4,"2070-2075"
710,4,"2075-2080"
710,4,"2080-2085"
710,4,"2085-2090"
710,4,"2090-2095"
710,4,"2095-2100"
710,5,"2015-2020"
710,5,"2020-2025"
710,5,"2025-2030"
710,5,"2030-2035"
710,5,"2035-2040"
710,5,"2040-2045"
710,5,"2045-2050"
710,5,"2050-2055"
710,5,"2055-2060"
710,5,"2060-2065"
710,5,"2065-2070"
710,5,"2070-2075"
710,5,"2075-2080"
710,5,"2080-2085"
710,5,"2085-2090"
710,5,"2090-2095"
710,5,"2095-2100"
710,6,"2015-2020"
710,6,"2020-2025"
710,6,"2025-2030"
710,6,"2030-2035"
710,6,"2035-2040"
710,6,"2040-2045"
710,6,"2045-2050"
710,6,"2050-2055"
710,6,"2055-2060"
710,6,"2060-2065"
710,6,"2065-2070"
710,6,"2070-2075"
710,6,"2075-2080"
710,6,"2080-2085"
710,6,"2085-2090"
710,6,"2090-2095"
710,6,"2095-2100"
710,7,"2015-2020"
710,7,"2020-2025"
710,7,"2025-2030"
710,7,"2030-2035"
710,7,"2035-2040"
710,7,"2040-2045"
710,7,"2045-2050"
710,7,"2050-2055"
710,7,"2055-2060"
710,7,"2060-2065"
710,7,"2065-2070"
710,7,"2070-2075"
710,7,"2075-2080"
710,7,"2080-2085"
710,7,"2085-2090"
710,7,"2090-2095"
710,7,"2095-2100"
710,8,"2015-2020"
710,8,"2020-2025"
710,8,"2025-2030"
710,8,"2030-2035"
710,8,"2035-2040"
710,8,"2040-2045"
710,8,"2045-2050"
710,8,"2050-2055"
710,8,"2055-2060"
710,8,"2060-2065"
710,8,"2065-2070"
710,8,"2070-2075"
710,8,"2075-2080"
710,8,"2080-2085"
710,8,"2085-2090"
710,8,"2090-2095"
710,8,"2095-2100"
710,9,"2015-2020"
710,9,"2020-2025"
710,9,"2025-2030"
710,9,"2030-2035"
710,9,"2035-2040"
710,9,"2040-2045"
710,9,"2045-2050"
710,9,"2050-2055"
710,9,"2055-2060"
710,9,"2060-2065"
710,9,"2065-2070"
710,9,"2070-2075"
710,9,"2075-2080"
710,9,"2080-2085"
710,9,"2085-2090"
710,9,"2090-2095"
710,9,"2095-2100"
710,202,"2015-2020"
710,202,"2020-2025"
710,202,"2025-2030"
710,202,"2030-2035"
710,202,"2035-2040"
710,202,"2040-2045"
710,202,"2045-2050"
710,202,"2050-2055"
710,202,"2055-2060"
710,202,"2060-2065"
710,202,"2065-2070"
710,202,"2070-2075"
710,202,"2075-2080"
710,202,"2080-2085"
710,202,"2085-2090"
710,202,"2090-2095"
710,202,"2095-2100"
931,3,"2015-2020"
931,3,"2020-2025"
931,3,"2025-2030"
931,3,"2030-2035"
931,3,"2035-2040"
931,3,"2040-2045"
931,3,"2045-2050"
931,3,"2050-2055"
931,3,"2055-2060"
931,3,"2060-2065"
931,3,"2065-2070"
931,3,"2070-2075"
931,3,"2075-2080"
931,3,"2080-2085"
931,3,"2085-2090"
931,3,"2090-2095"
931,3,"2095-2100"
931,4,"2015-2020"
931,4,"2020-2025"
931,4,"2025-2030"
931,4,"2030-2035"
931,4,"2035-2040"
931,4,"2040-2045"
931,4,"2045-2050"
931,4,"2050-2055"
931,4,"2055-2060"
931,4,"2060-2065"
931,4,"2065-2070"
931,4,"2070-2075"
931,4,"2075-2080"
931,4,"2080-2085"
931,4,"2085-2090"
931,4,"2090-2095"
931,4,"2095-2100"
931,5,"2015-2020"
931,5,"2020-2025"
931,5,"2025-2030"
931,5,"2030-2035"
931,5,"2035-2040"
931,5,"2040-2045"
931,5,"2045-2050"
931,5,"2050-2055"
931,5,"2055-2060"
931,5,"2060-2065"
931,5,"2065-2070"
931,5,"2070-2075"
931,5,"2075-2080"
931,5,"2080-2085"
931,5,"2085-2090"
931,5,"2090-2095"
931,5,"2095-2100"
931,6,"2015-2020"
931,6,"2020-2025"
931,6,"2025-2030"
931,6,"2030-2035"
931,6,"2035-2040"
931,6,"2040-2045"
931,6,"2045-2050"
931,6,"2050-2055"
931,6,"2055-2060"
931,6,"2060-2065"
931,6,"2065-2070"
931,6,"2070-2075"
931,6,"2075-2080"
931,6,"2080-2085"
931,6,"2085-2090"
931,6,"2090-2095"
931,6,"2095-2100"
931,7,"2015-2020"
931,7,"2020-2025"
931,7,"2025-2030"
931,7,"2030-2035"
931,7,"2035-2040"
931,7,"2040-2045"
931,7,"2045-2050"
931,7,"2050-2055"
931,7,"2055-2060"
931,7,"2060-2065"
931,7,"2065-2070"
931,7,"2070-2075"
931,7,"2075-2080"
931,7,"2080-2085"
931,7,"2085-2090"
931,7,"2090-2095"
931,7,"2095-2100"
931,8,"2015-2020"
931,8,"2020-2025"
931,8,"2025-2030"
931,8,"2030-2035"
931,8,"2035-2040"
931,8,"2040-2045"
931,8,"2045-2050"
931,8,"2050-2055"
931,8,"2055-2060"
931,8,"2060-2065"
931,8,"2065-2070"
931,8,"2070-2075"
931,8,"2075-2080"
931,8,"2080-2085"
931,8,"2085-2090"
931,8,"2090-2095"
931,8,"2095-2100"
931,9,"2015-2020"
931,9,"2020-2025"
931,9,"2025-2030"
931,9,"2030-2035"
931,9,"2035-2040"
931,9,"2040-2045"
931,9,"2045-2050"
931,9,"2050-2055"
931,9,"2055-2060"
931,9,"2060-2065"
931,9,"2065-2070"
931,9,"2070-2075"
931,9,"2075-2080"
931,9,"2080-2085"
931,9,"2085-2090"
931,9,"2090-2095"
931,9,"2095-2100"
728,3,"2015-2020"
728,3,"2020-2025"
728,3,"2025-2030"
728,3,"2030-2035"
728,3,"2035-2040"
728,3,"2040-2045"
728,3,"2045-2050"
728,3,"2050-2055"
728,3,"2055-2060"
728,3,"2060-2065"
728,3,"2065-2070"
728,3,"2070-2075"
728,3,"2075-2080"
728,3,"2080-2085"
728,3,"2085-2090"
728,3,"2090-2095"
728,3,"2095-2100"
728,4,"2015-2020"
728,4,"2020-2025"
728,4,"2025-2030"
728,4,"2030-2035"
728,4,"2035-2040"
728,4,"2040-2045"
728,4,"2045-2050"
728,4,"2050-2055"
728,4,"2055-2060"
728,4,"2060-2065"
728,4,"2065-2070"
728,4,"2070-2075"
728,4,"2075-2080"
728,4,"2080-2085"
728,4,"2085-2090"
728,4,"2090-2095"
728,4,"2095-2100"
728,5,"2015-2020"
728,5,"2020-2025"
728,5,"2025-2030"
728,5,"2030-2035"
728,5,"2035-2040"
728,5,"2040-2045"
728,5,"2045-2050"
728,5,"2050-2055"
728,5,"2055-2060"
728,5,"2060-2065"
728,5,"2065-2070"
728,5,"2070-2075"
728,5,"2075-2080"
728,5,"2080-2085"
728,5,"2085-2090"
728,5,"2090-2095"
728,5,"2095-2100"
728,6,"2015-2020"
728,6,"2020-2025"
728,6,"2025-2030"
728,6,"2030-2035"
728,6,"2035-2040"
728,6,"2040-2045"
728,6,"2045-2050"
728,6,"2050-2055"
728,6,"2055-2060"
728,6,"2060-2065"
728,6,"2065-2070"
728,6,"2070-2075"
728,6,"2075-2080"
728,6,"2080-2085"
728,6,"2085-2090"
728,6,"2090-2095"
728,6,"2095-2100"
728,7,"2015-2020"
728,7,"2020-2025"
728,7,"2025-2030"
728,7,"2030-2035"
728,7,"2035-2040"
728,7,"2040-2045"
728,7,"2045-2050"
728,7,"2050-2055"
728,7,"2055-2060"
728,7,"2060-2065"
728,7,"2065-2070"
728,7,"2070-2075"
728,7,"2075-2080"
728,7,"2080-2085"
728,7,"2085-2090"
728,7,"2090-2095"
728,7,"2095-2100"
728,8,"2015-2020"
728,8,"2020-2025"
728,8,"2025-2030"
728,8,"2030-2035"
728,8,"2035-2040"
728,8,"2040-2045"
728,8,"2045-2050"
728,8,"2050-2055"
728,8,"2055-2060"
728,8,"2060-2065"
728,8,"2065-2070"
728,8,"2070-2075"
728,8,"2075-2080"
728,8,"2080-2085"
728,8,"2085-2090"
728,8,"2090-2095"
728,8,"2095-2100"
728,9,"2015-2020"
728,9,"2020-2025"
728,9,"2025-2030"
728,9,"2030-2035"
728,9,"2035-2040"
728,9,"2040-2045"
728,9,"2045-2050"
728,9,"2050-2055"
728,9,"2055-2060"
728,9,"2060-2065"
728,9,"2065-2070"
728,9,"2070-2075"
728,9,"2075-2080"
728,9,"2080-2085"
728,9,"2085-2090"
728,9,"2090-2095"
728,9,"2095-2100"
728,202,"2015-2020"
728,202,"2020-2025"
728,202,"2025-2030"
728,202,"2030-2035"
728,202,"2035-2040"
728,202,"2040-2045"
728,202,"2045-2050"
728,202,"2050-2055"
728,202,"2055-2060"
728,202,"2060-2065"
728,202,"2065-2070"
728,202,"2070-2075"
728,202,"2075-2080"
728,202,"2080-2085"
728,202,"2085-2090"
728,202,"2090-2095"
728,202,"2095-2100"
920,3,"2015-2020"
920,3,"2020-2025"
920,3,"2025-2030"
920,3,"2030-2035"
920,3,"2035-2040"
920,3,"2040-2045"
920,3,"2045-2050"
920,3,"2050-2055"
920,3,"2055-2060"
920,3,"2060-2065"
920,3,"2065-2070"
920,3,"2070-2075"
920,3,"2075-2080"
920,3,"2080-2085"
920,3,"2085-2090"
920,3,"2090-2095"
920,3,"2095-2100"
920,4,"2015-2020"
920,4,"2020-2025"
920,4,"2025-2030"
920,4,"2030-2035"
920,4,"2035-2040"
920,4,"2040-2045"
920,4,"2045-2050"
920,4,"2050-2055"
920,4,"2055-2060"
920,4,"2060-2065"
920,4,"2065-2070"
920,4,"2070-2075"
920,4,"2075-2080"
920,4,"2080-2085"
920,4,"2085-2090"
920,4,"2090-2095"
920,4,"2095-2100"
920,5,"2015-2020"
920,5,"2020-2025"
920,5,"2025-2030"
920,5,"2030-2035"
920,5,"2035-2040"
920,5,"2040-2045"
920,5,"2045-2050"
920,5,"2050-2055"
920,5,"2055-2060"
920,5,"2060-2065"
920,5,"2065-2070"
920,5,"2070-2075"
920,5,"2075-2080"
920,5,"2080-2085"
920,5,"2085-2090"
920,5,"2090-2095"
920,5,"2095-2100"
920,6,"2015-2020"
920,6,"2020-2025"
920,6,"2025-2030"
920,6,"2030-2035"
920,6,"2035-2040"
920,6,"2040-2045"
920,6,"2045-2050"
920,6,"2050-2055"
920,6,"2055-2060"
920,6,"2060-2065"
920,6,"2065-2070"
920,6,"2070-2075"
920,6,"2075-2080"
920,6,"2080-2085"
920,6,"2085-2090"
920,6,"2090-2095"
920,6,"2095-2100"
920,7,"2015-2020"
920,7,"2020-2025"
920,7,"2025-2030"
920,7,"2030-2035"
920,7,"2035-2040"
920,7,"2040-2045"
920,7,"2045-2050"
920,7,"2050-2055"
920,7,"2055-2060"
920,7,"2060-2065"
920,7,"2065-2070"
920,7,"2070-2075"
920,7,"2075-2080"
920,7,"2080-2085"
920,7,"2085-2090"
920,7,"2090-2095"
920,7,"2095-2100"
920,8,"2015-2020"
920,8,"2020-2025"
920,8,"2025-2030"
920,8,"2030-2035"
920,8,"2035-2040"
920,8,"2040-2045"
920,8,"2045-2050"
920,8,"2050-2055"
920,8,"2055-2060"
920,8,"2060-2065"
920,8,"2065-2070"
920,8,"2070-2075"
920,8,"2075-2080"
920,8,"2080-2085"
920,8,"2085-2090"
920,8,"2090-2095"
920,8,"2095-2100"
920,9,"2015-2020"
920,9,"2020-2025"
920,9,"2025-2030"
920,9,"2030-2035"
920,9,"2035-2040"
920,9,"2040-2045"
920,9,"2045-2050"
920,9,"2050-2055"
920,9,"2055-2060"
920,9,"2060-2065"
920,9,"2065-2070"
920,9,"2070-2075"
920,9,"2075-2080"
920,9,"2080-2085"
920,9,"2085-2090"
920,9,"2090-2095"
920,9,"2095-2100"
913,3,"2015-2020"
913,3,"2020-2025"
913,3,"2025-2030"
913,3,"2030-2035"
913,3,"2035-2040"
913,3,"2040-2045"
913,3,"2045-2050"
913,3,"2050-2055"
913,3,"2055-2060"
913,3,"2060-2065"
913,3,"2065-2070"
913,3,"2070-2075"
913,3,"2075-2080"
913,3,"2080-2085"
913,3,"2085-2090"
913,3,"2090-2095"
913,3,"2095-2100"
913,4,"2015-2020"
913,4,"2020-2025"
913,4,"2025-2030"
913,4,"2030-2035"
913,4,"2035-2040"
913,4,"2040-2045"
913,4,"2045-2050"
913,4,"2050-2055"
913,4,"2055-2060"
913,4,"2060-2065"
913,4,"2065-2070"
913,4,"2070-2075"
913,4,"2075-2080"
913,4,"2080-2085"
913,4,"2085-2090"
913,4,"2090-2095"
913,4,"2095-2100"
913,5,"2015-2020"
913,5,"2020-2025"
913,5,"2025-2030"
913,5,"2030-2035"
913,5,"2035-2040"
913,5,"2040-2045"
913,5,"2045-2050"
913,5,"2050-2055"
913,5,"2055-2060"
913,5,"2060-2065"
913,5,"2065-2070"
913,5,"2070-2075"
913,5,"2075-2080"
913,5,"2080-2085"
913,5,"2085-2090"
913,5,"2090-2095"
913,5,"2095-2100"
913,6,"2015-2020"
913,6,"2020-2025"
913,6,"2025-2030"
913,6,"2030-2035"
913,6,"2035-2040"
913,6,"2040-2045"
913,6,"2045-2050"
913,6,"2050-2055"
913,6,"2055-2060"
913,6,"2060-2065"
913,6,"2065-2070"
913,6,"2070-2075"
913,6,"2075-2080"
913,6,"2080-2085"
913,6,"2085-2090"
913,6,"2090-2095"
913,6,"2095-2100"
913,7,"2015-2020"
913,7,"2020-2025"
913,7,"2025-2030"
913,7,"2030-2035"
913,7,"2035-2040"
913,7,"2040-2045"
913,7,"2045-2050"
913,7,"2050-2055"
913,7,"2055-2060"
913,7,"2060-2065"
913,7,"2065-2070"
913,7,"2070-2075"
913,7,"2075-2080"
913,7,"2080-2085"
913,7,"2085-2090"
913,7,"2090-2095"
913,7,"2095-2100"
913,8,"2015-2020"
913,8,"2020-2025"
913,8,"2025-2030"
913,8,"2030-2035"
913,8,"2035-2040"
913,8,"2040-2045"
913,8,"2045-2050"
913,8,"2050-2055"
913,8,"2055-2060"
913,8,"2060-2065"
913,8,"2065-2070"
913,8,"2070-2075"
913,8,"2075-2080"
913,8,"2080-2085"
913,8,"2085-2090"
913,8,"2090-2095"
913,8,"2095-2100"
913,9,"2015-2020"
913,9,"2020-2025"
913,9,"2025-2030"
913,9,"2030-2035"
913,9,"2035-2040"
913,9,"2040-2045"
913,9,"2045-2050"
913,9,"2050-2055"
913,9,"2055-2060"
913,9,"2060-2065"
913,9,"2065-2070"
913,9,"2070-2075"
913,9,"2075-2080"
913,9,"2080-2085"
913,9,"2085-2090"
913,9,"2090-2095"
913,9,"2095-2100"
5501,3,"2015-2020"
5501,3,"2020-2025"
5501,3,"2025-2030"
5501,3,"2030-2035"
5501,3,"2035-2040"
5501,3,"2040-2045"
5501,3,"2045-2050"
5501,3,"2050-2055"
5501,3,"2055-2060"
5501,3,"2060-2065"
5501,3,"2065-2070"
5501,3,"2070-2075"
5501,3,"2075-2080"
5501,3,"2080-2085"
5501,3,"2085-2090"
5501,3,"2090-2095"
5501,3,"2095-2100"
5501,4,"2015-2020"
5501,4,"2020-2025"
5501,4,"2025-2030"
5501,4,"2030-2035"
5501,4,"2035-2040"
5501,4,"2040-2045"
5501,4,"2045-2050"
5501,4,"2050-2055"
5501,4,"2055-2060"
5501,4,"2060-2065"
5501,4,"2065-2070"
5501,4,"2070-2075"
5501,4,"2075-2080"
5501,4,"2080-2085"
5501,4,"2085-2090"
5501,4,"2090-2095"
5501,4,"2095-2100"
5501,5,"2015-2020"
5501,5,"2020-2025"
5501,5,"2025-2030"
5501,5,"2030-2035"
5501,5,"2035-2040"
5501,5,"2040-2045"
5501,5,"2045-2050"
5501,5,"2050-2055"
5501,5,"2055-2060"
5501,5,"2060-2065"
5501,5,"2065-2070"
5501,5,"2070-2075"
5501,5,"2075-2080"
5501,5,"2080-2085"
5501,5,"2085-2090"
5501,5,"2090-2095"
5501,5,"2095-2100"
5501,6,"2015-2020"
5501,6,"2020-2025"
5501,6,"2025-2030"
5501,6,"2030-2035"
5501,6,"2035-2040"
5501,6,"2040-2045"
5501,6,"2045-2050"
5501,6,"2050-2055"
5501,6,"2055-2060"
5501,6,"2060-2065"
5501,6,"2065-2070"
5501,6,"2070-2075"
5501,6,"2075-2080"
5501,6,"2080-2085"
5501,6,"2085-2090"
5501,6,"2090-2095"
5501,6,"2095-2100"
5501,7,"2015-2020"
5501,7,"2020-2025"
5501,7,"2025-2030"
5501,7,"2030-2035"
5501,7,"2035-2040"
5501,7,"2040-2045"
5501,7,"2045-2050"
5501,7,"2050-2055"
5501,7,"2055-2060"
5501,7,"2060-2065"
5501,7,"2065-2070"
5501,7,"2070-2075"
5501,7,"2075-2080"
5501,7,"2080-2085"
5501,7,"2085-2090"
5501,7,"2090-2095"
5501,7,"2095-2100"
5501,8,"2015-2020"
5501,8,"2020-2025"
5501,8,"2025-2030"
5501,8,"2030-2035"
5501,8,"2035-2040"
5501,8,"2040-2045"
5501,8,"2045-2050"
5501,8,"2050-2055"
5501,8,"2055-2060"
5501,8,"2060-2065"
5501,8,"2065-2070"
5501,8,"2070-2075"
5501,8,"2075-2080"
5501,8,"2080-2085"
5501,8,"2085-2090"
5501,8,"2090-2095"
5501,8,"2095-2100"
5501,9,"2015-2020"
5501,9,"2020-2025"
5501,9,"2025-2030"
5501,9,"2030-2035"
5501,9,"2035-2040"
5501,9,"2040-2045"
5501,9,"2045-2050"
5501,9,"2050-2055"
5501,9,"2055-2060"
5501,9,"2060-2065"
5501,9,"2065-2070"
5501,9,"2070-2075"
5501,9,"2075-2080"
5501,9,"2080-2085"
5501,9,"2085-2090"
5501,9,"2090-2095"
5501,9,"2095-2100"
925,3,"2015-2020"
925,3,"2020-2025"
925,3,"2025-2030"
925,3,"2030-2035"
925,3,"2035-2040"
925,3,"2040-2045"
925,3,"2045-2050"
925,3,"2050-2055"
925,3,"2055-2060"
925,3,"2060-2065"
925,3,"2065-2070"
925,3,"2070-2075"
925,3,"2075-2080"
925,3,"2080-2085"
925,3,"2085-2090"
925,3,"2090-2095"
925,3,"2095-2100"
925,4,"2015-2020"
925,4,"2020-2025"
925,4,"2025-2030"
925,4,"2030-2035"
925,4,"2035-2040"
925,4,"2040-2045"
925,4,"2045-2050"
925,4,"2050-2055"
925,4,"2055-2060"
925,4,"2060-2065"
925,4,"2065-2070"
925,4,"2070-2075"
925,4,"2075-2080"
925,4,"2080-2085"
925,4,"2085-2090"
925,4,"2090-2095"
925,4,"2095-2100"
925,5,"2015-2020"
925,5,"2020-2025"
925,5,"2025-2030"
925,5,"2030-2035"
925,5,"2035-2040"
925,5,"2040-2045"
925,5,"2045-2050"
925,5,"2050-2055"
925,5,"2055-2060"
925,5,"2060-2065"
925,5,"2065-2070"
925,5,"2070-2075"
925,5,"2075-2080"
925,5,"2080-2085"
925,5,"2085-2090"
925,5,"2090-2095"
925,5,"2095-2100"
925,6,"2015-2020"
925,6,"2020-2025"
925,6,"2025-2030"
925,6,"2030-2035"
925,6,"2035-2040"
925,6,"2040-2045"
925,6,"2045-2050"
925,6,"2050-2055"
925,6,"2055-2060"
925,6,"2060-2065"
925,6,"2065-2070"
925,6,"2070-2075"
925,6,"2075-2080"
925,6,"2080-2085"
925,6,"2085-2090"
925,6,"2090-2095"
925,6,"2095-2100"
925,7,"2015-2020"
925,7,"2020-2025"
925,7,"2025-2030"
925,7,"2030-2035"
925,7,"2035-2040"
925,7,"2040-2045"
925,7,"2045-2050"
925,7,"2050-2055"
925,7,"2055-2060"
925,7,"2060-2065"
925,7,"2065-2070"
925,7,"2070-2075"
925,7,"2075-2080"
925,7,"2080-2085"
925,7,"2085-2090"
925,7,"2090-2095"
925,7,"2095-2100"
925,8,"2015-2020"
925,8,"2020-2025"
925,8,"2025-2030"
925,8,"2030-2035"
925,8,"2035-2040"
925,8,"2040-2045"
925,8,"2045-2050"
925,8,"2050-2055"
925,8,"2055-2060"
925,8,"2060-2065"
925,8,"2065-2070"
925,8,"2070-2075"
925,8,"2075-2080"
925,8,"2080-2085"
925,8,"2085-2090"
925,8,"2090-2095"
925,8,"2095-2100"
925,9,"2015-2020"
925,9,"2020-2025"
925,9,"2025-2030"
925,9,"2030-2035"
925,9,"2035-2040"
925,9,"2040-2045"
925,9,"2045-2050"
925,9,"2050-2055"
925,9,"2055-2060"
925,9,"2060-2065"
925,9,"2065-2070"
925,9,"2070-2075"
925,9,"2075-2080"
925,9,"2080-2085"
925,9,"2085-2090"
925,9,"2090-2095"
925,9,"2095-2100"
724,3,"2015-2020"
724,3,"2020-2025"
724,3,"2025-2030"
724,3,"2030-2035"
724,3,"2035-2040"
724,3,"2040-2045"
724,3,"2045-2050"
724,3,"2050-2055"
724,3,"2055-2060"
724,3,"2060-2065"
724,3,"2065-2070"
724,3,"2070-2075"
724,3,"2075-2080"
724,3,"2080-2085"
724,3,"2085-2090"
724,3,"2090-2095"
724,3,"2095-2100"
724,4,"2015-2020"
724,4,"2020-2025"
724,4,"2025-2030"
724,4,"2030-2035"
724,4,"2035-2040"
724,4,"2040-2045"
724,4,"2045-2050"
724,4,"2050-2055"
724,4,"2055-2060"
724,4,"2060-2065"
724,4,"2065-2070"
724,4,"2070-2075"
724,4,"2075-2080"
724,4,"2080-2085"
724,4,"2085-2090"
724,4,"2090-2095"
724,4,"2095-2100"
724,5,"2015-2020"
724,5,"2020-2025"
724,5,"2025-2030"
724,5,"2030-2035"
724,5,"2035-2040"
724,5,"2040-2045"
724,5,"2045-2050"
724,5,"2050-2055"
724,5,"2055-2060"
724,5,"2060-2065"
724,5,"2065-2070"
724,5,"2070-2075"
724,5,"2075-2080"
724,5,"2080-2085"
724,5,"2085-2090"
724,5,"2090-2095"
724,5,"2095-2100"
724,6,"2015-2020"
724,6,"2020-2025"
724,6,"2025-2030"
724,6,"2030-2035"
724,6,"2035-2040"
724,6,"2040-2045"
724,6,"2045-2050"
724,6,"2050-2055"
724,6,"2055-2060"
724,6,"2060-2065"
724,6,"2065-2070"
724,6,"2070-2075"
724,6,"2075-2080"
724,6,"2080-2085"
724,6,"2085-2090"
724,6,"2090-2095"
724,6,"2095-2100"
724,7,"2015-2020"
724,7,"2020-2025"
724,7,"2025-2030"
724,7,"2030-2035"
724,7,"2035-2040"
724,7,"2040-2045"
724,7,"2045-2050"
724,7,"2050-2055"
724,7,"2055-2060"
724,7,"2060-2065"
724,7,"2065-2070"
724,7,"2070-2075"
724,7,"2075-2080"
724,7,"2080-2085"
724,7,"2085-2090"
724,7,"2090-2095"
724,7,"2095-2100"
724,8,"2015-2020"
724,8,"2020-2025"
724,8,"2025-2030"
724,8,"2030-2035"
724,8,"2035-2040"
724,8,"2040-2045"
724,8,"2045-2050"
724,8,"2050-2055"
724,8,"2055-2060"
724,8,"2060-2065"
724,8,"2065-2070"
724,8,"2070-2075"
724,8,"2075-2080"
724,8,"2080-2085"
724,8,"2085-2090"
724,8,"2090-2095"
724,8,"2095-2100"
724,9,"2015-2020"
724,9,"2020-2025"
724,9,"2025-2030"
724,9,"2030-2035"
724,9,"2035-2040"
724,9,"2040-2045"
724,9,"2045-2050"
724,9,"2050-2055"
724,9,"2055-2060"
724,9,"2060-2065"
724,9,"2065-2070"
724,9,"2070-2075"
724,9,"2075-2080"
724,9,"2080-2085"
724,9,"2085-2090"
724,9,"2090-2095"
724,9,"2095-2100"
724,202,"2015-2020"
724,202,"2020-2025"
724,202,"2025-2030"
724,202,"2030-2035"
724,202,"2035-2040"
724,202,"2040-2045"
724,202,"2045-2050"
724,202,"2050-2055"
724,202,"2055-2060"
724,202,"2060-2065"
724,202,"2065-2070"
724,202,"2070-2075"
724,202,"2075-2080"
724,202,"2080-2085"
724,202,"2085-2090"
724,202,"2090-2095"
724,202,"2095-2100"
144,3,"2015-2020"
144,3,"2020-2025"
144,3,"2025-2030"
144,3,"2030-2035"
144,3,"2035-2040"
144,3,"2040-2045"
144,3,"2045-2050"
144,3,"2050-2055"
144,3,"2055-2060"
144,3,"2060-2065"
144,3,"2065-2070"
144,3,"2070-2075"
144,3,"2075-2080"
144,3,"2080-2085"
144,3,"2085-2090"
144,3,"2090-2095"
144,3,"2095-2100"
144,4,"2015-2020"
144,4,"2020-2025"
144,4,"2025-2030"
144,4,"2030-2035"
144,4,"2035-2040"
144,4,"2040-2045"
144,4,"2045-2050"
144,4,"2050-2055"
144,4,"2055-2060"
144,4,"2060-2065"
144,4,"2065-2070"
144,4,"2070-2075"
144,4,"2075-2080"
144,4,"2080-2085"
144,4,"2085-2090"
144,4,"2090-2095"
144,4,"2095-2100"
144,5,"2015-2020"
144,5,"2020-2025"
144,5,"2025-2030"
144,5,"2030-2035"
144,5,"2035-2040"
144,5,"2040-2045"
144,5,"2045-2050"
144,5,"2050-2055"
144,5,"2055-2060"
144,5,"2060-2065"
144,5,"2065-2070"
144,5,"2070-2075"
144,5,"2075-2080"
144,5,"2080-2085"
144,5,"2085-2090"
144,5,"2090-2095"
144,5,"2095-2100"
144,6,"2015-2020"
144,6,"2020-2025"
144,6,"2025-2030"
144,6,"2030-2035"
144,6,"2035-2040"
144,6,"2040-2045"
144,6,"2045-2050"
144,6,"2050-2055"
144,6,"2055-2060"
144,6,"2060-2065"
144,6,"2065-2070"
144,6,"2070-2075"
144,6,"2075-2080"
144,6,"2080-2085"
144,6,"2085-2090"
144,6,"2090-2095"
144,6,"2095-2100"
144,7,"2015-2020"
144,7,"2020-2025"
144,7,"2025-2030"
144,7,"2030-2035"
144,7,"2035-2040"
144,7,"2040-2045"
144,7,"2045-2050"
144,7,"2050-2055"
144,7,"2055-2060"
144,7,"2060-2065"
144,7,"2065-2070"
144,7,"2070-2075"
144,7,"2075-2080"
144,7,"2080-2085"
144,7,"2085-2090"
144,7,"2090-2095"
144,7,"2095-2100"
144,8,"2015-2020"
144,8,"2020-2025"
144,8,"2025-2030"
144,8,"2030-2035"
144,8,"2035-2040"
144,8,"2040-2045"
144,8,"2045-2050"
144,8,"2050-2055"
144,8,"2055-2060"
144,8,"2060-2065"
144,8,"2065-2070"
144,8,"2070-2075"
144,8,"2075-2080"
144,8,"2080-2085"
144,8,"2085-2090"
144,8,"2090-2095"
144,8,"2095-2100"
144,9,"2015-2020"
144,9,"2020-2025"
144,9,"2025-2030"
144,9,"2030-2035"
144,9,"2035-2040"
144,9,"2040-2045"
144,9,"2045-2050"
144,9,"2050-2055"
144,9,"2055-2060"
144,9,"2060-2065"
144,9,"2065-2070"
144,9,"2070-2075"
144,9,"2075-2080"
144,9,"2080-2085"
144,9,"2085-2090"
144,9,"2090-2095"
144,9,"2095-2100"
144,202,"2015-2020"
144,202,"2020-2025"
144,202,"2025-2030"
144,202,"2030-2035"
144,202,"2035-2040"
144,202,"2040-2045"
144,202,"2045-2050"
144,202,"2050-2055"
144,202,"2055-2060"
144,202,"2060-2065"
144,202,"2065-2070"
144,202,"2070-2075"
144,202,"2075-2080"
144,202,"2080-2085"
144,202,"2085-2090"
144,202,"2090-2095"
144,202,"2095-2100"
275,3,"2015-2020"
275,3,"2020-2025"
275,3,"2025-2030"
275,3,"2030-2035"
275,3,"2035-2040"
275,3,"2040-2045"
275,3,"2045-2050"
275,3,"2050-2055"
275,3,"2055-2060"
275,3,"2060-2065"
275,3,"2065-2070"
275,3,"2070-2075"
275,3,"2075-2080"
275,3,"2080-2085"
275,3,"2085-2090"
275,3,"2090-2095"
275,3,"2095-2100"
275,4,"2015-2020"
275,4,"2020-2025"
275,4,"2025-2030"
275,4,"2030-2035"
275,4,"2035-2040"
275,4,"2040-2045"
275,4,"2045-2050"
275,4,"2050-2055"
275,4,"2055-2060"
275,4,"2060-2065"
275,4,"2065-2070"
275,4,"2070-2075"
275,4,"2075-2080"
275,4,"2080-2085"
275,4,"2085-2090"
275,4,"2090-2095"
275,4,"2095-2100"
275,5,"2015-2020"
275,5,"2020-2025"
275,5,"2025-2030"
275,5,"2030-2035"
275,5,"2035-2040"
275,5,"2040-2045"
275,5,"2045-2050"
275,5,"2050-2055"
275,5,"2055-2060"
275,5,"2060-2065"
275,5,"2065-2070"
275,5,"2070-2075"
275,5,"2075-2080"
275,5,"2080-2085"
275,5,"2085-2090"
275,5,"2090-2095"
275,5,"2095-2100"
275,6,"2015-2020"
275,6,"2020-2025"
275,6,"2025-2030"
275,6,"2030-2035"
275,6,"2035-2040"
275,6,"2040-2045"
275,6,"2045-2050"
275,6,"2050-2055"
275,6,"2055-2060"
275,6,"2060-2065"
275,6,"2065-2070"
275,6,"2070-2075"
275,6,"2075-2080"
275,6,"2080-2085"
275,6,"2085-2090"
275,6,"2090-2095"
275,6,"2095-2100"
275,7,"2015-2020"
275,7,"2020-2025"
275,7,"2025-2030"
275,7,"2030-2035"
275,7,"2035-2040"
275,7,"2040-2045"
275,7,"2045-2050"
275,7,"2050-2055"
275,7,"2055-2060"
275,7,"2060-2065"
275,7,"2065-2070"
275,7,"2070-2075"
275,7,"2075-2080"
275,7,"2080-2085"
275,7,"2085-2090"
275,7,"2090-2095"
275,7,"2095-2100"
275,8,"2015-2020"
275,8,"2020-2025"
275,8,"2025-2030"
275,8,"2030-2035"
275,8,"2035-2040"
275,8,"2040-2045"
275,8,"2045-2050"
275,8,"2050-2055"
275,8,"2055-2060"
275,8,"2060-2065"
275,8,"2065-2070"
275,8,"2070-2075"
275,8,"2075-2080"
275,8,"2080-2085"
275,8,"2085-2090"
275,8,"2090-2095"
275,8,"2095-2100"
275,9,"2015-2020"
275,9,"2020-2025"
275,9,"2025-2030"
275,9,"2030-2035"
275,9,"2035-2040"
275,9,"2040-2045"
275,9,"2045-2050"
275,9,"2050-2055"
275,9,"2055-2060"
275,9,"2060-2065"
275,9,"2065-2070"
275,9,"2070-2075"
275,9,"2075-2080"
275,9,"2080-2085"
275,9,"2085-2090"
275,9,"2090-2095"
275,9,"2095-2100"
275,202,"2015-2020"
275,202,"2020-2025"
275,202,"2025-2030"
275,202,"2030-2035"
275,202,"2035-2040"
275,202,"2040-2045"
275,202,"2045-2050"
275,202,"2050-2055"
275,202,"2055-2060"
275,202,"2060-2065"
275,202,"2065-2070"
275,202,"2070-2075"
275,202,"2075-2080"
275,202,"2080-2085"
275,202,"2085-2090"
275,202,"2090-2095"
275,202,"2095-2100"
947,3,"2015-2020"
947,3,"2020-2025"
947,3,"2025-2030"
947,3,"2030-2035"
947,3,"2035-2040"
947,3,"2040-2045"
947,3,"2045-2050"
947,3,"2050-2055"
947,3,"2055-2060"
947,3,"2060-2065"
947,3,"2065-2070"
947,3,"2070-2075"
947,3,"2075-2080"
947,3,"2080-2085"
947,3,"2085-2090"
947,3,"2090-2095"
947,3,"2095-2100"
947,4,"2015-2020"
947,4,"2020-2025"
947,4,"2025-2030"
947,4,"2030-2035"
947,4,"2035-2040"
947,4,"2040-2045"
947,4,"2045-2050"
947,4,"2050-2055"
947,4,"2055-2060"
947,4,"2060-2065"
947,4,"2065-2070"
947,4,"2070-2075"
947,4,"2075-2080"
947,4,"2080-2085"
947,4,"2085-2090"
947,4,"2090-2095"
947,4,"2095-2100"
947,5,"2015-2020"
947,5,"2020-2025"
947,5,"2025-2030"
947,5,"2030-2035"
947,5,"2035-2040"
947,5,"2040-2045"
947,5,"2045-2050"
947,5,"2050-2055"
947,5,"2055-2060"
947,5,"2060-2065"
947,5,"2065-2070"
947,5,"2070-2075"
947,5,"2075-2080"
947,5,"2080-2085"
947,5,"2085-2090"
947,5,"2090-2095"
947,5,"2095-2100"
947,6,"2015-2020"
947,6,"2020-2025"
947,6,"2025-2030"
947,6,"2030-2035"
947,6,"2035-2040"
947,6,"2040-2045"
947,6,"2045-2050"
947,6,"2050-2055"
947,6,"2055-2060"
947,6,"2060-2065"
947,6,"2065-2070"
947,6,"2070-2075"
947,6,"2075-2080"
947,6,"2080-2085"
947,6,"2085-2090"
947,6,"2090-2095"
947,6,"2095-2100"
947,7,"2015-2020"
947,7,"2020-2025"
947,7,"2025-2030"
947,7,"2030-2035"
947,7,"2035-2040"
947,7,"2040-2045"
947,7,"2045-2050"
947,7,"2050-2055"
947,7,"2055-2060"
947,7,"2060-2065"
947,7,"2065-2070"
947,7,"2070-2075"
947,7,"2075-2080"
947,7,"2080-2085"
947,7,"2085-2090"
947,7,"2090-2095"
947,7,"2095-2100"
947,8,"2015-2020"
947,8,"2020-2025"
947,8,"2025-2030"
947,8,"2030-2035"
947,8,"2035-2040"
947,8,"2040-2045"
947,8,"2045-2050"
947,8,"2050-2055"
947,8,"2055-2060"
947,8,"2060-2065"
947,8,"2065-2070"
947,8,"2070-2075"
947,8,"2075-2080"
947,8,"2080-2085"
947,8,"2085-2090"
947,8,"2090-2095"
947,8,"2095-2100"
947,9,"2015-2020"
947,9,"2020-2025"
947,9,"2025-2030"
947,9,"2030-2035"
947,9,"2035-2040"
947,9,"2040-2045"
947,9,"2045-2050"
947,9,"2050-2055"
947,9,"2055-2060"
947,9,"2060-2065"
947,9,"2065-2070"
947,9,"2070-2075"
947,9,"2075-2080"
947,9,"2080-2085"
947,9,"2085-2090"
947,9,"2090-2095"
947,9,"2095-2100"
729,3,"2015-2020"
729,3,"2020-2025"
729,3,"2025-2030"
729,3,"2030-2035"
729,3,"2035-2040"
729,3,"2040-2045"
729,3,"2045-2050"
729,3,"2050-2055"
729,3,"2055-2060"
729,3,"2060-2065"
729,3,"2065-2070"
729,3,"2070-2075"
729,3,"2075-2080"
729,3,"2080-2085"
729,3,"2085-2090"
729,3,"2090-2095"
729,3,"2095-2100"
729,4,"2015-2020"
729,4,"2020-2025"
729,4,"2025-2030"
729,4,"2030-2035"
729,4,"2035-2040"
729,4,"2040-2045"
729,4,"2045-2050"
729,4,"2050-2055"
729,4,"2055-2060"
729,4,"2060-2065"
729,4,"2065-2070"
729,4,"2070-2075"
729,4,"2075-2080"
729,4,"2080-2085"
729,4,"2085-2090"
729,4,"2090-2095"
729,4,"2095-2100"
729,5,"2015-2020"
729,5,"2020-2025"
729,5,"2025-2030"
729,5,"2030-2035"
729,5,"2035-2040"
729,5,"2040-2045"
729,5,"2045-2050"
729,5,"2050-2055"
729,5,"2055-2060"
729,5,"2060-2065"
729,5,"2065-2070"
729,5,"2070-2075"
729,5,"2075-2080"
729,5,"2080-2085"
729,5,"2085-2090"
729,5,"2090-2095"
729,5,"2095-2100"
729,6,"2015-2020"
729,6,"2020-2025"
729,6,"2025-2030"
729,6,"2030-2035"
729,6,"2035-2040"
729,6,"2040-2045"
729,6,"2045-2050"
729,6,"2050-2055"
729,6,"2055-2060"
729,6,"2060-2065"
729,6,"2065-2070"
729,6,"2070-2075"
729,6,"2075-2080"
729,6,"2080-2085"
729,6,"2085-2090"
729,6,"2090-2095"
729,6,"2095-2100"
729,7,"2015-2020"
729,7,"2020-2025"
729,7,"2025-2030"
729,7,"2030-2035"
729,7,"2035-2040"
729,7,"2040-2045"
729,7,"2045-2050"
729,7,"2050-2055"
729,7,"2055-2060"
729,7,"2060-2065"
729,7,"2065-2070"
729,7,"2070-2075"
729,7,"2075-2080"
729,7,"2080-2085"
729,7,"2085-2090"
729,7,"2090-2095"
729,7,"2095-2100"
729,8,"2015-2020"
729,8,"2020-2025"
729,8,"2025-2030"
729,8,"2030-2035"
729,8,"2035-2040"
729,8,"2040-2045"
729,8,"2045-2050"
729,8,"2050-2055"
729,8,"2055-2060"
729,8,"2060-2065"
729,8,"2065-2070"
729,8,"2070-2075"
729,8,"2075-2080"
729,8,"2080-2085"
729,8,"2085-2090"
729,8,"2090-2095"
729,8,"2095-2100"
729,9,"2015-2020"
729,9,"2020-2025"
729,9,"2025-2030"
729,9,"2030-2035"
729,9,"2035-2040"
729,9,"2040-2045"
729,9,"2045-2050"
729,9,"2050-2055"
729,9,"2055-2060"
729,9,"2060-2065"
729,9,"2065-2070"
729,9,"2070-2075"
729,9,"2075-2080"
729,9,"2080-2085"
729,9,"2085-2090"
729,9,"2090-2095"
729,9,"2095-2100"
729,202,"2015-2020"
729,202,"2020-2025"
729,202,"2025-2030"
729,202,"2030-2035"
729,202,"2035-2040"
729,202,"2040-2045"
729,202,"2045-2050"
729,202,"2050-2055"
729,202,"2055-2060"
729,202,"2060-2065"
729,202,"2065-2070"
729,202,"2070-2075"
729,202,"2075-2080"
729,202,"2080-2085"
729,202,"2085-2090"
729,202,"2090-2095"
729,202,"2095-2100"
740,3,"2015-2020"
740,3,"2020-2025"
740,3,"2025-2030"
740,3,"2030-2035"
740,3,"2035-2040"
740,3,"2040-2045"
740,3,"2045-2050"
740,3,"2050-2055"
740,3,"2055-2060"
740,3,"2060-2065"
740,3,"2065-2070"
740,3,"2070-2075"
740,3,"2075-2080"
740,3,"2080-2085"
740,3,"2085-2090"
740,3,"2090-2095"
740,3,"2095-2100"
740,4,"2015-2020"
740,4,"2020-2025"
740,4,"2025-2030"
740,4,"2030-2035"
740,4,"2035-2040"
740,4,"2040-2045"
740,4,"2045-2050"
740,4,"2050-2055"
740,4,"2055-2060"
740,4,"2060-2065"
740,4,"2065-2070"
740,4,"2070-2075"
740,4,"2075-2080"
740,4,"2080-2085"
740,4,"2085-2090"
740,4,"2090-2095"
740,4,"2095-2100"
740,5,"2015-2020"
740,5,"2020-2025"
740,5,"2025-2030"
740,5,"2030-2035"
740,5,"2035-2040"
740,5,"2040-2045"
740,5,"2045-2050"
740,5,"2050-2055"
740,5,"2055-2060"
740,5,"2060-2065"
740,5,"2065-2070"
740,5,"2070-2075"
740,5,"2075-2080"
740,5,"2080-2085"
740,5,"2085-2090"
740,5,"2090-2095"
740,5,"2095-2100"
740,6,"2015-2020"
740,6,"2020-2025"
740,6,"2025-2030"
740,6,"2030-2035"
740,6,"2035-2040"
740,6,"2040-2045"
740,6,"2045-2050"
740,6,"2050-2055"
740,6,"2055-2060"
740,6,"2060-2065"
740,6,"2065-2070"
740,6,"2070-2075"
740,6,"2075-2080"
740,6,"2080-2085"
740,6,"2085-2090"
740,6,"2090-2095"
740,6,"2095-2100"
740,7,"2015-2020"
740,7,"2020-2025"
740,7,"2025-2030"
740,7,"2030-2035"
740,7,"2035-2040"
740,7,"2040-2045"
740,7,"2045-2050"
740,7,"2050-2055"
740,7,"2055-2060"
740,7,"2060-2065"
740,7,"2065-2070"
740,7,"2070-2075"
740,7,"2075-2080"
740,7,"2080-2085"
740,7,"2085-2090"
740,7,"2090-2095"
740,7,"2095-2100"
740,8,"2015-2020"
740,8,"2020-2025"
740,8,"2025-2030"
740,8,"2030-2035"
740,8,"2035-2040"
740,8,"2040-2045"
740,8,"2045-2050"
740,8,"2050-2055"
740,8,"2055-2060"
740,8,"2060-2065"
740,8,"2065-2070"
740,8,"2070-2075"
740,8,"2075-2080"
740,8,"2080-2085"
740,8,"2085-2090"
740,8,"2090-2095"
740,8,"2095-2100"
740,9,"2015-2020"
740,9,"2020-2025"
740,9,"2025-2030"
740,9,"2030-2035"
740,9,"2035-2040"
740,9,"2040-2045"
740,9,"2045-2050"
740,9,"2050-2055"
740,9,"2055-2060"
740,9,"2060-2065"
740,9,"2065-2070"
740,9,"2070-2075"
740,9,"2075-2080"
740,9,"2080-2085"
740,9,"2085-2090"
740,9,"2090-2095"
740,9,"2095-2100"
740,202,"2015-2020"
740,202,"2020-2025"
740,202,"2025-2030"
740,202,"2030-2035"
740,202,"2035-2040"
740,202,"2040-2045"
740,202,"2045-2050"
740,202,"2050-2055"
740,202,"2055-2060"
740,202,"2060-2065"
740,202,"2065-2070"
740,202,"2070-2075"
740,202,"2075-2080"
740,202,"2080-2085"
740,202,"2085-2090"
740,202,"2090-2095"
740,202,"2095-2100"
752,3,"2015-2020"
752,3,"2020-2025"
752,3,"2025-2030"
752,3,"2030-2035"
752,3,"2035-2040"
752,3,"2040-2045"
752,3,"2045-2050"
752,3,"2050-2055"
752,3,"2055-2060"
752,3,"2060-2065"
752,3,"2065-2070"
752,3,"2070-2075"
752,3,"2075-2080"
752,3,"2080-2085"
752,3,"2085-2090"
752,3,"2090-2095"
752,3,"2095-2100"
752,4,"2015-2020"
752,4,"2020-2025"
752,4,"2025-2030"
752,4,"2030-2035"
752,4,"2035-2040"
752,4,"2040-2045"
752,4,"2045-2050"
752,4,"2050-2055"
752,4,"2055-2060"
752,4,"2060-2065"
752,4,"2065-2070"
752,4,"2070-2075"
752,4,"2075-2080"
752,4,"2080-2085"
752,4,"2085-2090"
752,4,"2090-2095"
752,4,"2095-2100"
752,5,"2015-2020"
752,5,"2020-2025"
752,5,"2025-2030"
752,5,"2030-2035"
752,5,"2035-2040"
752,5,"2040-2045"
752,5,"2045-2050"
752,5,"2050-2055"
752,5,"2055-2060"
752,5,"2060-2065"
752,5,"2065-2070"
752,5,"2070-2075"
752,5,"2075-2080"
752,5,"2080-2085"
752,5,"2085-2090"
752,5,"2090-2095"
752,5,"2095-2100"
752,6,"2015-2020"
752,6,"2020-2025"
752,6,"2025-2030"
752,6,"2030-2035"
752,6,"2035-2040"
752,6,"2040-2045"
752,6,"2045-2050"
752,6,"2050-2055"
752,6,"2055-2060"
752,6,"2060-2065"
752,6,"2065-2070"
752,6,"2070-2075"
752,6,"2075-2080"
752,6,"2080-2085"
752,6,"2085-2090"
752,6,"2090-2095"
752,6,"2095-2100"
752,7,"2015-2020"
752,7,"2020-2025"
752,7,"2025-2030"
752,7,"2030-2035"
752,7,"2035-2040"
752,7,"2040-2045"
752,7,"2045-2050"
752,7,"2050-2055"
752,7,"2055-2060"
752,7,"2060-2065"
752,7,"2065-2070"
752,7,"2070-2075"
752,7,"2075-2080"
752,7,"2080-2085"
752,7,"2085-2090"
752,7,"2090-2095"
752,7,"2095-2100"
752,8,"2015-2020"
752,8,"2020-2025"
752,8,"2025-2030"
752,8,"2030-2035"
752,8,"2035-2040"
752,8,"2040-2045"
752,8,"2045-2050"
752,8,"2050-2055"
752,8,"2055-2060"
752,8,"2060-2065"
752,8,"2065-2070"
752,8,"2070-2075"
752,8,"2075-2080"
752,8,"2080-2085"
752,8,"2085-2090"
752,8,"2090-2095"
752,8,"2095-2100"
752,9,"2015-2020"
752,9,"2020-2025"
752,9,"2025-2030"
752,9,"2030-2035"
752,9,"2035-2040"
752,9,"2040-2045"
752,9,"2045-2050"
752,9,"2050-2055"
752,9,"2055-2060"
752,9,"2060-2065"
752,9,"2065-2070"
752,9,"2070-2075"
752,9,"2075-2080"
752,9,"2080-2085"
752,9,"2085-2090"
752,9,"2090-2095"
752,9,"2095-2100"
752,202,"2015-2020"
752,202,"2020-2025"
752,202,"2025-2030"
752,202,"2030-2035"
752,202,"2035-2040"
752,202,"2040-2045"
752,202,"2045-2050"
752,202,"2050-2055"
752,202,"2055-2060"
752,202,"2060-2065"
752,202,"2065-2070"
752,202,"2070-2075"
752,202,"2075-2080"
752,202,"2080-2085"
752,202,"2085-2090"
752,202,"2090-2095"
752,202,"2095-2100"
756,3,"2015-2020"
756,3,"2020-2025"
756,3,"2025-2030"
756,3,"2030-2035"
756,3,"2035-2040"
756,3,"2040-2045"
756,3,"2045-2050"
756,3,"2050-2055"
756,3,"2055-2060"
756,3,"2060-2065"
756,3,"2065-2070"
756,3,"2070-2075"
756,3,"2075-2080"
756,3,"2080-2085"
756,3,"2085-2090"
756,3,"2090-2095"
756,3,"2095-2100"
756,4,"2015-2020"
756,4,"2020-2025"
756,4,"2025-2030"
756,4,"2030-2035"
756,4,"2035-2040"
756,4,"2040-2045"
756,4,"2045-2050"
756,4,"2050-2055"
756,4,"2055-2060"
756,4,"2060-2065"
756,4,"2065-2070"
756,4,"2070-2075"
756,4,"2075-2080"
756,4,"2080-2085"
756,4,"2085-2090"
756,4,"2090-2095"
756,4,"2095-2100"
756,5,"2015-2020"
756,5,"2020-2025"
756,5,"2025-2030"
756,5,"2030-2035"
756,5,"2035-2040"
756,5,"2040-2045"
756,5,"2045-2050"
756,5,"2050-2055"
756,5,"2055-2060"
756,5,"2060-2065"
756,5,"2065-2070"
756,5,"2070-2075"
756,5,"2075-2080"
756,5,"2080-2085"
756,5,"2085-2090"
756,5,"2090-2095"
756,5,"2095-2100"
756,6,"2015-2020"
756,6,"2020-2025"
756,6,"2025-2030"
756,6,"2030-2035"
756,6,"2035-2040"
756,6,"2040-2045"
756,6,"2045-2050"
756,6,"2050-2055"
756,6,"2055-2060"
756,6,"2060-2065"
756,6,"2065-2070"
756,6,"2070-2075"
756,6,"2075-2080"
756,6,"2080-2085"
756,6,"2085-2090"
756,6,"2090-2095"
756,6,"2095-2100"
756,7,"2015-2020"
756,7,"2020-2025"
756,7,"2025-2030"
756,7,"2030-2035"
756,7,"2035-2040"
756,7,"2040-2045"
756,7,"2045-2050"
756,7,"2050-2055"
756,7,"2055-2060"
756,7,"2060-2065"
756,7,"2065-2070"
756,7,"2070-2075"
756,7,"2075-2080"
756,7,"2080-2085"
756,7,"2085-2090"
756,7,"2090-2095"
756,7,"2095-2100"
756,8,"2015-2020"
756,8,"2020-2025"
756,8,"2025-2030"
756,8,"2030-2035"
756,8,"2035-2040"
756,8,"2040-2045"
756,8,"2045-2050"
756,8,"2050-2055"
756,8,"2055-2060"
756,8,"2060-2065"
756,8,"2065-2070"
756,8,"2070-2075"
756,8,"2075-2080"
756,8,"2080-2085"
756,8,"2085-2090"
756,8,"2090-2095"
756,8,"2095-2100"
756,9,"2015-2020"
756,9,"2020-2025"
756,9,"2025-2030"
756,9,"2030-2035"
756,9,"2035-2040"
756,9,"2040-2045"
756,9,"2045-2050"
756,9,"2050-2055"
756,9,"2055-2060"
756,9,"2060-2065"
756,9,"2065-2070"
756,9,"2070-2075"
756,9,"2075-2080"
756,9,"2080-2085"
756,9,"2085-2090"
756,9,"2090-2095"
756,9,"2095-2100"
756,202,"2015-2020"
756,202,"2020-2025"
756,202,"2025-2030"
756,202,"2030-2035"
756,202,"2035-2040"
756,202,"2040-2045"
756,202,"2045-2050"
756,202,"2050-2055"
756,202,"2055-2060"
756,202,"2060-2065"
756,202,"2065-2070"
756,202,"2070-2075"
756,202,"2075-2080"
756,202,"2080-2085"
756,202,"2085-2090"
756,202,"2090-2095"
756,202,"2095-2100"
760,3,"2015-2020"
760,3,"2020-2025"
760,3,"2025-2030"
760,3,"2030-2035"
760,3,"2035-2040"
760,3,"2040-2045"
760,3,"2045-2050"
760,3,"2050-2055"
760,3,"2055-2060"
760,3,"2060-2065"
760,3,"2065-2070"
760,3,"2070-2075"
760,3,"2075-2080"
760,3,"2080-2085"
760,3,"2085-2090"
760,3,"2090-2095"
760,3,"2095-2100"
760,4,"2015-2020"
760,4,"2020-2025"
760,4,"2025-2030"
760,4,"2030-2035"
760,4,"2035-2040"
760,4,"2040-2045"
760,4,"2045-2050"
760,4,"2050-2055"
760,4,"2055-2060"
760,4,"2060-2065"
760,4,"2065-2070"
760,4,"2070-2075"
760,4,"2075-2080"
760,4,"2080-2085"
760,4,"2085-2090"
760,4,"2090-2095"
760,4,"2095-2100"
760,5,"2015-2020"
760,5,"2020-2025"
760,5,"2025-2030"
760,5,"2030-2035"
760,5,"2035-2040"
760,5,"2040-2045"
760,5,"2045-2050"
760,5,"2050-2055"
760,5,"2055-2060"
760,5,"2060-2065"
760,5,"2065-2070"
760,5,"2070-2075"
760,5,"2075-2080"
760,5,"2080-2085"
760,5,"2085-2090"
760,5,"2090-2095"
760,5,"2095-2100"
760,6,"2015-2020"
760,6,"2020-2025"
760,6,"2025-2030"
760,6,"2030-2035"
760,6,"2035-2040"
760,6,"2040-2045"
760,6,"2045-2050"
760,6,"2050-2055"
760,6,"2055-2060"
760,6,"2060-2065"
760,6,"2065-2070"
760,6,"2070-2075"
760,6,"2075-2080"
760,6,"2080-2085"
760,6,"2085-2090"
760,6,"2090-2095"
760,6,"2095-2100"
760,7,"2015-2020"
760,7,"2020-2025"
760,7,"2025-2030"
760,7,"2030-2035"
760,7,"2035-2040"
760,7,"2040-2045"
760,7,"2045-2050"
760,7,"2050-2055"
760,7,"2055-2060"
760,7,"2060-2065"
760,7,"2065-2070"
760,7,"2070-2075"
760,7,"2075-2080"
760,7,"2080-2085"
760,7,"2085-2090"
760,7,"2090-2095"
760,7,"2095-2100"
760,8,"2015-2020"
760,8,"2020-2025"
760,8,"2025-2030"
760,8,"2030-2035"
760,8,"2035-2040"
760,8,"2040-2045"
760,8,"2045-2050"
760,8,"2050-2055"
760,8,"2055-2060"
760,8,"2060-2065"
760,8,"2065-2070"
760,8,"2070-2075"
760,8,"2075-2080"
760,8,"2080-2085"
760,8,"2085-2090"
760,8,"2090-2095"
760,8,"2095-2100"
760,9,"2015-2020"
760,9,"2020-2025"
760,9,"2025-2030"
760,9,"2030-2035"
760,9,"2035-2040"
760,9,"2040-2045"
760,9,"2045-2050"
760,9,"2050-2055"
760,9,"2055-2060"
760,9,"2060-2065"
760,9,"2065-2070"
760,9,"2070-2075"
760,9,"2075-2080"
760,9,"2080-2085"
760,9,"2085-2090"
760,9,"2090-2095"
760,9,"2095-2100"
760,202,"2015-2020"
760,202,"2020-2025"
760,202,"2025-2030"
760,202,"2030-2035"
760,202,"2035-2040"
760,202,"2040-2045"
760,202,"2045-2050"
760,202,"2050-2055"
760,202,"2055-2060"
760,202,"2060-2065"
760,202,"2065-2070"
760,202,"2070-2075"
760,202,"2075-2080"
760,202,"2080-2085"
760,202,"2085-2090"
760,202,"2090-2095"
760,202,"2095-2100"
762,3,"2015-2020"
762,3,"2020-2025"
762,3,"2025-2030"
762,3,"2030-2035"
762,3,"2035-2040"
762,3,"2040-2045"
762,3,"2045-2050"
762,3,"2050-2055"
762,3,"2055-2060"
762,3,"2060-2065"
762,3,"2065-2070"
762,3,"2070-2075"
762,3,"2075-2080"
762,3,"2080-2085"
762,3,"2085-2090"
762,3,"2090-2095"
762,3,"2095-2100"
762,4,"2015-2020"
762,4,"2020-2025"
762,4,"2025-2030"
762,4,"2030-2035"
762,4,"2035-2040"
762,4,"2040-2045"
762,4,"2045-2050"
762,4,"2050-2055"
762,4,"2055-2060"
762,4,"2060-2065"
762,4,"2065-2070"
762,4,"2070-2075"
762,4,"2075-2080"
762,4,"2080-2085"
762,4,"2085-2090"
762,4,"2090-2095"
762,4,"2095-2100"
762,5,"2015-2020"
762,5,"2020-2025"
762,5,"2025-2030"
762,5,"2030-2035"
762,5,"2035-2040"
762,5,"2040-2045"
762,5,"2045-2050"
762,5,"2050-2055"
762,5,"2055-2060"
762,5,"2060-2065"
762,5,"2065-2070"
762,5,"2070-2075"
762,5,"2075-2080"
762,5,"2080-2085"
762,5,"2085-2090"
762,5,"2090-2095"
762,5,"2095-2100"
762,6,"2015-2020"
762,6,"2020-2025"
762,6,"2025-2030"
762,6,"2030-2035"
762,6,"2035-2040"
762,6,"2040-2045"
762,6,"2045-2050"
762,6,"2050-2055"
762,6,"2055-2060"
762,6,"2060-2065"
762,6,"2065-2070"
762,6,"2070-2075"
762,6,"2075-2080"
762,6,"2080-2085"
762,6,"2085-2090"
762,6,"2090-2095"
762,6,"2095-2100"
762,7,"2015-2020"
762,7,"2020-2025"
762,7,"2025-2030"
762,7,"2030-2035"
762,7,"2035-2040"
762,7,"2040-2045"
762,7,"2045-2050"
762,7,"2050-2055"
762,7,"2055-2060"
762,7,"2060-2065"
762,7,"2065-2070"
762,7,"2070-2075"
762,7,"2075-2080"
762,7,"2080-2085"
762,7,"2085-2090"
762,7,"2090-2095"
762,7,"2095-2100"
762,8,"2015-2020"
762,8,"2020-2025"
762,8,"2025-2030"
762,8,"2030-2035"
762,8,"2035-2040"
762,8,"2040-2045"
762,8,"2045-2050"
762,8,"2050-2055"
762,8,"2055-2060"
762,8,"2060-2065"
762,8,"2065-2070"
762,8,"2070-2075"
762,8,"2075-2080"
762,8,"2080-2085"
762,8,"2085-2090"
762,8,"2090-2095"
762,8,"2095-2100"
762,9,"2015-2020"
762,9,"2020-2025"
762,9,"2025-2030"
762,9,"2030-2035"
762,9,"2035-2040"
762,9,"2040-2045"
762,9,"2045-2050"
762,9,"2050-2055"
762,9,"2055-2060"
762,9,"2060-2065"
762,9,"2065-2070"
762,9,"2070-2075"
762,9,"2075-2080"
762,9,"2080-2085"
762,9,"2085-2090"
762,9,"2090-2095"
762,9,"2095-2100"
762,202,"2015-2020"
762,202,"2020-2025"
762,202,"2025-2030"
762,202,"2030-2035"
762,202,"2035-2040"
762,202,"2040-2045"
762,202,"2045-2050"
762,202,"2050-2055"
762,202,"2055-2060"
762,202,"2060-2065"
762,202,"2065-2070"
762,202,"2070-2075"
762,202,"2075-2080"
762,202,"2080-2085"
762,202,"2085-2090"
762,202,"2090-2095"
762,202,"2095-2100"
764,3,"2015-2020"
764,3,"2020-2025"
764,3,"2025-2030"
764,3,"2030-2035"
764,3,"2035-2040"
764,3,"2040-2045"
764,3,"2045-2050"
764,3,"2050-2055"
764,3,"2055-2060"
764,3,"2060-2065"
764,3,"2065-2070"
764,3,"2070-2075"
764,3,"2075-2080"
764,3,"2080-2085"
764,3,"2085-2090"
764,3,"2090-2095"
764,3,"2095-2100"
764,4,"2015-2020"
764,4,"2020-2025"
764,4,"2025-2030"
764,4,"2030-2035"
764,4,"2035-2040"
764,4,"2040-2045"
764,4,"2045-2050"
764,4,"2050-2055"
764,4,"2055-2060"
764,4,"2060-2065"
764,4,"2065-2070"
764,4,"2070-2075"
764,4,"2075-2080"
764,4,"2080-2085"
764,4,"2085-2090"
764,4,"2090-2095"
764,4,"2095-2100"
764,5,"2015-2020"
764,5,"2020-2025"
764,5,"2025-2030"
764,5,"2030-2035"
764,5,"2035-2040"
764,5,"2040-2045"
764,5,"2045-2050"
764,5,"2050-2055"
764,5,"2055-2060"
764,5,"2060-2065"
764,5,"2065-2070"
764,5,"2070-2075"
764,5,"2075-2080"
764,5,"2080-2085"
764,5,"2085-2090"
764,5,"2090-2095"
764,5,"2095-2100"
764,6,"2015-2020"
764,6,"2020-2025"
764,6,"2025-2030"
764,6,"2030-2035"
764,6,"2035-2040"
764,6,"2040-2045"
764,6,"2045-2050"
764,6,"2050-2055"
764,6,"2055-2060"
764,6,"2060-2065"
764,6,"2065-2070"
764,6,"2070-2075"
764,6,"2075-2080"
764,6,"2080-2085"
764,6,"2085-2090"
764,6,"2090-2095"
764,6,"2095-2100"
764,7,"2015-2020"
764,7,"2020-2025"
764,7,"2025-2030"
764,7,"2030-2035"
764,7,"2035-2040"
764,7,"2040-2045"
764,7,"2045-2050"
764,7,"2050-2055"
764,7,"2055-2060"
764,7,"2060-2065"
764,7,"2065-2070"
764,7,"2070-2075"
764,7,"2075-2080"
764,7,"2080-2085"
764,7,"2085-2090"
764,7,"2090-2095"
764,7,"2095-2100"
764,8,"2015-2020"
764,8,"2020-2025"
764,8,"2025-2030"
764,8,"2030-2035"
764,8,"2035-2040"
764,8,"2040-2045"
764,8,"2045-2050"
764,8,"2050-2055"
764,8,"2055-2060"
764,8,"2060-2065"
764,8,"2065-2070"
764,8,"2070-2075"
764,8,"2075-2080"
764,8,"2080-2085"
764,8,"2085-2090"
764,8,"2090-2095"
764,8,"2095-2100"
764,9,"2015-2020"
764,9,"2020-2025"
764,9,"2025-2030"
764,9,"2030-2035"
764,9,"2035-2040"
764,9,"2040-2045"
764,9,"2045-2050"
764,9,"2050-2055"
764,9,"2055-2060"
764,9,"2060-2065"
764,9,"2065-2070"
764,9,"2070-2075"
764,9,"2075-2080"
764,9,"2080-2085"
764,9,"2085-2090"
764,9,"2090-2095"
764,9,"2095-2100"
764,202,"2015-2020"
764,202,"2020-2025"
764,202,"2025-2030"
764,202,"2030-2035"
764,202,"2035-2040"
764,202,"2040-2045"
764,202,"2045-2050"
764,202,"2050-2055"
764,202,"2055-2060"
764,202,"2060-2065"
764,202,"2065-2070"
764,202,"2070-2075"
764,202,"2075-2080"
764,202,"2080-2085"
764,202,"2085-2090"
764,202,"2090-2095"
764,202,"2095-2100"
626,3,"2015-2020"
626,3,"2020-2025"
626,3,"2025-2030"
626,3,"2030-2035"
626,3,"2035-2040"
626,3,"2040-2045"
626,3,"2045-2050"
626,3,"2050-2055"
626,3,"2055-2060"
626,3,"2060-2065"
626,3,"2065-2070"
626,3,"2070-2075"
626,3,"2075-2080"
626,3,"2080-2085"
626,3,"2085-2090"
626,3,"2090-2095"
626,3,"2095-2100"
626,4,"2015-2020"
626,4,"2020-2025"
626,4,"2025-2030"
626,4,"2030-2035"
626,4,"2035-2040"
626,4,"2040-2045"
626,4,"2045-2050"
626,4,"2050-2055"
626,4,"2055-2060"
626,4,"2060-2065"
626,4,"2065-2070"
626,4,"2070-2075"
626,4,"2075-2080"
626,4,"2080-2085"
626,4,"2085-2090"
626,4,"2090-2095"
626,4,"2095-2100"
626,5,"2015-2020"
626,5,"2020-2025"
626,5,"2025-2030"
626,5,"2030-2035"
626,5,"2035-2040"
626,5,"2040-2045"
626,5,"2045-2050"
626,5,"2050-2055"
626,5,"2055-2060"
626,5,"2060-2065"
626,5,"2065-2070"
626,5,"2070-2075"
626,5,"2075-2080"
626,5,"2080-2085"
626,5,"2085-2090"
626,5,"2090-2095"
626,5,"2095-2100"
626,6,"2015-2020"
626,6,"2020-2025"
626,6,"2025-2030"
626,6,"2030-2035"
626,6,"2035-2040"
626,6,"2040-2045"
626,6,"2045-2050"
626,6,"2050-2055"
626,6,"2055-2060"
626,6,"2060-2065"
626,6,"2065-2070"
626,6,"2070-2075"
626,6,"2075-2080"
626,6,"2080-2085"
626,6,"2085-2090"
626,6,"2090-2095"
626,6,"2095-2100"
626,7,"2015-2020"
626,7,"2020-2025"
626,7,"2025-2030"
626,7,"2030-2035"
626,7,"2035-2040"
626,7,"2040-2045"
626,7,"2045-2050"
626,7,"2050-2055"
626,7,"2055-2060"
626,7,"2060-2065"
626,7,"2065-2070"
626,7,"2070-2075"
626,7,"2075-2080"
626,7,"2080-2085"
626,7,"2085-2090"
626,7,"2090-2095"
626,7,"2095-2100"
626,8,"2015-2020"
626,8,"2020-2025"
626,8,"2025-2030"
626,8,"2030-2035"
626,8,"2035-2040"
626,8,"2040-2045"
626,8,"2045-2050"
626,8,"2050-2055"
626,8,"2055-2060"
626,8,"2060-2065"
626,8,"2065-2070"
626,8,"2070-2075"
626,8,"2075-2080"
626,8,"2080-2085"
626,8,"2085-2090"
626,8,"2090-2095"
626,8,"2095-2100"
626,9,"2015-2020"
626,9,"2020-2025"
626,9,"2025-2030"
626,9,"2030-2035"
626,9,"2035-2040"
626,9,"2040-2045"
626,9,"2045-2050"
626,9,"2050-2055"
626,9,"2055-2060"
626,9,"2060-2065"
626,9,"2065-2070"
626,9,"2070-2075"
626,9,"2075-2080"
626,9,"2080-2085"
626,9,"2085-2090"
626,9,"2090-2095"
626,9,"2095-2100"
626,202,"2015-2020"
626,202,"2020-2025"
626,202,"2025-2030"
626,202,"2030-2035"
626,202,"2035-2040"
626,202,"2040-2045"
626,202,"2045-2050"
626,202,"2050-2055"
626,202,"2055-2060"
626,202,"2060-2065"
626,202,"2065-2070"
626,202,"2070-2075"
626,202,"2075-2080"
626,202,"2080-2085"
626,202,"2085-2090"
626,202,"2090-2095"
626,202,"2095-2100"
768,3,"2015-2020"
768,3,"2020-2025"
768,3,"2025-2030"
768,3,"2030-2035"
768,3,"2035-2040"
768,3,"2040-2045"
768,3,"2045-2050"
768,3,"2050-2055"
768,3,"2055-2060"
768,3,"2060-2065"
768,3,"2065-2070"
768,3,"2070-2075"
768,3,"2075-2080"
768,3,"2080-2085"
768,3,"2085-2090"
768,3,"2090-2095"
768,3,"2095-2100"
768,4,"2015-2020"
768,4,"2020-2025"
768,4,"2025-2030"
768,4,"2030-2035"
768,4,"2035-2040"
768,4,"2040-2045"
768,4,"2045-2050"
768,4,"2050-2055"
768,4,"2055-2060"
768,4,"2060-2065"
768,4,"2065-2070"
768,4,"2070-2075"
768,4,"2075-2080"
768,4,"2080-2085"
768,4,"2085-2090"
768,4,"2090-2095"
768,4,"2095-2100"
768,5,"2015-2020"
768,5,"2020-2025"
768,5,"2025-2030"
768,5,"2030-2035"
768,5,"2035-2040"
768,5,"2040-2045"
768,5,"2045-2050"
768,5,"2050-2055"
768,5,"2055-2060"
768,5,"2060-2065"
768,5,"2065-2070"
768,5,"2070-2075"
768,5,"2075-2080"
768,5,"2080-2085"
768,5,"2085-2090"
768,5,"2090-2095"
768,5,"2095-2100"
768,6,"2015-2020"
768,6,"2020-2025"
768,6,"2025-2030"
768,6,"2030-2035"
768,6,"2035-2040"
768,6,"2040-2045"
768,6,"2045-2050"
768,6,"2050-2055"
768,6,"2055-2060"
768,6,"2060-2065"
768,6,"2065-2070"
768,6,"2070-2075"
768,6,"2075-2080"
768,6,"2080-2085"
768,6,"2085-2090"
768,6,"2090-2095"
768,6,"2095-2100"
768,7,"2015-2020"
768,7,"2020-2025"
768,7,"2025-2030"
768,7,"2030-2035"
768,7,"2035-2040"
768,7,"2040-2045"
768,7,"2045-2050"
768,7,"2050-2055"
768,7,"2055-2060"
768,7,"2060-2065"
768,7,"2065-2070"
768,7,"2070-2075"
768,7,"2075-2080"
768,7,"2080-2085"
768,7,"2085-2090"
768,7,"2090-2095"
768,7,"2095-2100"
768,8,"2015-2020"
768,8,"2020-2025"
768,8,"2025-2030"
768,8,"2030-2035"
768,8,"2035-2040"
768,8,"2040-2045"
768,8,"2045-2050"
768,8,"2050-2055"
768,8,"2055-2060"
768,8,"2060-2065"
768,8,"2065-2070"
768,8,"2070-2075"
768,8,"2075-2080"
768,8,"2080-2085"
768,8,"2085-2090"
768,8,"2090-2095"
768,8,"2095-2100"
768,9,"2015-2020"
768,9,"2020-2025"
768,9,"2025-2030"
768,9,"2030-2035"
768,9,"2035-2040"
768,9,"2040-2045"
768,9,"2045-2050"
768,9,"2050-2055"
768,9,"2055-2060"
768,9,"2060-2065"
768,9,"2065-2070"
768,9,"2070-2075"
768,9,"2075-2080"
768,9,"2080-2085"
768,9,"2085-2090"
768,9,"2090-2095"
768,9,"2095-2100"
768,202,"2015-2020"
768,202,"2020-2025"
768,202,"2025-2030"
768,202,"2030-2035"
768,202,"2035-2040"
768,202,"2040-2045"
768,202,"2045-2050"
768,202,"2050-2055"
768,202,"2055-2060"
768,202,"2060-2065"
768,202,"2065-2070"
768,202,"2070-2075"
768,202,"2075-2080"
768,202,"2080-2085"
768,202,"2085-2090"
768,202,"2090-2095"
768,202,"2095-2100"
772,3,"2015-2020"
772,3,"2020-2025"
772,3,"2025-2030"
772,3,"2030-2035"
772,3,"2035-2040"
772,3,"2040-2045"
772,3,"2045-2050"
772,3,"2050-2055"
772,3,"2055-2060"
772,3,"2060-2065"
772,3,"2065-2070"
772,3,"2070-2075"
772,3,"2075-2080"
772,3,"2080-2085"
772,3,"2085-2090"
772,3,"2090-2095"
772,3,"2095-2100"
772,4,"2015-2020"
772,4,"2020-2025"
772,4,"2025-2030"
772,4,"2030-2035"
772,4,"2035-2040"
772,4,"2040-2045"
772,4,"2045-2050"
772,4,"2050-2055"
772,4,"2055-2060"
772,4,"2060-2065"
772,4,"2065-2070"
772,4,"2070-2075"
772,4,"2075-2080"
772,4,"2080-2085"
772,4,"2085-2090"
772,4,"2090-2095"
772,4,"2095-2100"
772,5,"2015-2020"
772,5,"2020-2025"
772,5,"2025-2030"
772,5,"2030-2035"
772,5,"2035-2040"
772,5,"2040-2045"
772,5,"2045-2050"
772,5,"2050-2055"
772,5,"2055-2060"
772,5,"2060-2065"
772,5,"2065-2070"
772,5,"2070-2075"
772,5,"2075-2080"
772,5,"2080-2085"
772,5,"2085-2090"
772,5,"2090-2095"
772,5,"2095-2100"
772,6,"2015-2020"
772,6,"2020-2025"
772,6,"2025-2030"
772,6,"2030-2035"
772,6,"2035-2040"
772,6,"2040-2045"
772,6,"2045-2050"
772,6,"2050-2055"
772,6,"2055-2060"
772,6,"2060-2065"
772,6,"2065-2070"
772,6,"2070-2075"
772,6,"2075-2080"
772,6,"2080-2085"
772,6,"2085-2090"
772,6,"2090-2095"
772,6,"2095-2100"
772,7,"2015-2020"
772,7,"2020-2025"
772,7,"2025-2030"
772,7,"2030-2035"
772,7,"2035-2040"
772,7,"2040-2045"
772,7,"2045-2050"
772,7,"2050-2055"
772,7,"2055-2060"
772,7,"2060-2065"
772,7,"2065-2070"
772,7,"2070-2075"
772,7,"2075-2080"
772,7,"2080-2085"
772,7,"2085-2090"
772,7,"2090-2095"
772,7,"2095-2100"
772,8,"2015-2020"
772,8,"2020-2025"
772,8,"2025-2030"
772,8,"2030-2035"
772,8,"2035-2040"
772,8,"2040-2045"
772,8,"2045-2050"
772,8,"2050-2055"
772,8,"2055-2060"
772,8,"2060-2065"
772,8,"2065-2070"
772,8,"2070-2075"
772,8,"2075-2080"
772,8,"2080-2085"
772,8,"2085-2090"
772,8,"2090-2095"
772,8,"2095-2100"
772,9,"2015-2020"
772,9,"2020-2025"
772,9,"2025-2030"
772,9,"2030-2035"
772,9,"2035-2040"
772,9,"2040-2045"
772,9,"2045-2050"
772,9,"2050-2055"
772,9,"2055-2060"
772,9,"2060-2065"
772,9,"2065-2070"
772,9,"2070-2075"
772,9,"2075-2080"
772,9,"2080-2085"
772,9,"2085-2090"
772,9,"2090-2095"
772,9,"2095-2100"
776,3,"2015-2020"
776,3,"2020-2025"
776,3,"2025-2030"
776,3,"2030-2035"
776,3,"2035-2040"
776,3,"2040-2045"
776,3,"2045-2050"
776,3,"2050-2055"
776,3,"2055-2060"
776,3,"2060-2065"
776,3,"2065-2070"
776,3,"2070-2075"
776,3,"2075-2080"
776,3,"2080-2085"
776,3,"2085-2090"
776,3,"2090-2095"
776,3,"2095-2100"
776,4,"2015-2020"
776,4,"2020-2025"
776,4,"2025-2030"
776,4,"2030-2035"
776,4,"2035-2040"
776,4,"2040-2045"
776,4,"2045-2050"
776,4,"2050-2055"
776,4,"2055-2060"
776,4,"2060-2065"
776,4,"2065-2070"
776,4,"2070-2075"
776,4,"2075-2080"
776,4,"2080-2085"
776,4,"2085-2090"
776,4,"2090-2095"
776,4,"2095-2100"
776,5,"2015-2020"
776,5,"2020-2025"
776,5,"2025-2030"
776,5,"2030-2035"
776,5,"2035-2040"
776,5,"2040-2045"
776,5,"2045-2050"
776,5,"2050-2055"
776,5,"2055-2060"
776,5,"2060-2065"
776,5,"2065-2070"
776,5,"2070-2075"
776,5,"2075-2080"
776,5,"2080-2085"
776,5,"2085-2090"
776,5,"2090-2095"
776,5,"2095-2100"
776,6,"2015-2020"
776,6,"2020-2025"
776,6,"2025-2030"
776,6,"2030-2035"
776,6,"2035-2040"
776,6,"2040-2045"
776,6,"2045-2050"
776,6,"2050-2055"
776,6,"2055-2060"
776,6,"2060-2065"
776,6,"2065-2070"
776,6,"2070-2075"
776,6,"2075-2080"
776,6,"2080-2085"
776,6,"2085-2090"
776,6,"2090-2095"
776,6,"2095-2100"
776,7,"2015-2020"
776,7,"2020-2025"
776,7,"2025-2030"
776,7,"2030-2035"
776,7,"2035-2040"
776,7,"2040-2045"
776,7,"2045-2050"
776,7,"2050-2055"
776,7,"2055-2060"
776,7,"2060-2065"
776,7,"2065-2070"
776,7,"2070-2075"
776,7,"2075-2080"
776,7,"2080-2085"
776,7,"2085-2090"
776,7,"2090-2095"
776,7,"2095-2100"
776,8,"2015-2020"
776,8,"2020-2025"
776,8,"2025-2030"
776,8,"2030-2035"
776,8,"2035-2040"
776,8,"2040-2045"
776,8,"2045-2050"
776,8,"2050-2055"
776,8,"2055-2060"
776,8,"2060-2065"
776,8,"2065-2070"
776,8,"2070-2075"
776,8,"2075-2080"
776,8,"2080-2085"
776,8,"2085-2090"
776,8,"2090-2095"
776,8,"2095-2100"
776,9,"2015-2020"
776,9,"2020-2025"
776,9,"2025-2030"
776,9,"2030-2035"
776,9,"2035-2040"
776,9,"2040-2045"
776,9,"2045-2050"
776,9,"2050-2055"
776,9,"2055-2060"
776,9,"2060-2065"
776,9,"2065-2070"
776,9,"2070-2075"
776,9,"2075-2080"
776,9,"2080-2085"
776,9,"2085-2090"
776,9,"2090-2095"
776,9,"2095-2100"
776,202,"2015-2020"
776,202,"2020-2025"
776,202,"2025-2030"
776,202,"2030-2035"
776,202,"2035-2040"
776,202,"2040-2045"
776,202,"2045-2050"
776,202,"2050-2055"
776,202,"2055-2060"
776,202,"2060-2065"
776,202,"2065-2070"
776,202,"2070-2075"
776,202,"2075-2080"
776,202,"2080-2085"
776,202,"2085-2090"
776,202,"2090-2095"
776,202,"2095-2100"
780,3,"2015-2020"
780,3,"2020-2025"
780,3,"2025-2030"
780,3,"2030-2035"
780,3,"2035-2040"
780,3,"2040-2045"
780,3,"2045-2050"
780,3,"2050-2055"
780,3,"2055-2060"
780,3,"2060-2065"
780,3,"2065-2070"
780,3,"2070-2075"
780,3,"2075-2080"
780,3,"2080-2085"
780,3,"2085-2090"
780,3,"2090-2095"
780,3,"2095-2100"
780,4,"2015-2020"
780,4,"2020-2025"
780,4,"2025-2030"
780,4,"2030-2035"
780,4,"2035-2040"
780,4,"2040-2045"
780,4,"2045-2050"
780,4,"2050-2055"
780,4,"2055-2060"
780,4,"2060-2065"
780,4,"2065-2070"
780,4,"2070-2075"
780,4,"2075-2080"
780,4,"2080-2085"
780,4,"2085-2090"
780,4,"2090-2095"
780,4,"2095-2100"
780,5,"2015-2020"
780,5,"2020-2025"
780,5,"2025-2030"
780,5,"2030-2035"
780,5,"2035-2040"
780,5,"2040-2045"
780,5,"2045-2050"
780,5,"2050-2055"
780,5,"2055-2060"
780,5,"2060-2065"
780,5,"2065-2070"
780,5,"2070-2075"
780,5,"2075-2080"
780,5,"2080-2085"
780,5,"2085-2090"
780,5,"2090-2095"
780,5,"2095-2100"
780,6,"2015-2020"
780,6,"2020-2025"
780,6,"2025-2030"
780,6,"2030-2035"
780,6,"2035-2040"
780,6,"2040-2045"
780,6,"2045-2050"
780,6,"2050-2055"
780,6,"2055-2060"
780,6,"2060-2065"
780,6,"2065-2070"
780,6,"2070-2075"
780,6,"2075-2080"
780,6,"2080-2085"
780,6,"2085-2090"
780,6,"2090-2095"
780,6,"2095-2100"
780,7,"2015-2020"
780,7,"2020-2025"
780,7,"2025-2030"
780,7,"2030-2035"
780,7,"2035-2040"
780,7,"2040-2045"
780,7,"2045-2050"
780,7,"2050-2055"
780,7,"2055-2060"
780,7,"2060-2065"
780,7,"2065-2070"
780,7,"2070-2075"
780,7,"2075-2080"
780,7,"2080-2085"
780,7,"2085-2090"
780,7,"2090-2095"
780,7,"2095-2100"
780,8,"2015-2020"
780,8,"2020-2025"
780,8,"2025-2030"
780,8,"2030-2035"
780,8,"2035-2040"
780,8,"2040-2045"
780,8,"2045-2050"
780,8,"2050-2055"
780,8,"2055-2060"
780,8,"2060-2065"
780,8,"2065-2070"
780,8,"2070-2075"
780,8,"2075-2080"
780,8,"2080-2085"
780,8,"2085-2090"
780,8,"2090-2095"
780,8,"2095-2100"
780,9,"2015-2020"
780,9,"2020-2025"
780,9,"2025-2030"
780,9,"2030-2035"
780,9,"2035-2040"
780,9,"2040-2045"
780,9,"2045-2050"
780,9,"2050-2055"
780,9,"2055-2060"
780,9,"2060-2065"
780,9,"2065-2070"
780,9,"2070-2075"
780,9,"2075-2080"
780,9,"2080-2085"
780,9,"2085-2090"
780,9,"2090-2095"
780,9,"2095-2100"
780,202,"2015-2020"
780,202,"2020-2025"
780,202,"2025-2030"
780,202,"2030-2035"
780,202,"2035-2040"
780,202,"2040-2045"
780,202,"2045-2050"
780,202,"2050-2055"
780,202,"2055-2060"
780,202,"2060-2065"
780,202,"2065-2070"
780,202,"2070-2075"
780,202,"2075-2080"
780,202,"2080-2085"
780,202,"2085-2090"
780,202,"2090-2095"
780,202,"2095-2100"
788,3,"2015-2020"
788,3,"2020-2025"
788,3,"2025-2030"
788,3,"2030-2035"
788,3,"2035-2040"
788,3,"2040-2045"
788,3,"2045-2050"
788,3,"2050-2055"
788,3,"2055-2060"
788,3,"2060-2065"
788,3,"2065-2070"
788,3,"2070-2075"
788,3,"2075-2080"
788,3,"2080-2085"
788,3,"2085-2090"
788,3,"2090-2095"
788,3,"2095-2100"
788,4,"2015-2020"
788,4,"2020-2025"
788,4,"2025-2030"
788,4,"2030-2035"
788,4,"2035-2040"
788,4,"2040-2045"
788,4,"2045-2050"
788,4,"2050-2055"
788,4,"2055-2060"
788,4,"2060-2065"
788,4,"2065-2070"
788,4,"2070-2075"
788,4,"2075-2080"
788,4,"2080-2085"
788,4,"2085-2090"
788,4,"2090-2095"
788,4,"2095-2100"
788,5,"2015-2020"
788,5,"2020-2025"
788,5,"2025-2030"
788,5,"2030-2035"
788,5,"2035-2040"
788,5,"2040-2045"
788,5,"2045-2050"
788,5,"2050-2055"
788,5,"2055-2060"
788,5,"2060-2065"
788,5,"2065-2070"
788,5,"2070-2075"
788,5,"2075-2080"
788,5,"2080-2085"
788,5,"2085-2090"
788,5,"2090-2095"
788,5,"2095-2100"
788,6,"2015-2020"
788,6,"2020-2025"
788,6,"2025-2030"
788,6,"2030-2035"
788,6,"2035-2040"
788,6,"2040-2045"
788,6,"2045-2050"
788,6,"2050-2055"
788,6,"2055-2060"
788,6,"2060-2065"
788,6,"2065-2070"
788,6,"2070-2075"
788,6,"2075-2080"
788,6,"2080-2085"
788,6,"2085-2090"
788,6,"2090-2095"
788,6,"2095-2100"
788,7,"2015-2020"
788,7,"2020-2025"
788,7,"2025-2030"
788,7,"2030-2035"
788,7,"2035-2040"
788,7,"2040-2045"
788,7,"2045-2050"
788,7,"2050-2055"
788,7,"2055-2060"
788,7,"2060-2065"
788,7,"2065-2070"
788,7,"2070-2075"
788,7,"2075-2080"
788,7,"2080-2085"
788,7,"2085-2090"
788,7,"2090-2095"
788,7,"2095-2100"
788,8,"2015-2020"
788,8,"2020-2025"
788,8,"2025-2030"
788,8,"2030-2035"
788,8,"2035-2040"
788,8,"2040-2045"
788,8,"2045-2050"
788,8,"2050-2055"
788,8,"2055-2060"
788,8,"2060-2065"
788,8,"2065-2070"
788,8,"2070-2075"
788,8,"2075-2080"
788,8,"2080-2085"
788,8,"2085-2090"
788,8,"2090-2095"
788,8,"2095-2100"
788,9,"2015-2020"
788,9,"2020-2025"
788,9,"2025-2030"
788,9,"2030-2035"
788,9,"2035-2040"
788,9,"2040-2045"
788,9,"2045-2050"
788,9,"2050-2055"
788,9,"2055-2060"
788,9,"2060-2065"
788,9,"2065-2070"
788,9,"2070-2075"
788,9,"2075-2080"
788,9,"2080-2085"
788,9,"2085-2090"
788,9,"2090-2095"
788,9,"2095-2100"
788,202,"2015-2020"
788,202,"2020-2025"
788,202,"2025-2030"
788,202,"2030-2035"
788,202,"2035-2040"
788,202,"2040-2045"
788,202,"2045-2050"
788,202,"2050-2055"
788,202,"2055-2060"
788,202,"2060-2065"
788,202,"2065-2070"
788,202,"2070-2075"
788,202,"2075-2080"
788,202,"2080-2085"
788,202,"2085-2090"
788,202,"2090-2095"
788,202,"2095-2100"
792,3,"2015-2020"
792,3,"2020-2025"
792,3,"2025-2030"
792,3,"2030-2035"
792,3,"2035-2040"
792,3,"2040-2045"
792,3,"2045-2050"
792,3,"2050-2055"
792,3,"2055-2060"
792,3,"2060-2065"
792,3,"2065-2070"
792,3,"2070-2075"
792,3,"2075-2080"
792,3,"2080-2085"
792,3,"2085-2090"
792,3,"2090-2095"
792,3,"2095-2100"
792,4,"2015-2020"
792,4,"2020-2025"
792,4,"2025-2030"
792,4,"2030-2035"
792,4,"2035-2040"
792,4,"2040-2045"
792,4,"2045-2050"
792,4,"2050-2055"
792,4,"2055-2060"
792,4,"2060-2065"
792,4,"2065-2070"
792,4,"2070-2075"
792,4,"2075-2080"
792,4,"2080-2085"
792,4,"2085-2090"
792,4,"2090-2095"
792,4,"2095-2100"
792,5,"2015-2020"
792,5,"2020-2025"
792,5,"2025-2030"
792,5,"2030-2035"
792,5,"2035-2040"
792,5,"2040-2045"
792,5,"2045-2050"
792,5,"2050-2055"
792,5,"2055-2060"
792,5,"2060-2065"
792,5,"2065-2070"
792,5,"2070-2075"
792,5,"2075-2080"
792,5,"2080-2085"
792,5,"2085-2090"
792,5,"2090-2095"
792,5,"2095-2100"
792,6,"2015-2020"
792,6,"2020-2025"
792,6,"2025-2030"
792,6,"2030-2035"
792,6,"2035-2040"
792,6,"2040-2045"
792,6,"2045-2050"
792,6,"2050-2055"
792,6,"2055-2060"
792,6,"2060-2065"
792,6,"2065-2070"
792,6,"2070-2075"
792,6,"2075-2080"
792,6,"2080-2085"
792,6,"2085-2090"
792,6,"2090-2095"
792,6,"2095-2100"
792,7,"2015-2020"
792,7,"2020-2025"
792,7,"2025-2030"
792,7,"2030-2035"
792,7,"2035-2040"
792,7,"2040-2045"
792,7,"2045-2050"
792,7,"2050-2055"
792,7,"2055-2060"
792,7,"2060-2065"
792,7,"2065-2070"
792,7,"2070-2075"
792,7,"2075-2080"
792,7,"2080-2085"
792,7,"2085-2090"
792,7,"2090-2095"
792,7,"2095-2100"
792,8,"2015-2020"
792,8,"2020-2025"
792,8,"2025-2030"
792,8,"2030-2035"
792,8,"2035-2040"
792,8,"2040-2045"
792,8,"2045-2050"
792,8,"2050-2055"
792,8,"2055-2060"
792,8,"2060-2065"
792,8,"2065-2070"
792,8,"2070-2075"
792,8,"2075-2080"
792,8,"2080-2085"
792,8,"2085-2090"
792,8,"2090-2095"
792,8,"2095-2100"
792,9,"2015-2020"
792,9,"2020-2025"
792,9,"2025-2030"
792,9,"2030-2035"
792,9,"2035-2040"
792,9,"2040-2045"
792,9,"2045-2050"
792,9,"2050-2055"
792,9,"2055-2060"
792,9,"2060-2065"
792,9,"2065-2070"
792,9,"2070-2075"
792,9,"2075-2080"
792,9,"2080-2085"
792,9,"2085-2090"
792,9,"2090-2095"
792,9,"2095-2100"
792,202,"2015-2020"
792,202,"2020-2025"
792,202,"2025-2030"
792,202,"2030-2035"
792,202,"2035-2040"
792,202,"2040-2045"
792,202,"2045-2050"
792,202,"2050-2055"
792,202,"2055-2060"
792,202,"2060-2065"
792,202,"2065-2070"
792,202,"2070-2075"
792,202,"2075-2080"
792,202,"2080-2085"
792,202,"2085-2090"
792,202,"2090-2095"
792,202,"2095-2100"
795,3,"2015-2020"
795,3,"2020-2025"
795,3,"2025-2030"
795,3,"2030-2035"
795,3,"2035-2040"
795,3,"2040-2045"
795,3,"2045-2050"
795,3,"2050-2055"
795,3,"2055-2060"
795,3,"2060-2065"
795,3,"2065-2070"
795,3,"2070-2075"
795,3,"2075-2080"
795,3,"2080-2085"
795,3,"2085-2090"
795,3,"2090-2095"
795,3,"2095-2100"
795,4,"2015-2020"
795,4,"2020-2025"
795,4,"2025-2030"
795,4,"2030-2035"
795,4,"2035-2040"
795,4,"2040-2045"
795,4,"2045-2050"
795,4,"2050-2055"
795,4,"2055-2060"
795,4,"2060-2065"
795,4,"2065-2070"
795,4,"2070-2075"
795,4,"2075-2080"
795,4,"2080-2085"
795,4,"2085-2090"
795,4,"2090-2095"
795,4,"2095-2100"
795,5,"2015-2020"
795,5,"2020-2025"
795,5,"2025-2030"
795,5,"2030-2035"
795,5,"2035-2040"
795,5,"2040-2045"
795,5,"2045-2050"
795,5,"2050-2055"
795,5,"2055-2060"
795,5,"2060-2065"
795,5,"2065-2070"
795,5,"2070-2075"
795,5,"2075-2080"
795,5,"2080-2085"
795,5,"2085-2090"
795,5,"2090-2095"
795,5,"2095-2100"
795,6,"2015-2020"
795,6,"2020-2025"
795,6,"2025-2030"
795,6,"2030-2035"
795,6,"2035-2040"
795,6,"2040-2045"
795,6,"2045-2050"
795,6,"2050-2055"
795,6,"2055-2060"
795,6,"2060-2065"
795,6,"2065-2070"
795,6,"2070-2075"
795,6,"2075-2080"
795,6,"2080-2085"
795,6,"2085-2090"
795,6,"2090-2095"
795,6,"2095-2100"
795,7,"2015-2020"
795,7,"2020-2025"
795,7,"2025-2030"
795,7,"2030-2035"
795,7,"2035-2040"
795,7,"2040-2045"
795,7,"2045-2050"
795,7,"2050-2055"
795,7,"2055-2060"
795,7,"2060-2065"
795,7,"2065-2070"
795,7,"2070-2075"
795,7,"2075-2080"
795,7,"2080-2085"
795,7,"2085-2090"
795,7,"2090-2095"
795,7,"2095-2100"
795,8,"2015-2020"
795,8,"2020-2025"
795,8,"2025-2030"
795,8,"2030-2035"
795,8,"2035-2040"
795,8,"2040-2045"
795,8,"2045-2050"
795,8,"2050-2055"
795,8,"2055-2060"
795,8,"2060-2065"
795,8,"2065-2070"
795,8,"2070-2075"
795,8,"2075-2080"
795,8,"2080-2085"
795,8,"2085-2090"
795,8,"2090-2095"
795,8,"2095-2100"
795,9,"2015-2020"
795,9,"2020-2025"
795,9,"2025-2030"
795,9,"2030-2035"
795,9,"2035-2040"
795,9,"2040-2045"
795,9,"2045-2050"
795,9,"2050-2055"
795,9,"2055-2060"
795,9,"2060-2065"
795,9,"2065-2070"
795,9,"2070-2075"
795,9,"2075-2080"
795,9,"2080-2085"
795,9,"2085-2090"
795,9,"2090-2095"
795,9,"2095-2100"
795,202,"2015-2020"
795,202,"2020-2025"
795,202,"2025-2030"
795,202,"2030-2035"
795,202,"2035-2040"
795,202,"2040-2045"
795,202,"2045-2050"
795,202,"2050-2055"
795,202,"2055-2060"
795,202,"2060-2065"
795,202,"2065-2070"
795,202,"2070-2075"
795,202,"2075-2080"
795,202,"2080-2085"
795,202,"2085-2090"
795,202,"2090-2095"
795,202,"2095-2100"
796,3,"2015-2020"
796,3,"2020-2025"
796,3,"2025-2030"
796,3,"2030-2035"
796,3,"2035-2040"
796,3,"2040-2045"
796,3,"2045-2050"
796,3,"2050-2055"
796,3,"2055-2060"
796,3,"2060-2065"
796,3,"2065-2070"
796,3,"2070-2075"
796,3,"2075-2080"
796,3,"2080-2085"
796,3,"2085-2090"
796,3,"2090-2095"
796,3,"2095-2100"
796,4,"2015-2020"
796,4,"2020-2025"
796,4,"2025-2030"
796,4,"2030-2035"
796,4,"2035-2040"
796,4,"2040-2045"
796,4,"2045-2050"
796,4,"2050-2055"
796,4,"2055-2060"
796,4,"2060-2065"
796,4,"2065-2070"
796,4,"2070-2075"
796,4,"2075-2080"
796,4,"2080-2085"
796,4,"2085-2090"
796,4,"2090-2095"
796,4,"2095-2100"
796,5,"2015-2020"
796,5,"2020-2025"
796,5,"2025-2030"
796,5,"2030-2035"
796,5,"2035-2040"
796,5,"2040-2045"
796,5,"2045-2050"
796,5,"2050-2055"
796,5,"2055-2060"
796,5,"2060-2065"
796,5,"2065-2070"
796,5,"2070-2075"
796,5,"2075-2080"
796,5,"2080-2085"
796,5,"2085-2090"
796,5,"2090-2095"
796,5,"2095-2100"
796,6,"2015-2020"
796,6,"2020-2025"
796,6,"2025-2030"
796,6,"2030-2035"
796,6,"2035-2040"
796,6,"2040-2045"
796,6,"2045-2050"
796,6,"2050-2055"
796,6,"2055-2060"
796,6,"2060-2065"
796,6,"2065-2070"
796,6,"2070-2075"
796,6,"2075-2080"
796,6,"2080-2085"
796,6,"2085-2090"
796,6,"2090-2095"
796,6,"2095-2100"
796,7,"2015-2020"
796,7,"2020-2025"
796,7,"2025-2030"
796,7,"2030-2035"
796,7,"2035-2040"
796,7,"2040-2045"
796,7,"2045-2050"
796,7,"2050-2055"
796,7,"2055-2060"
796,7,"2060-2065"
796,7,"2065-2070"
796,7,"2070-2075"
796,7,"2075-2080"
796,7,"2080-2085"
796,7,"2085-2090"
796,7,"2090-2095"
796,7,"2095-2100"
796,8,"2015-2020"
796,8,"2020-2025"
796,8,"2025-2030"
796,8,"2030-2035"
796,8,"2035-2040"
796,8,"2040-2045"
796,8,"2045-2050"
796,8,"2050-2055"
796,8,"2055-2060"
796,8,"2060-2065"
796,8,"2065-2070"
796,8,"2070-2075"
796,8,"2075-2080"
796,8,"2080-2085"
796,8,"2085-2090"
796,8,"2090-2095"
796,8,"2095-2100"
796,9,"2015-2020"
796,9,"2020-2025"
796,9,"2025-2030"
796,9,"2030-2035"
796,9,"2035-2040"
796,9,"2040-2045"
796,9,"2045-2050"
796,9,"2050-2055"
796,9,"2055-2060"
796,9,"2060-2065"
796,9,"2065-2070"
796,9,"2070-2075"
796,9,"2075-2080"
796,9,"2080-2085"
796,9,"2085-2090"
796,9,"2090-2095"
796,9,"2095-2100"
798,3,"2015-2020"
798,3,"2020-2025"
798,3,"2025-2030"
798,3,"2030-2035"
798,3,"2035-2040"
798,3,"2040-2045"
798,3,"2045-2050"
798,3,"2050-2055"
798,3,"2055-2060"
798,3,"2060-2065"
798,3,"2065-2070"
798,3,"2070-2075"
798,3,"2075-2080"
798,3,"2080-2085"
798,3,"2085-2090"
798,3,"2090-2095"
798,3,"2095-2100"
798,4,"2015-2020"
798,4,"2020-2025"
798,4,"2025-2030"
798,4,"2030-2035"
798,4,"2035-2040"
798,4,"2040-2045"
798,4,"2045-2050"
798,4,"2050-2055"
798,4,"2055-2060"
798,4,"2060-2065"
798,4,"2065-2070"
798,4,"2070-2075"
798,4,"2075-2080"
798,4,"2080-2085"
798,4,"2085-2090"
798,4,"2090-2095"
798,4,"2095-2100"
798,5,"2015-2020"
798,5,"2020-2025"
798,5,"2025-2030"
798,5,"2030-2035"
798,5,"2035-2040"
798,5,"2040-2045"
798,5,"2045-2050"
798,5,"2050-2055"
798,5,"2055-2060"
798,5,"2060-2065"
798,5,"2065-2070"
798,5,"2070-2075"
798,5,"2075-2080"
798,5,"2080-2085"
798,5,"2085-2090"
798,5,"2090-2095"
798,5,"2095-2100"
798,6,"2015-2020"
798,6,"2020-2025"
798,6,"2025-2030"
798,6,"2030-2035"
798,6,"2035-2040"
798,6,"2040-2045"
798,6,"2045-2050"
798,6,"2050-2055"
798,6,"2055-2060"
798,6,"2060-2065"
798,6,"2065-2070"
798,6,"2070-2075"
798,6,"2075-2080"
798,6,"2080-2085"
798,6,"2085-2090"
798,6,"2090-2095"
798,6,"2095-2100"
798,7,"2015-2020"
798,7,"2020-2025"
798,7,"2025-2030"
798,7,"2030-2035"
798,7,"2035-2040"
798,7,"2040-2045"
798,7,"2045-2050"
798,7,"2050-2055"
798,7,"2055-2060"
798,7,"2060-2065"
798,7,"2065-2070"
798,7,"2070-2075"
798,7,"2075-2080"
798,7,"2080-2085"
798,7,"2085-2090"
798,7,"2090-2095"
798,7,"2095-2100"
798,8,"2015-2020"
798,8,"2020-2025"
798,8,"2025-2030"
798,8,"2030-2035"
798,8,"2035-2040"
798,8,"2040-2045"
798,8,"2045-2050"
798,8,"2050-2055"
798,8,"2055-2060"
798,8,"2060-2065"
798,8,"2065-2070"
798,8,"2070-2075"
798,8,"2075-2080"
798,8,"2080-2085"
798,8,"2085-2090"
798,8,"2090-2095"
798,8,"2095-2100"
798,9,"2015-2020"
798,9,"2020-2025"
798,9,"2025-2030"
798,9,"2030-2035"
798,9,"2035-2040"
798,9,"2040-2045"
798,9,"2045-2050"
798,9,"2050-2055"
798,9,"2055-2060"
798,9,"2060-2065"
798,9,"2065-2070"
798,9,"2070-2075"
798,9,"2075-2080"
798,9,"2080-2085"
798,9,"2085-2090"
798,9,"2090-2095"
798,9,"2095-2100"
800,3,"2015-2020"
800,3,"2020-2025"
800,3,"2025-2030"
800,3,"2030-2035"
800,3,"2035-2040"
800,3,"2040-2045"
800,3,"2045-2050"
800,3,"2050-2055"
800,3,"2055-2060"
800,3,"2060-2065"
800,3,"2065-2070"
800,3,"2070-2075"
800,3,"2075-2080"
800,3,"2080-2085"
800,3,"2085-2090"
800,3,"2090-2095"
800,3,"2095-2100"
800,4,"2015-2020"
800,4,"2020-2025"
800,4,"2025-2030"
800,4,"2030-2035"
800,4,"2035-2040"
800,4,"2040-2045"
800,4,"2045-2050"
800,4,"2050-2055"
800,4,"2055-2060"
800,4,"2060-2065"
800,4,"2065-2070"
800,4,"2070-2075"
800,4,"2075-2080"
800,4,"2080-2085"
800,4,"2085-2090"
800,4,"2090-2095"
800,4,"2095-2100"
800,5,"2015-2020"
800,5,"2020-2025"
800,5,"2025-2030"
800,5,"2030-2035"
800,5,"2035-2040"
800,5,"2040-2045"
800,5,"2045-2050"
800,5,"2050-2055"
800,5,"2055-2060"
800,5,"2060-2065"
800,5,"2065-2070"
800,5,"2070-2075"
800,5,"2075-2080"
800,5,"2080-2085"
800,5,"2085-2090"
800,5,"2090-2095"
800,5,"2095-2100"
800,6,"2015-2020"
800,6,"2020-2025"
800,6,"2025-2030"
800,6,"2030-2035"
800,6,"2035-2040"
800,6,"2040-2045"
800,6,"2045-2050"
800,6,"2050-2055"
800,6,"2055-2060"
800,6,"2060-2065"
800,6,"2065-2070"
800,6,"2070-2075"
800,6,"2075-2080"
800,6,"2080-2085"
800,6,"2085-2090"
800,6,"2090-2095"
800,6,"2095-2100"
800,7,"2015-2020"
800,7,"2020-2025"
800,7,"2025-2030"
800,7,"2030-2035"
800,7,"2035-2040"
800,7,"2040-2045"
800,7,"2045-2050"
800,7,"2050-2055"
800,7,"2055-2060"
800,7,"2060-2065"
800,7,"2065-2070"
800,7,"2070-2075"
800,7,"2075-2080"
800,7,"2080-2085"
800,7,"2085-2090"
800,7,"2090-2095"
800,7,"2095-2100"
800,8,"2015-2020"
800,8,"2020-2025"
800,8,"2025-2030"
800,8,"2030-2035"
800,8,"2035-2040"
800,8,"2040-2045"
800,8,"2045-2050"
800,8,"2050-2055"
800,8,"2055-2060"
800,8,"2060-2065"
800,8,"2065-2070"
800,8,"2070-2075"
800,8,"2075-2080"
800,8,"2080-2085"
800,8,"2085-2090"
800,8,"2090-2095"
800,8,"2095-2100"
800,9,"2015-2020"
800,9,"2020-2025"
800,9,"2025-2030"
800,9,"2030-2035"
800,9,"2035-2040"
800,9,"2040-2045"
800,9,"2045-2050"
800,9,"2050-2055"
800,9,"2055-2060"
800,9,"2060-2065"
800,9,"2065-2070"
800,9,"2070-2075"
800,9,"2075-2080"
800,9,"2080-2085"
800,9,"2085-2090"
800,9,"2090-2095"
800,9,"2095-2100"
800,202,"2015-2020"
800,202,"2020-2025"
800,202,"2025-2030"
800,202,"2030-2035"
800,202,"2035-2040"
800,202,"2040-2045"
800,202,"2045-2050"
800,202,"2050-2055"
800,202,"2055-2060"
800,202,"2060-2065"
800,202,"2065-2070"
800,202,"2070-2075"
800,202,"2075-2080"
800,202,"2080-2085"
800,202,"2085-2090"
800,202,"2090-2095"
800,202,"2095-2100"
804,3,"2015-2020"
804,3,"2020-2025"
804,3,"2025-2030"
804,3,"2030-2035"
804,3,"2035-2040"
804,3,"2040-2045"
804,3,"2045-2050"
804,3,"2050-2055"
804,3,"2055-2060"
804,3,"2060-2065"
804,3,"2065-2070"
804,3,"2070-2075"
804,3,"2075-2080"
804,3,"2080-2085"
804,3,"2085-2090"
804,3,"2090-2095"
804,3,"2095-2100"
804,4,"2015-2020"
804,4,"2020-2025"
804,4,"2025-2030"
804,4,"2030-2035"
804,4,"2035-2040"
804,4,"2040-2045"
804,4,"2045-2050"
804,4,"2050-2055"
804,4,"2055-2060"
804,4,"2060-2065"
804,4,"2065-2070"
804,4,"2070-2075"
804,4,"2075-2080"
804,4,"2080-2085"
804,4,"2085-2090"
804,4,"2090-2095"
804,4,"2095-2100"
804,5,"2015-2020"
804,5,"2020-2025"
804,5,"2025-2030"
804,5,"2030-2035"
804,5,"2035-2040"
804,5,"2040-2045"
804,5,"2045-2050"
804,5,"2050-2055"
804,5,"2055-2060"
804,5,"2060-2065"
804,5,"2065-2070"
804,5,"2070-2075"
804,5,"2075-2080"
804,5,"2080-2085"
804,5,"2085-2090"
804,5,"2090-2095"
804,5,"2095-2100"
804,6,"2015-2020"
804,6,"2020-2025"
804,6,"2025-2030"
804,6,"2030-2035"
804,6,"2035-2040"
804,6,"2040-2045"
804,6,"2045-2050"
804,6,"2050-2055"
804,6,"2055-2060"
804,6,"2060-2065"
804,6,"2065-2070"
804,6,"2070-2075"
804,6,"2075-2080"
804,6,"2080-2085"
804,6,"2085-2090"
804,6,"2090-2095"
804,6,"2095-2100"
804,7,"2015-2020"
804,7,"2020-2025"
804,7,"2025-2030"
804,7,"2030-2035"
804,7,"2035-2040"
804,7,"2040-2045"
804,7,"2045-2050"
804,7,"2050-2055"
804,7,"2055-2060"
804,7,"2060-2065"
804,7,"2065-2070"
804,7,"2070-2075"
804,7,"2075-2080"
804,7,"2080-2085"
804,7,"2085-2090"
804,7,"2090-2095"
804,7,"2095-2100"
804,8,"2015-2020"
804,8,"2020-2025"
804,8,"2025-2030"
804,8,"2030-2035"
804,8,"2035-2040"
804,8,"2040-2045"
804,8,"2045-2050"
804,8,"2050-2055"
804,8,"2055-2060"
804,8,"2060-2065"
804,8,"2065-2070"
804,8,"2070-2075"
804,8,"2075-2080"
804,8,"2080-2085"
804,8,"2085-2090"
804,8,"2090-2095"
804,8,"2095-2100"
804,9,"2015-2020"
804,9,"2020-2025"
804,9,"2025-2030"
804,9,"2030-2035"
804,9,"2035-2040"
804,9,"2040-2045"
804,9,"2045-2050"
804,9,"2050-2055"
804,9,"2055-2060"
804,9,"2060-2065"
804,9,"2065-2070"
804,9,"2070-2075"
804,9,"2075-2080"
804,9,"2080-2085"
804,9,"2085-2090"
804,9,"2090-2095"
804,9,"2095-2100"
804,202,"2015-2020"
804,202,"2020-2025"
804,202,"2025-2030"
804,202,"2030-2035"
804,202,"2035-2040"
804,202,"2040-2045"
804,202,"2045-2050"
804,202,"2050-2055"
804,202,"2055-2060"
804,202,"2060-2065"
804,202,"2065-2070"
804,202,"2070-2075"
804,202,"2075-2080"
804,202,"2080-2085"
804,202,"2085-2090"
804,202,"2090-2095"
804,202,"2095-2100"
784,3,"2015-2020"
784,3,"2020-2025"
784,3,"2025-2030"
784,3,"2030-2035"
784,3,"2035-2040"
784,3,"2040-2045"
784,3,"2045-2050"
784,3,"2050-2055"
784,3,"2055-2060"
784,3,"2060-2065"
784,3,"2065-2070"
784,3,"2070-2075"
784,3,"2075-2080"
784,3,"2080-2085"
784,3,"2085-2090"
784,3,"2090-2095"
784,3,"2095-2100"
784,4,"2015-2020"
784,4,"2020-2025"
784,4,"2025-2030"
784,4,"2030-2035"
784,4,"2035-2040"
784,4,"2040-2045"
784,4,"2045-2050"
784,4,"2050-2055"
784,4,"2055-2060"
784,4,"2060-2065"
784,4,"2065-2070"
784,4,"2070-2075"
784,4,"2075-2080"
784,4,"2080-2085"
784,4,"2085-2090"
784,4,"2090-2095"
784,4,"2095-2100"
784,5,"2015-2020"
784,5,"2020-2025"
784,5,"2025-2030"
784,5,"2030-2035"
784,5,"2035-2040"
784,5,"2040-2045"
784,5,"2045-2050"
784,5,"2050-2055"
784,5,"2055-2060"
784,5,"2060-2065"
784,5,"2065-2070"
784,5,"2070-2075"
784,5,"2075-2080"
784,5,"2080-2085"
784,5,"2085-2090"
784,5,"2090-2095"
784,5,"2095-2100"
784,6,"2015-2020"
784,6,"2020-2025"
784,6,"2025-2030"
784,6,"2030-2035"
784,6,"2035-2040"
784,6,"2040-2045"
784,6,"2045-2050"
784,6,"2050-2055"
784,6,"2055-2060"
784,6,"2060-2065"
784,6,"2065-2070"
784,6,"2070-2075"
784,6,"2075-2080"
784,6,"2080-2085"
784,6,"2085-2090"
784,6,"2090-2095"
784,6,"2095-2100"
784,7,"2015-2020"
784,7,"2020-2025"
784,7,"2025-2030"
784,7,"2030-2035"
784,7,"2035-2040"
784,7,"2040-2045"
784,7,"2045-2050"
784,7,"2050-2055"
784,7,"2055-2060"
784,7,"2060-2065"
784,7,"2065-2070"
784,7,"2070-2075"
784,7,"2075-2080"
784,7,"2080-2085"
784,7,"2085-2090"
784,7,"2090-2095"
784,7,"2095-2100"
784,8,"2015-2020"
784,8,"2020-2025"
784,8,"2025-2030"
784,8,"2030-2035"
784,8,"2035-2040"
784,8,"2040-2045"
784,8,"2045-2050"
784,8,"2050-2055"
784,8,"2055-2060"
784,8,"2060-2065"
784,8,"2065-2070"
784,8,"2070-2075"
784,8,"2075-2080"
784,8,"2080-2085"
784,8,"2085-2090"
784,8,"2090-2095"
784,8,"2095-2100"
784,9,"2015-2020"
784,9,"2020-2025"
784,9,"2025-2030"
784,9,"2030-2035"
784,9,"2035-2040"
784,9,"2040-2045"
784,9,"2045-2050"
784,9,"2050-2055"
784,9,"2055-2060"
784,9,"2060-2065"
784,9,"2065-2070"
784,9,"2070-2075"
784,9,"2075-2080"
784,9,"2080-2085"
784,9,"2085-2090"
784,9,"2090-2095"
784,9,"2095-2100"
784,202,"2015-2020"
784,202,"2020-2025"
784,202,"2025-2030"
784,202,"2030-2035"
784,202,"2035-2040"
784,202,"2040-2045"
784,202,"2045-2050"
784,202,"2050-2055"
784,202,"2055-2060"
784,202,"2060-2065"
784,202,"2065-2070"
784,202,"2070-2075"
784,202,"2075-2080"
784,202,"2080-2085"
784,202,"2085-2090"
784,202,"2090-2095"
784,202,"2095-2100"
826,3,"2015-2020"
826,3,"2020-2025"
826,3,"2025-2030"
826,3,"2030-2035"
826,3,"2035-2040"
826,3,"2040-2045"
826,3,"2045-2050"
826,3,"2050-2055"
826,3,"2055-2060"
826,3,"2060-2065"
826,3,"2065-2070"
826,3,"2070-2075"
826,3,"2075-2080"
826,3,"2080-2085"
826,3,"2085-2090"
826,3,"2090-2095"
826,3,"2095-2100"
826,4,"2015-2020"
826,4,"2020-2025"
826,4,"2025-2030"
826,4,"2030-2035"
826,4,"2035-2040"
826,4,"2040-2045"
826,4,"2045-2050"
826,4,"2050-2055"
826,4,"2055-2060"
826,4,"2060-2065"
826,4,"2065-2070"
826,4,"2070-2075"
826,4,"2075-2080"
826,4,"2080-2085"
826,4,"2085-2090"
826,4,"2090-2095"
826,4,"2095-2100"
826,5,"2015-2020"
826,5,"2020-2025"
826,5,"2025-2030"
826,5,"2030-2035"
826,5,"2035-2040"
826,5,"2040-2045"
826,5,"2045-2050"
826,5,"2050-2055"
826,5,"2055-2060"
826,5,"2060-2065"
826,5,"2065-2070"
826,5,"2070-2075"
826,5,"2075-2080"
826,5,"2080-2085"
826,5,"2085-2090"
826,5,"2090-2095"
826,5,"2095-2100"
826,6,"2015-2020"
826,6,"2020-2025"
826,6,"2025-2030"
826,6,"2030-2035"
826,6,"2035-2040"
826,6,"2040-2045"
826,6,"2045-2050"
826,6,"2050-2055"
826,6,"2055-2060"
826,6,"2060-2065"
826,6,"2065-2070"
826,6,"2070-2075"
826,6,"2075-2080"
826,6,"2080-2085"
826,6,"2085-2090"
826,6,"2090-2095"
826,6,"2095-2100"
826,7,"2015-2020"
826,7,"2020-2025"
826,7,"2025-2030"
826,7,"2030-2035"
826,7,"2035-2040"
826,7,"2040-2045"
826,7,"2045-2050"
826,7,"2050-2055"
826,7,"2055-2060"
826,7,"2060-2065"
826,7,"2065-2070"
826,7,"2070-2075"
826,7,"2075-2080"
826,7,"2080-2085"
826,7,"2085-2090"
826,7,"2090-2095"
826,7,"2095-2100"
826,8,"2015-2020"
826,8,"2020-2025"
826,8,"2025-2030"
826,8,"2030-2035"
826,8,"2035-2040"
826,8,"2040-2045"
826,8,"2045-2050"
826,8,"2050-2055"
826,8,"2055-2060"
826,8,"2060-2065"
826,8,"2065-2070"
826,8,"2070-2075"
826,8,"2075-2080"
826,8,"2080-2085"
826,8,"2085-2090"
826,8,"2090-2095"
826,8,"2095-2100"
826,9,"2015-2020"
826,9,"2020-2025"
826,9,"2025-2030"
826,9,"2030-2035"
826,9,"2035-2040"
826,9,"2040-2045"
826,9,"2045-2050"
826,9,"2050-2055"
826,9,"2055-2060"
826,9,"2060-2065"
826,9,"2065-2070"
826,9,"2070-2075"
826,9,"2075-2080"
826,9,"2080-2085"
826,9,"2085-2090"
826,9,"2090-2095"
826,9,"2095-2100"
826,202,"2015-2020"
826,202,"2020-2025"
826,202,"2025-2030"
826,202,"2030-2035"
826,202,"2035-2040"
826,202,"2040-2045"
826,202,"2045-2050"
826,202,"2050-2055"
826,202,"2055-2060"
826,202,"2060-2065"
826,202,"2065-2070"
826,202,"2070-2075"
826,202,"2075-2080"
826,202,"2080-2085"
826,202,"2085-2090"
826,202,"2090-2095"
826,202,"2095-2100"
834,3,"2015-2020"
834,3,"2020-2025"
834,3,"2025-2030"
834,3,"2030-2035"
834,3,"2035-2040"
834,3,"2040-2045"
834,3,"2045-2050"
834,3,"2050-2055"
834,3,"2055-2060"
834,3,"2060-2065"
834,3,"2065-2070"
834,3,"2070-2075"
834,3,"2075-2080"
834,3,"2080-2085"
834,3,"2085-2090"
834,3,"2090-2095"
834,3,"2095-2100"
834,4,"2015-2020"
834,4,"2020-2025"
834,4,"2025-2030"
834,4,"2030-2035"
834,4,"2035-2040"
834,4,"2040-2045"
834,4,"2045-2050"
834,4,"2050-2055"
834,4,"2055-2060"
834,4,"2060-2065"
834,4,"2065-2070"
834,4,"2070-2075"
834,4,"2075-2080"
834,4,"2080-2085"
834,4,"2085-2090"
834,4,"2090-2095"
834,4,"2095-2100"
834,5,"2015-2020"
834,5,"2020-2025"
834,5,"2025-2030"
834,5,"2030-2035"
834,5,"2035-2040"
834,5,"2040-2045"
834,5,"2045-2050"
834,5,"2050-2055"
834,5,"2055-2060"
834,5,"2060-2065"
834,5,"2065-2070"
834,5,"2070-2075"
834,5,"2075-2080"
834,5,"2080-2085"
834,5,"2085-2090"
834,5,"2090-2095"
834,5,"2095-2100"
834,6,"2015-2020"
834,6,"2020-2025"
834,6,"2025-2030"
834,6,"2030-2035"
834,6,"2035-2040"
834,6,"2040-2045"
834,6,"2045-2050"
834,6,"2050-2055"
834,6,"2055-2060"
834,6,"2060-2065"
834,6,"2065-2070"
834,6,"2070-2075"
834,6,"2075-2080"
834,6,"2080-2085"
834,6,"2085-2090"
834,6,"2090-2095"
834,6,"2095-2100"
834,7,"2015-2020"
834,7,"2020-2025"
834,7,"2025-2030"
834,7,"2030-2035"
834,7,"2035-2040"
834,7,"2040-2045"
834,7,"2045-2050"
834,7,"2050-2055"
834,7,"2055-2060"
834,7,"2060-2065"
834,7,"2065-2070"
834,7,"2070-2075"
834,7,"2075-2080"
834,7,"2080-2085"
834,7,"2085-2090"
834,7,"2090-2095"
834,7,"2095-2100"
834,8,"2015-2020"
834,8,"2020-2025"
834,8,"2025-2030"
834,8,"2030-2035"
834,8,"2035-2040"
834,8,"2040-2045"
834,8,"2045-2050"
834,8,"2050-2055"
834,8,"2055-2060"
834,8,"2060-2065"
834,8,"2065-2070"
834,8,"2070-2075"
834,8,"2075-2080"
834,8,"2080-2085"
834,8,"2085-2090"
834,8,"2090-2095"
834,8,"2095-2100"
834,9,"2015-2020"
834,9,"2020-2025"
834,9,"2025-2030"
834,9,"2030-2035"
834,9,"2035-2040"
834,9,"2040-2045"
834,9,"2045-2050"
834,9,"2050-2055"
834,9,"2055-2060"
834,9,"2060-2065"
834,9,"2065-2070"
834,9,"2070-2075"
834,9,"2075-2080"
834,9,"2080-2085"
834,9,"2085-2090"
834,9,"2090-2095"
834,9,"2095-2100"
834,202,"2015-2020"
834,202,"2020-2025"
834,202,"2025-2030"
834,202,"2030-2035"
834,202,"2035-2040"
834,202,"2040-2045"
834,202,"2045-2050"
834,202,"2050-2055"
834,202,"2055-2060"
834,202,"2060-2065"
834,202,"2065-2070"
834,202,"2070-2075"
834,202,"2075-2080"
834,202,"2080-2085"
834,202,"2085-2090"
834,202,"2090-2095"
834,202,"2095-2100"
850,3,"2015-2020"
850,3,"2020-2025"
850,3,"2025-2030"
850,3,"2030-2035"
850,3,"2035-2040"
850,3,"2040-2045"
850,3,"2045-2050"
850,3,"2050-2055"
850,3,"2055-2060"
850,3,"2060-2065"
850,3,"2065-2070"
850,3,"2070-2075"
850,3,"2075-2080"
850,3,"2080-2085"
850,3,"2085-2090"
850,3,"2090-2095"
850,3,"2095-2100"
850,4,"2015-2020"
850,4,"2020-2025"
850,4,"2025-2030"
850,4,"2030-2035"
850,4,"2035-2040"
850,4,"2040-2045"
850,4,"2045-2050"
850,4,"2050-2055"
850,4,"2055-2060"
850,4,"2060-2065"
850,4,"2065-2070"
850,4,"2070-2075"
850,4,"2075-2080"
850,4,"2080-2085"
850,4,"2085-2090"
850,4,"2090-2095"
850,4,"2095-2100"
850,5,"2015-2020"
850,5,"2020-2025"
850,5,"2025-2030"
850,5,"2030-2035"
850,5,"2035-2040"
850,5,"2040-2045"
850,5,"2045-2050"
850,5,"2050-2055"
850,5,"2055-2060"
850,5,"2060-2065"
850,5,"2065-2070"
850,5,"2070-2075"
850,5,"2075-2080"
850,5,"2080-2085"
850,5,"2085-2090"
850,5,"2090-2095"
850,5,"2095-2100"
850,6,"2015-2020"
850,6,"2020-2025"
850,6,"2025-2030"
850,6,"2030-2035"
850,6,"2035-2040"
850,6,"2040-2045"
850,6,"2045-2050"
850,6,"2050-2055"
850,6,"2055-2060"
850,6,"2060-2065"
850,6,"2065-2070"
850,6,"2070-2075"
850,6,"2075-2080"
850,6,"2080-2085"
850,6,"2085-2090"
850,6,"2090-2095"
850,6,"2095-2100"
850,7,"2015-2020"
850,7,"2020-2025"
850,7,"2025-2030"
850,7,"2030-2035"
850,7,"2035-2040"
850,7,"2040-2045"
850,7,"2045-2050"
850,7,"2050-2055"
850,7,"2055-2060"
850,7,"2060-2065"
850,7,"2065-2070"
850,7,"2070-2075"
850,7,"2075-2080"
850,7,"2080-2085"
850,7,"2085-2090"
850,7,"2090-2095"
850,7,"2095-2100"
850,8,"2015-2020"
850,8,"2020-2025"
850,8,"2025-2030"
850,8,"2030-2035"
850,8,"2035-2040"
850,8,"2040-2045"
850,8,"2045-2050"
850,8,"2050-2055"
850,8,"2055-2060"
850,8,"2060-2065"
850,8,"2065-2070"
850,8,"2070-2075"
850,8,"2075-2080"
850,8,"2080-2085"
850,8,"2085-2090"
850,8,"2090-2095"
850,8,"2095-2100"
850,9,"2015-2020"
850,9,"2020-2025"
850,9,"2025-2030"
850,9,"2030-2035"
850,9,"2035-2040"
850,9,"2040-2045"
850,9,"2045-2050"
850,9,"2050-2055"
850,9,"2055-2060"
850,9,"2060-2065"
850,9,"2065-2070"
850,9,"2070-2075"
850,9,"2075-2080"
850,9,"2080-2085"
850,9,"2085-2090"
850,9,"2090-2095"
850,9,"2095-2100"
850,202,"2015-2020"
850,202,"2020-2025"
850,202,"2025-2030"
850,202,"2030-2035"
850,202,"2035-2040"
850,202,"2040-2045"
850,202,"2045-2050"
850,202,"2050-2055"
850,202,"2055-2060"
850,202,"2060-2065"
850,202,"2065-2070"
850,202,"2070-2075"
850,202,"2075-2080"
850,202,"2080-2085"
850,202,"2085-2090"
850,202,"2090-2095"
850,202,"2095-2100"
840,3,"2015-2020"
840,3,"2020-2025"
840,3,"2025-2030"
840,3,"2030-2035"
840,3,"2035-2040"
840,3,"2040-2045"
840,3,"2045-2050"
840,3,"2050-2055"
840,3,"2055-2060"
840,3,"2060-2065"
840,3,"2065-2070"
840,3,"2070-2075"
840,3,"2075-2080"
840,3,"2080-2085"
840,3,"2085-2090"
840,3,"2090-2095"
840,3,"2095-2100"
840,4,"2015-2020"
840,4,"2020-2025"
840,4,"2025-2030"
840,4,"2030-2035"
840,4,"2035-2040"
840,4,"2040-2045"
840,4,"2045-2050"
840,4,"2050-2055"
840,4,"2055-2060"
840,4,"2060-2065"
840,4,"2065-2070"
840,4,"2070-2075"
840,4,"2075-2080"
840,4,"2080-2085"
840,4,"2085-2090"
840,4,"2090-2095"
840,4,"2095-2100"
840,5,"2015-2020"
840,5,"2020-2025"
840,5,"2025-2030"
840,5,"2030-2035"
840,5,"2035-2040"
840,5,"2040-2045"
840,5,"2045-2050"
840,5,"2050-2055"
840,5,"2055-2060"
840,5,"2060-2065"
840,5,"2065-2070"
840,5,"2070-2075"
840,5,"2075-2080"
840,5,"2080-2085"
840,5,"2085-2090"
840,5,"2090-2095"
840,5,"2095-2100"
840,6,"2015-2020"
840,6,"2020-2025"
840,6,"2025-2030"
840,6,"2030-2035"
840,6,"2035-2040"
840,6,"2040-2045"
840,6,"2045-2050"
840,6,"2050-2055"
840,6,"2055-2060"
840,6,"2060-2065"
840,6,"2065-2070"
840,6,"2070-2075"
840,6,"2075-2080"
840,6,"2080-2085"
840,6,"2085-2090"
840,6,"2090-2095"
840,6,"2095-2100"
840,7,"2015-2020"
840,7,"2020-2025"
840,7,"2025-2030"
840,7,"2030-2035"
840,7,"2035-2040"
840,7,"2040-2045"
840,7,"2045-2050"
840,7,"2050-2055"
840,7,"2055-2060"
840,7,"2060-2065"
840,7,"2065-2070"
840,7,"2070-2075"
840,7,"2075-2080"
840,7,"2080-2085"
840,7,"2085-2090"
840,7,"2090-2095"
840,7,"2095-2100"
840,8,"2015-2020"
840,8,"2020-2025"
840,8,"2025-2030"
840,8,"2030-2035"
840,8,"2035-2040"
840,8,"2040-2045"
840,8,"2045-2050"
840,8,"2050-2055"
840,8,"2055-2060"
840,8,"2060-2065"
840,8,"2065-2070"
840,8,"2070-2075"
840,8,"2075-2080"
840,8,"2080-2085"
840,8,"2085-2090"
840,8,"2090-2095"
840,8,"2095-2100"
840,9,"2015-2020"
840,9,"2020-2025"
840,9,"2025-2030"
840,9,"2030-2035"
840,9,"2035-2040"
840,9,"2040-2045"
840,9,"2045-2050"
840,9,"2050-2055"
840,9,"2055-2060"
840,9,"2060-2065"
840,9,"2065-2070"
840,9,"2070-2075"
840,9,"2075-2080"
840,9,"2080-2085"
840,9,"2085-2090"
840,9,"2090-2095"
840,9,"2095-2100"
840,202,"2015-2020"
840,202,"2020-2025"
840,202,"2025-2030"
840,202,"2030-2035"
840,202,"2035-2040"
840,202,"2040-2045"
840,202,"2045-2050"
840,202,"2050-2055"
840,202,"2055-2060"
840,202,"2060-2065"
840,202,"2065-2070"
840,202,"2070-2075"
840,202,"2075-2080"
840,202,"2080-2085"
840,202,"2085-2090"
840,202,"2090-2095"
840,202,"2095-2100"
1502,3,"2015-2020"
1502,3,"2020-2025"
1502,3,"2025-2030"
1502,3,"2030-2035"
1502,3,"2035-2040"
1502,3,"2040-2045"
1502,3,"2045-2050"
1502,3,"2050-2055"
1502,3,"2055-2060"
1502,3,"2060-2065"
1502,3,"2065-2070"
1502,3,"2070-2075"
1502,3,"2075-2080"
1502,3,"2080-2085"
1502,3,"2085-2090"
1502,3,"2090-2095"
1502,3,"2095-2100"
1502,4,"2015-2020"
1502,4,"2020-2025"
1502,4,"2025-2030"
1502,4,"2030-2035"
1502,4,"2035-2040"
1502,4,"2040-2045"
1502,4,"2045-2050"
1502,4,"2050-2055"
1502,4,"2055-2060"
1502,4,"2060-2065"
1502,4,"2065-2070"
1502,4,"2070-2075"
1502,4,"2075-2080"
1502,4,"2080-2085"
1502,4,"2085-2090"
1502,4,"2090-2095"
1502,4,"2095-2100"
1502,5,"2015-2020"
1502,5,"2020-2025"
1502,5,"2025-2030"
1502,5,"2030-2035"
1502,5,"2035-2040"
1502,5,"2040-2045"
1502,5,"2045-2050"
1502,5,"2050-2055"
1502,5,"2055-2060"
1502,5,"2060-2065"
1502,5,"2065-2070"
1502,5,"2070-2075"
1502,5,"2075-2080"
1502,5,"2080-2085"
1502,5,"2085-2090"
1502,5,"2090-2095"
1502,5,"2095-2100"
1502,6,"2015-2020"
1502,6,"2020-2025"
1502,6,"2025-2030"
1502,6,"2030-2035"
1502,6,"2035-2040"
1502,6,"2040-2045"
1502,6,"2045-2050"
1502,6,"2050-2055"
1502,6,"2055-2060"
1502,6,"2060-2065"
1502,6,"2065-2070"
1502,6,"2070-2075"
1502,6,"2075-2080"
1502,6,"2080-2085"
1502,6,"2085-2090"
1502,6,"2090-2095"
1502,6,"2095-2100"
1502,7,"2015-2020"
1502,7,"2020-2025"
1502,7,"2025-2030"
1502,7,"2030-2035"
1502,7,"2035-2040"
1502,7,"2040-2045"
1502,7,"2045-2050"
1502,7,"2050-2055"
1502,7,"2055-2060"
1502,7,"2060-2065"
1502,7,"2065-2070"
1502,7,"2070-2075"
1502,7,"2075-2080"
1502,7,"2080-2085"
1502,7,"2085-2090"
1502,7,"2090-2095"
1502,7,"2095-2100"
1502,8,"2015-2020"
1502,8,"2020-2025"
1502,8,"2025-2030"
1502,8,"2030-2035"
1502,8,"2035-2040"
1502,8,"2040-2045"
1502,8,"2045-2050"
1502,8,"2050-2055"
1502,8,"2055-2060"
1502,8,"2060-2065"
1502,8,"2065-2070"
1502,8,"2070-2075"
1502,8,"2075-2080"
1502,8,"2080-2085"
1502,8,"2085-2090"
1502,8,"2090-2095"
1502,8,"2095-2100"
1502,9,"2015-2020"
1502,9,"2020-2025"
1502,9,"2025-2030"
1502,9,"2030-2035"
1502,9,"2035-2040"
1502,9,"2040-2045"
1502,9,"2045-2050"
1502,9,"2050-2055"
1502,9,"2055-2060"
1502,9,"2060-2065"
1502,9,"2065-2070"
1502,9,"2070-2075"
1502,9,"2075-2080"
1502,9,"2080-2085"
1502,9,"2085-2090"
1502,9,"2090-2095"
1502,9,"2095-2100"
858,3,"2015-2020"
858,3,"2020-2025"
858,3,"2025-2030"
858,3,"2030-2035"
858,3,"2035-2040"
858,3,"2040-2045"
858,3,"2045-2050"
858,3,"2050-2055"
858,3,"2055-2060"
858,3,"2060-2065"
858,3,"2065-2070"
858,3,"2070-2075"
858,3,"2075-2080"
858,3,"2080-2085"
858,3,"2085-2090"
858,3,"2090-2095"
858,3,"2095-2100"
858,4,"2015-2020"
858,4,"2020-2025"
858,4,"2025-2030"
858,4,"2030-2035"
858,4,"2035-2040"
858,4,"2040-2045"
858,4,"2045-2050"
858,4,"2050-2055"
858,4,"2055-2060"
858,4,"2060-2065"
858,4,"2065-2070"
858,4,"2070-2075"
858,4,"2075-2080"
858,4,"2080-2085"
858,4,"2085-2090"
858,4,"2090-2095"
858,4,"2095-2100"
858,5,"2015-2020"
858,5,"2020-2025"
858,5,"2025-2030"
858,5,"2030-2035"
858,5,"2035-2040"
858,5,"2040-2045"
858,5,"2045-2050"
858,5,"2050-2055"
858,5,"2055-2060"
858,5,"2060-2065"
858,5,"2065-2070"
858,5,"2070-2075"
858,5,"2075-2080"
858,5,"2080-2085"
858,5,"2085-2090"
858,5,"2090-2095"
858,5,"2095-2100"
858,6,"2015-2020"
858,6,"2020-2025"
858,6,"2025-2030"
858,6,"2030-2035"
858,6,"2035-2040"
858,6,"2040-2045"
858,6,"2045-2050"
858,6,"2050-2055"
858,6,"2055-2060"
858,6,"2060-2065"
858,6,"2065-2070"
858,6,"2070-2075"
858,6,"2075-2080"
858,6,"2080-2085"
858,6,"2085-2090"
858,6,"2090-2095"
858,6,"2095-2100"
858,7,"2015-2020"
858,7,"2020-2025"
858,7,"2025-2030"
858,7,"2030-2035"
858,7,"2035-2040"
858,7,"2040-2045"
858,7,"2045-2050"
858,7,"2050-2055"
858,7,"2055-2060"
858,7,"2060-2065"
858,7,"2065-2070"
858,7,"2070-2075"
858,7,"2075-2080"
858,7,"2080-2085"
858,7,"2085-2090"
858,7,"2090-2095"
858,7,"2095-2100"
858,8,"2015-2020"
858,8,"2020-2025"
858,8,"2025-2030"
858,8,"2030-2035"
858,8,"2035-2040"
858,8,"2040-2045"
858,8,"2045-2050"
858,8,"2050-2055"
858,8,"2055-2060"
858,8,"2060-2065"
858,8,"2065-2070"
858,8,"2070-2075"
858,8,"2075-2080"
858,8,"2080-2085"
858,8,"2085-2090"
858,8,"2090-2095"
858,8,"2095-2100"
858,9,"2015-2020"
858,9,"2020-2025"
858,9,"2025-2030"
858,9,"2030-2035"
858,9,"2035-2040"
858,9,"2040-2045"
858,9,"2045-2050"
858,9,"2050-2055"
858,9,"2055-2060"
858,9,"2060-2065"
858,9,"2065-2070"
858,9,"2070-2075"
858,9,"2075-2080"
858,9,"2080-2085"
858,9,"2085-2090"
858,9,"2090-2095"
858,9,"2095-2100"
858,202,"2015-2020"
858,202,"2020-2025"
858,202,"2025-2030"
858,202,"2030-2035"
858,202,"2035-2040"
858,202,"2040-2045"
858,202,"2045-2050"
858,202,"2050-2055"
858,202,"2055-2060"
858,202,"2060-2065"
858,202,"2065-2070"
858,202,"2070-2075"
858,202,"2075-2080"
858,202,"2080-2085"
858,202,"2085-2090"
858,202,"2090-2095"
858,202,"2095-2100"
860,3,"2015-2020"
860,3,"2020-2025"
860,3,"2025-2030"
860,3,"2030-2035"
860,3,"2035-2040"
860,3,"2040-2045"
860,3,"2045-2050"
860,3,"2050-2055"
860,3,"2055-2060"
860,3,"2060-2065"
860,3,"2065-2070"
860,3,"2070-2075"
860,3,"2075-2080"
860,3,"2080-2085"
860,3,"2085-2090"
860,3,"2090-2095"
860,3,"2095-2100"
860,4,"2015-2020"
860,4,"2020-2025"
860,4,"2025-2030"
860,4,"2030-2035"
860,4,"2035-2040"
860,4,"2040-2045"
860,4,"2045-2050"
860,4,"2050-2055"
860,4,"2055-2060"
860,4,"2060-2065"
860,4,"2065-2070"
860,4,"2070-2075"
860,4,"2075-2080"
860,4,"2080-2085"
860,4,"2085-2090"
860,4,"2090-2095"
860,4,"2095-2100"
860,5,"2015-2020"
860,5,"2020-2025"
860,5,"2025-2030"
860,5,"2030-2035"
860,5,"2035-2040"
860,5,"2040-2045"
860,5,"2045-2050"
860,5,"2050-2055"
860,5,"2055-2060"
860,5,"2060-2065"
860,5,"2065-2070"
860,5,"2070-2075"
860,5,"2075-2080"
860,5,"2080-2085"
860,5,"2085-2090"
860,5,"2090-2095"
860,5,"2095-2100"
860,6,"2015-2020"
860,6,"2020-2025"
860,6,"2025-2030"
860,6,"2030-2035"
860,6,"2035-2040"
860,6,"2040-2045"
860,6,"2045-2050"
860,6,"2050-2055"
860,6,"2055-2060"
860,6,"2060-2065"
860,6,"2065-2070"
860,6,"2070-2075"
860,6,"2075-2080"
860,6,"2080-2085"
860,6,"2085-2090"
860,6,"2090-2095"
860,6,"2095-2100"
860,7,"2015-2020"
860,7,"2020-2025"
860,7,"2025-2030"
860,7,"2030-2035"
860,7,"2035-2040"
860,7,"2040-2045"
860,7,"2045-2050"
860,7,"2050-2055"
860,7,"2055-2060"
860,7,"2060-2065"
860,7,"2065-2070"
860,7,"2070-2075"
860,7,"2075-2080"
860,7,"2080-2085"
860,7,"2085-2090"
860,7,"2090-2095"
860,7,"2095-2100"
860,8,"2015-2020"
860,8,"2020-2025"
860,8,"2025-2030"
860,8,"2030-2035"
860,8,"2035-2040"
860,8,"2040-2045"
860,8,"2045-2050"
860,8,"2050-2055"
860,8,"2055-2060"
860,8,"2060-2065"
860,8,"2065-2070"
860,8,"2070-2075"
860,8,"2075-2080"
860,8,"2080-2085"
860,8,"2085-2090"
860,8,"2090-2095"
860,8,"2095-2100"
860,9,"2015-2020"
860,9,"2020-2025"
860,9,"2025-2030"
860,9,"2030-2035"
860,9,"2035-2040"
860,9,"2040-2045"
860,9,"2045-2050"
860,9,"2050-2055"
860,9,"2055-2060"
860,9,"2060-2065"
860,9,"2065-2070"
860,9,"2070-2075"
860,9,"2075-2080"
860,9,"2080-2085"
860,9,"2085-2090"
860,9,"2090-2095"
860,9,"2095-2100"
860,202,"2015-2020"
860,202,"2020-2025"
860,202,"2025-2030"
860,202,"2030-2035"
860,202,"2035-2040"
860,202,"2040-2045"
860,202,"2045-2050"
860,202,"2050-2055"
860,202,"2055-2060"
860,202,"2060-2065"
860,202,"2065-2070"
860,202,"2070-2075"
860,202,"2075-2080"
860,202,"2080-2085"
860,202,"2085-2090"
860,202,"2090-2095"
860,202,"2095-2100"
548,3,"2015-2020"
548,3,"2020-2025"
548,3,"2025-2030"
548,3,"2030-2035"
548,3,"2035-2040"
548,3,"2040-2045"
548,3,"2045-2050"
548,3,"2050-2055"
548,3,"2055-2060"
548,3,"2060-2065"
548,3,"2065-2070"
548,3,"2070-2075"
548,3,"2075-2080"
548,3,"2080-2085"
548,3,"2085-2090"
548,3,"2090-2095"
548,3,"2095-2100"
548,4,"2015-2020"
548,4,"2020-2025"
548,4,"2025-2030"
548,4,"2030-2035"
548,4,"2035-2040"
548,4,"2040-2045"
548,4,"2045-2050"
548,4,"2050-2055"
548,4,"2055-2060"
548,4,"2060-2065"
548,4,"2065-2070"
548,4,"2070-2075"
548,4,"2075-2080"
548,4,"2080-2085"
548,4,"2085-2090"
548,4,"2090-2095"
548,4,"2095-2100"
548,5,"2015-2020"
548,5,"2020-2025"
548,5,"2025-2030"
548,5,"2030-2035"
548,5,"2035-2040"
548,5,"2040-2045"
548,5,"2045-2050"
548,5,"2050-2055"
548,5,"2055-2060"
548,5,"2060-2065"
548,5,"2065-2070"
548,5,"2070-2075"
548,5,"2075-2080"
548,5,"2080-2085"
548,5,"2085-2090"
548,5,"2090-2095"
548,5,"2095-2100"
548,6,"2015-2020"
548,6,"2020-2025"
548,6,"2025-2030"
548,6,"2030-2035"
548,6,"2035-2040"
548,6,"2040-2045"
548,6,"2045-2050"
548,6,"2050-2055"
548,6,"2055-2060"
548,6,"2060-2065"
548,6,"2065-2070"
548,6,"2070-2075"
548,6,"2075-2080"
548,6,"2080-2085"
548,6,"2085-2090"
548,6,"2090-2095"
548,6,"2095-2100"
548,7,"2015-2020"
548,7,"2020-2025"
548,7,"2025-2030"
548,7,"2030-2035"
548,7,"2035-2040"
548,7,"2040-2045"
548,7,"2045-2050"
548,7,"2050-2055"
548,7,"2055-2060"
548,7,"2060-2065"
548,7,"2065-2070"
548,7,"2070-2075"
548,7,"2075-2080"
548,7,"2080-2085"
548,7,"2085-2090"
548,7,"2090-2095"
548,7,"2095-2100"
548,8,"2015-2020"
548,8,"2020-2025"
548,8,"2025-2030"
548,8,"2030-2035"
548,8,"2035-2040"
548,8,"2040-2045"
548,8,"2045-2050"
548,8,"2050-2055"
548,8,"2055-2060"
548,8,"2060-2065"
548,8,"2065-2070"
548,8,"2070-2075"
548,8,"2075-2080"
548,8,"2080-2085"
548,8,"2085-2090"
548,8,"2090-2095"
548,8,"2095-2100"
548,9,"2015-2020"
548,9,"2020-2025"
548,9,"2025-2030"
548,9,"2030-2035"
548,9,"2035-2040"
548,9,"2040-2045"
548,9,"2045-2050"
548,9,"2050-2055"
548,9,"2055-2060"
548,9,"2060-2065"
548,9,"2065-2070"
548,9,"2070-2075"
548,9,"2075-2080"
548,9,"2080-2085"
548,9,"2085-2090"
548,9,"2090-2095"
548,9,"2095-2100"
548,202,"2015-2020"
548,202,"2020-2025"
548,202,"2025-2030"
548,202,"2030-2035"
548,202,"2035-2040"
548,202,"2040-2045"
548,202,"2045-2050"
548,202,"2050-2055"
548,202,"2055-2060"
548,202,"2060-2065"
548,202,"2065-2070"
548,202,"2070-2075"
548,202,"2075-2080"
548,202,"2080-2085"
548,202,"2085-2090"
548,202,"2090-2095"
548,202,"2095-2100"
862,3,"2015-2020"
862,3,"2020-2025"
862,3,"2025-2030"
862,3,"2030-2035"
862,3,"2035-2040"
862,3,"2040-2045"
862,3,"2045-2050"
862,3,"2050-2055"
862,3,"2055-2060"
862,3,"2060-2065"
862,3,"2065-2070"
862,3,"2070-2075"
862,3,"2075-2080"
862,3,"2080-2085"
862,3,"2085-2090"
862,3,"2090-2095"
862,3,"2095-2100"
862,4,"2015-2020"
862,4,"2020-2025"
862,4,"2025-2030"
862,4,"2030-2035"
862,4,"2035-2040"
862,4,"2040-2045"
862,4,"2045-2050"
862,4,"2050-2055"
862,4,"2055-2060"
862,4,"2060-2065"
862,4,"2065-2070"
862,4,"2070-2075"
862,4,"2075-2080"
862,4,"2080-2085"
862,4,"2085-2090"
862,4,"2090-2095"
862,4,"2095-2100"
862,5,"2015-2020"
862,5,"2020-2025"
862,5,"2025-2030"
862,5,"2030-2035"
862,5,"2035-2040"
862,5,"2040-2045"
862,5,"2045-2050"
862,5,"2050-2055"
862,5,"2055-2060"
862,5,"2060-2065"
862,5,"2065-2070"
862,5,"2070-2075"
862,5,"2075-2080"
862,5,"2080-2085"
862,5,"2085-2090"
862,5,"2090-2095"
862,5,"2095-2100"
862,6,"2015-2020"
862,6,"2020-2025"
862,6,"2025-2030"
862,6,"2030-2035"
862,6,"2035-2040"
862,6,"2040-2045"
862,6,"2045-2050"
862,6,"2050-2055"
862,6,"2055-2060"
862,6,"2060-2065"
862,6,"2065-2070"
862,6,"2070-2075"
862,6,"2075-2080"
862,6,"2080-2085"
862,6,"2085-2090"
862,6,"2090-2095"
862,6,"2095-2100"
862,7,"2015-2020"
862,7,"2020-2025"
862,7,"2025-2030"
862,7,"2030-2035"
862,7,"2035-2040"
862,7,"2040-2045"
862,7,"2045-2050"
862,7,"2050-2055"
862,7,"2055-2060"
862,7,"2060-2065"
862,7,"2065-2070"
862,7,"2070-2075"
862,7,"2075-2080"
862,7,"2080-2085"
862,7,"2085-2090"
862,7,"2090-2095"
862,7,"2095-2100"
862,8,"2015-2020"
862,8,"2020-2025"
862,8,"2025-2030"
862,8,"2030-2035"
862,8,"2035-2040"
862,8,"2040-2045"
862,8,"2045-2050"
862,8,"2050-2055"
862,8,"2055-2060"
862,8,"2060-2065"
862,8,"2065-2070"
862,8,"2070-2075"
862,8,"2075-2080"
862,8,"2080-2085"
862,8,"2085-2090"
862,8,"2090-2095"
862,8,"2095-2100"
862,9,"2015-2020"
862,9,"2020-2025"
862,9,"2025-2030"
862,9,"2030-2035"
862,9,"2035-2040"
862,9,"2040-2045"
862,9,"2045-2050"
862,9,"2050-2055"
862,9,"2055-2060"
862,9,"2060-2065"
862,9,"2065-2070"
862,9,"2070-2075"
862,9,"2075-2080"
862,9,"2080-2085"
862,9,"2085-2090"
862,9,"2090-2095"
862,9,"2095-2100"
862,202,"2015-2020"
862,202,"2020-2025"
862,202,"2025-2030"
862,202,"2030-2035"
862,202,"2035-2040"
862,202,"2040-2045"
862,202,"2045-2050"
862,202,"2050-2055"
862,202,"2055-2060"
862,202,"2060-2065"
862,202,"2065-2070"
862,202,"2070-2075"
862,202,"2075-2080"
862,202,"2080-2085"
862,202,"2085-2090"
862,202,"2090-2095"
862,202,"2095-2100"
704,3,"2015-2020"
704,3,"2020-2025"
704,3,"2025-2030"
704,3,"2030-2035"
704,3,"2035-2040"
704,3,"2040-2045"
704,3,"2045-2050"
704,3,"2050-2055"
704,3,"2055-2060"
704,3,"2060-2065"
704,3,"2065-2070"
704,3,"2070-2075"
704,3,"2075-2080"
704,3,"2080-2085"
704,3,"2085-2090"
704,3,"2090-2095"
704,3,"2095-2100"
704,4,"2015-2020"
704,4,"2020-2025"
704,4,"2025-2030"
704,4,"2030-2035"
704,4,"2035-2040"
704,4,"2040-2045"
704,4,"2045-2050"
704,4,"2050-2055"
704,4,"2055-2060"
704,4,"2060-2065"
704,4,"2065-2070"
704,4,"2070-2075"
704,4,"2075-2080"
704,4,"2080-2085"
704,4,"2085-2090"
704,4,"2090-2095"
704,4,"2095-2100"
704,5,"2015-2020"
704,5,"2020-2025"
704,5,"2025-2030"
704,5,"2030-2035"
704,5,"2035-2040"
704,5,"2040-2045"
704,5,"2045-2050"
704,5,"2050-2055"
704,5,"2055-2060"
704,5,"2060-2065"
704,5,"2065-2070"
704,5,"2070-2075"
704,5,"2075-2080"
704,5,"2080-2085"
704,5,"2085-2090"
704,5,"2090-2095"
704,5,"2095-2100"
704,6,"2015-2020"
704,6,"2020-2025"
704,6,"2025-2030"
704,6,"2030-2035"
704,6,"2035-2040"
704,6,"2040-2045"
704,6,"2045-2050"
704,6,"2050-2055"
704,6,"2055-2060"
704,6,"2060-2065"
704,6,"2065-2070"
704,6,"2070-2075"
704,6,"2075-2080"
704,6,"2080-2085"
704,6,"2085-2090"
704,6,"2090-2095"
704,6,"2095-2100"
704,7,"2015-2020"
704,7,"2020-2025"
704,7,"2025-2030"
704,7,"2030-2035"
704,7,"2035-2040"
704,7,"2040-2045"
704,7,"2045-2050"
704,7,"2050-2055"
704,7,"2055-2060"
704,7,"2060-2065"
704,7,"2065-2070"
704,7,"2070-2075"
704,7,"2075-2080"
704,7,"2080-2085"
704,7,"2085-2090"
704,7,"2090-2095"
704,7,"2095-2100"
704,8,"2015-2020"
704,8,"2020-2025"
704,8,"2025-2030"
704,8,"2030-2035"
704,8,"2035-2040"
704,8,"2040-2045"
704,8,"2045-2050"
704,8,"2050-2055"
704,8,"2055-2060"
704,8,"2060-2065"
704,8,"2065-2070"
704,8,"2070-2075"
704,8,"2075-2080"
704,8,"2080-2085"
704,8,"2085-2090"
704,8,"2090-2095"
704,8,"2095-2100"
704,9,"2015-2020"
704,9,"2020-2025"
704,9,"2025-2030"
704,9,"2030-2035"
704,9,"2035-2040"
704,9,"2040-2045"
704,9,"2045-2050"
704,9,"2050-2055"
704,9,"2055-2060"
704,9,"2060-2065"
704,9,"2065-2070"
704,9,"2070-2075"
704,9,"2075-2080"
704,9,"2080-2085"
704,9,"2085-2090"
704,9,"2090-2095"
704,9,"2095-2100"
704,202,"2015-2020"
704,202,"2020-2025"
704,202,"2025-2030"
704,202,"2030-2035"
704,202,"2035-2040"
704,202,"2040-2045"
704,202,"2045-2050"
704,202,"2050-2055"
704,202,"2055-2060"
704,202,"2060-2065"
704,202,"2065-2070"
704,202,"2070-2075"
704,202,"2075-2080"
704,202,"2080-2085"
704,202,"2085-2090"
704,202,"2090-2095"
704,202,"2095-2100"
876,3,"2015-2020"
876,3,"2020-2025"
876,3,"2025-2030"
876,3,"2030-2035"
876,3,"2035-2040"
876,3,"2040-2045"
876,3,"2045-2050"
876,3,"2050-2055"
876,3,"2055-2060"
876,3,"2060-2065"
876,3,"2065-2070"
876,3,"2070-2075"
876,3,"2075-2080"
876,3,"2080-2085"
876,3,"2085-2090"
876,3,"2090-2095"
876,3,"2095-2100"
876,4,"2015-2020"
876,4,"2020-2025"
876,4,"2025-2030"
876,4,"2030-2035"
876,4,"2035-2040"
876,4,"2040-2045"
876,4,"2045-2050"
876,4,"2050-2055"
876,4,"2055-2060"
876,4,"2060-2065"
876,4,"2065-2070"
876,4,"2070-2075"
876,4,"2075-2080"
876,4,"2080-2085"
876,4,"2085-2090"
876,4,"2090-2095"
876,4,"2095-2100"
876,5,"2015-2020"
876,5,"2020-2025"
876,5,"2025-2030"
876,5,"2030-2035"
876,5,"2035-2040"
876,5,"2040-2045"
876,5,"2045-2050"
876,5,"2050-2055"
876,5,"2055-2060"
876,5,"2060-2065"
876,5,"2065-2070"
876,5,"2070-2075"
876,5,"2075-2080"
876,5,"2080-2085"
876,5,"2085-2090"
876,5,"2090-2095"
876,5,"2095-2100"
876,6,"2015-2020"
876,6,"2020-2025"
876,6,"2025-2030"
876,6,"2030-2035"
876,6,"2035-2040"
876,6,"2040-2045"
876,6,"2045-2050"
876,6,"2050-2055"
876,6,"2055-2060"
876,6,"2060-2065"
876,6,"2065-2070"
876,6,"2070-2075"
876,6,"2075-2080"
876,6,"2080-2085"
876,6,"2085-2090"
876,6,"2090-2095"
876,6,"2095-2100"
876,7,"2015-2020"
876,7,"2020-2025"
876,7,"2025-2030"
876,7,"2030-2035"
876,7,"2035-2040"
876,7,"2040-2045"
876,7,"2045-2050"
876,7,"2050-2055"
876,7,"2055-2060"
876,7,"2060-2065"
876,7,"2065-2070"
876,7,"2070-2075"
876,7,"2075-2080"
876,7,"2080-2085"
876,7,"2085-2090"
876,7,"2090-2095"
876,7,"2095-2100"
876,8,"2015-2020"
876,8,"2020-2025"
876,8,"2025-2030"
876,8,"2030-2035"
876,8,"2035-2040"
876,8,"2040-2045"
876,8,"2045-2050"
876,8,"2050-2055"
876,8,"2055-2060"
876,8,"2060-2065"
876,8,"2065-2070"
876,8,"2070-2075"
876,8,"2075-2080"
876,8,"2080-2085"
876,8,"2085-2090"
876,8,"2090-2095"
876,8,"2095-2100"
876,9,"2015-2020"
876,9,"2020-2025"
876,9,"2025-2030"
876,9,"2030-2035"
876,9,"2035-2040"
876,9,"2040-2045"
876,9,"2045-2050"
876,9,"2050-2055"
876,9,"2055-2060"
876,9,"2060-2065"
876,9,"2065-2070"
876,9,"2070-2075"
876,9,"2075-2080"
876,9,"2080-2085"
876,9,"2085-2090"
876,9,"2090-2095"
876,9,"2095-2100"
914,3,"2015-2020"
914,3,"2020-2025"
914,3,"2025-2030"
914,3,"2030-2035"
914,3,"2035-2040"
914,3,"2040-2045"
914,3,"2045-2050"
914,3,"2050-2055"
914,3,"2055-2060"
914,3,"2060-2065"
914,3,"2065-2070"
914,3,"2070-2075"
914,3,"2075-2080"
914,3,"2080-2085"
914,3,"2085-2090"
914,3,"2090-2095"
914,3,"2095-2100"
914,4,"2015-2020"
914,4,"2020-2025"
914,4,"2025-2030"
914,4,"2030-2035"
914,4,"2035-2040"
914,4,"2040-2045"
914,4,"2045-2050"
914,4,"2050-2055"
914,4,"2055-2060"
914,4,"2060-2065"
914,4,"2065-2070"
914,4,"2070-2075"
914,4,"2075-2080"
914,4,"2080-2085"
914,4,"2085-2090"
914,4,"2090-2095"
914,4,"2095-2100"
914,5,"2015-2020"
914,5,"2020-2025"
914,5,"2025-2030"
914,5,"2030-2035"
914,5,"2035-2040"
914,5,"2040-2045"
914,5,"2045-2050"
914,5,"2050-2055"
914,5,"2055-2060"
914,5,"2060-2065"
914,5,"2065-2070"
914,5,"2070-2075"
914,5,"2075-2080"
914,5,"2080-2085"
914,5,"2085-2090"
914,5,"2090-2095"
914,5,"2095-2100"
914,6,"2015-2020"
914,6,"2020-2025"
914,6,"2025-2030"
914,6,"2030-2035"
914,6,"2035-2040"
914,6,"2040-2045"
914,6,"2045-2050"
914,6,"2050-2055"
914,6,"2055-2060"
914,6,"2060-2065"
914,6,"2065-2070"
914,6,"2070-2075"
914,6,"2075-2080"
914,6,"2080-2085"
914,6,"2085-2090"
914,6,"2090-2095"
914,6,"2095-2100"
914,7,"2015-2020"
914,7,"2020-2025"
914,7,"2025-2030"
914,7,"2030-2035"
914,7,"2035-2040"
914,7,"2040-2045"
914,7,"2045-2050"
914,7,"2050-2055"
914,7,"2055-2060"
914,7,"2060-2065"
914,7,"2065-2070"
914,7,"2070-2075"
914,7,"2075-2080"
914,7,"2080-2085"
914,7,"2085-2090"
914,7,"2090-2095"
914,7,"2095-2100"
914,8,"2015-2020"
914,8,"2020-2025"
914,8,"2025-2030"
914,8,"2030-2035"
914,8,"2035-2040"
914,8,"2040-2045"
914,8,"2045-2050"
914,8,"2050-2055"
914,8,"2055-2060"
914,8,"2060-2065"
914,8,"2065-2070"
914,8,"2070-2075"
914,8,"2075-2080"
914,8,"2080-2085"
914,8,"2085-2090"
914,8,"2090-2095"
914,8,"2095-2100"
914,9,"2015-2020"
914,9,"2020-2025"
914,9,"2025-2030"
914,9,"2030-2035"
914,9,"2035-2040"
914,9,"2040-2045"
914,9,"2045-2050"
914,9,"2050-2055"
914,9,"2055-2060"
914,9,"2060-2065"
914,9,"2065-2070"
914,9,"2070-2075"
914,9,"2075-2080"
914,9,"2080-2085"
914,9,"2085-2090"
914,9,"2090-2095"
914,9,"2095-2100"
922,3,"2015-2020"
922,3,"2020-2025"
922,3,"2025-2030"
922,3,"2030-2035"
922,3,"2035-2040"
922,3,"2040-2045"
922,3,"2045-2050"
922,3,"2050-2055"
922,3,"2055-2060"
922,3,"2060-2065"
922,3,"2065-2070"
922,3,"2070-2075"
922,3,"2075-2080"
922,3,"2080-2085"
922,3,"2085-2090"
922,3,"2090-2095"
922,3,"2095-2100"
922,4,"2015-2020"
922,4,"2020-2025"
922,4,"2025-2030"
922,4,"2030-2035"
922,4,"2035-2040"
922,4,"2040-2045"
922,4,"2045-2050"
922,4,"2050-2055"
922,4,"2055-2060"
922,4,"2060-2065"
922,4,"2065-2070"
922,4,"2070-2075"
922,4,"2075-2080"
922,4,"2080-2085"
922,4,"2085-2090"
922,4,"2090-2095"
922,4,"2095-2100"
922,5,"2015-2020"
922,5,"2020-2025"
922,5,"2025-2030"
922,5,"2030-2035"
922,5,"2035-2040"
922,5,"2040-2045"
922,5,"2045-2050"
922,5,"2050-2055"
922,5,"2055-2060"
922,5,"2060-2065"
922,5,"2065-2070"
922,5,"2070-2075"
922,5,"2075-2080"
922,5,"2080-2085"
922,5,"2085-2090"
922,5,"2090-2095"
922,5,"2095-2100"
922,6,"2015-2020"
922,6,"2020-2025"
922,6,"2025-2030"
922,6,"2030-2035"
922,6,"2035-2040"
922,6,"2040-2045"
922,6,"2045-2050"
922,6,"2050-2055"
922,6,"2055-2060"
922,6,"2060-2065"
922,6,"2065-2070"
922,6,"2070-2075"
922,6,"2075-2080"
922,6,"2080-2085"
922,6,"2085-2090"
922,6,"2090-2095"
922,6,"2095-2100"
922,7,"2015-2020"
922,7,"2020-2025"
922,7,"2025-2030"
922,7,"2030-2035"
922,7,"2035-2040"
922,7,"2040-2045"
922,7,"2045-2050"
922,7,"2050-2055"
922,7,"2055-2060"
922,7,"2060-2065"
922,7,"2065-2070"
922,7,"2070-2075"
922,7,"2075-2080"
922,7,"2080-2085"
922,7,"2085-2090"
922,7,"2090-2095"
922,7,"2095-2100"
922,8,"2015-2020"
922,8,"2020-2025"
922,8,"2025-2030"
922,8,"2030-2035"
922,8,"2035-2040"
922,8,"2040-2045"
922,8,"2045-2050"
922,8,"2050-2055"
922,8,"2055-2060"
922,8,"2060-2065"
922,8,"2065-2070"
922,8,"2070-2075"
922,8,"2075-2080"
922,8,"2080-2085"
922,8,"2085-2090"
922,8,"2090-2095"
922,8,"2095-2100"
922,9,"2015-2020"
922,9,"2020-2025"
922,9,"2025-2030"
922,9,"2030-2035"
922,9,"2035-2040"
922,9,"2040-2045"
922,9,"2045-2050"
922,9,"2050-2055"
922,9,"2055-2060"
922,9,"2060-2065"
922,9,"2065-2070"
922,9,"2070-2075"
922,9,"2075-2080"
922,9,"2080-2085"
922,9,"2085-2090"
922,9,"2090-2095"
922,9,"2095-2100"
926,3,"2015-2020"
926,3,"2020-2025"
926,3,"2025-2030"
926,3,"2030-2035"
926,3,"2035-2040"
926,3,"2040-2045"
926,3,"2045-2050"
926,3,"2050-2055"
926,3,"2055-2060"
926,3,"2060-2065"
926,3,"2065-2070"
926,3,"2070-2075"
926,3,"2075-2080"
926,3,"2080-2085"
926,3,"2085-2090"
926,3,"2090-2095"
926,3,"2095-2100"
926,4,"2015-2020"
926,4,"2020-2025"
926,4,"2025-2030"
926,4,"2030-2035"
926,4,"2035-2040"
926,4,"2040-2045"
926,4,"2045-2050"
926,4,"2050-2055"
926,4,"2055-2060"
926,4,"2060-2065"
926,4,"2065-2070"
926,4,"2070-2075"
926,4,"2075-2080"
926,4,"2080-2085"
926,4,"2085-2090"
926,4,"2090-2095"
926,4,"2095-2100"
926,5,"2015-2020"
926,5,"2020-2025"
926,5,"2025-2030"
926,5,"2030-2035"
926,5,"2035-2040"
926,5,"2040-2045"
926,5,"2045-2050"
926,5,"2050-2055"
926,5,"2055-2060"
926,5,"2060-2065"
926,5,"2065-2070"
926,5,"2070-2075"
926,5,"2075-2080"
926,5,"2080-2085"
926,5,"2085-2090"
926,5,"2090-2095"
926,5,"2095-2100"
926,6,"2015-2020"
926,6,"2020-2025"
926,6,"2025-2030"
926,6,"2030-2035"
926,6,"2035-2040"
926,6,"2040-2045"
926,6,"2045-2050"
926,6,"2050-2055"
926,6,"2055-2060"
926,6,"2060-2065"
926,6,"2065-2070"
926,6,"2070-2075"
926,6,"2075-2080"
926,6,"2080-2085"
926,6,"2085-2090"
926,6,"2090-2095"
926,6,"2095-2100"
926,7,"2015-2020"
926,7,"2020-2025"
926,7,"2025-2030"
926,7,"2030-2035"
926,7,"2035-2040"
926,7,"2040-2045"
926,7,"2045-2050"
926,7,"2050-2055"
926,7,"2055-2060"
926,7,"2060-2065"
926,7,"2065-2070"
926,7,"2070-2075"
926,7,"2075-2080"
926,7,"2080-2085"
926,7,"2085-2090"
926,7,"2090-2095"
926,7,"2095-2100"
926,8,"2015-2020"
926,8,"2020-2025"
926,8,"2025-2030"
926,8,"2030-2035"
926,8,"2035-2040"
926,8,"2040-2045"
926,8,"2045-2050"
926,8,"2050-2055"
926,8,"2055-2060"
926,8,"2060-2065"
926,8,"2065-2070"
926,8,"2070-2075"
926,8,"2075-2080"
926,8,"2080-2085"
926,8,"2085-2090"
926,8,"2090-2095"
926,8,"2095-2100"
926,9,"2015-2020"
926,9,"2020-2025"
926,9,"2025-2030"
926,9,"2030-2035"
926,9,"2035-2040"
926,9,"2040-2045"
926,9,"2045-2050"
926,9,"2050-2055"
926,9,"2055-2060"
926,9,"2060-2065"
926,9,"2065-2070"
926,9,"2070-2075"
926,9,"2075-2080"
926,9,"2080-2085"
926,9,"2085-2090"
926,9,"2090-2095"
926,9,"2095-2100"
732,3,"2015-2020"
732,3,"2020-2025"
732,3,"2025-2030"
732,3,"2030-2035"
732,3,"2035-2040"
732,3,"2040-2045"
732,3,"2045-2050"
732,3,"2050-2055"
732,3,"2055-2060"
732,3,"2060-2065"
732,3,"2065-2070"
732,3,"2070-2075"
732,3,"2075-2080"
732,3,"2080-2085"
732,3,"2085-2090"
732,3,"2090-2095"
732,3,"2095-2100"
732,4,"2015-2020"
732,4,"2020-2025"
732,4,"2025-2030"
732,4,"2030-2035"
732,4,"2035-2040"
732,4,"2040-2045"
732,4,"2045-2050"
732,4,"2050-2055"
732,4,"2055-2060"
732,4,"2060-2065"
732,4,"2065-2070"
732,4,"2070-2075"
732,4,"2075-2080"
732,4,"2080-2085"
732,4,"2085-2090"
732,4,"2090-2095"
732,4,"2095-2100"
732,5,"2015-2020"
732,5,"2020-2025"
732,5,"2025-2030"
732,5,"2030-2035"
732,5,"2035-2040"
732,5,"2040-2045"
732,5,"2045-2050"
732,5,"2050-2055"
732,5,"2055-2060"
732,5,"2060-2065"
732,5,"2065-2070"
732,5,"2070-2075"
732,5,"2075-2080"
732,5,"2080-2085"
732,5,"2085-2090"
732,5,"2090-2095"
732,5,"2095-2100"
732,6,"2015-2020"
732,6,"2020-2025"
732,6,"2025-2030"
732,6,"2030-2035"
732,6,"2035-2040"
732,6,"2040-2045"
732,6,"2045-2050"
732,6,"2050-2055"
732,6,"2055-2060"
732,6,"2060-2065"
732,6,"2065-2070"
732,6,"2070-2075"
732,6,"2075-2080"
732,6,"2080-2085"
732,6,"2085-2090"
732,6,"2090-2095"
732,6,"2095-2100"
732,7,"2015-2020"
732,7,"2020-2025"
732,7,"2025-2030"
732,7,"2030-2035"
732,7,"2035-2040"
732,7,"2040-2045"
732,7,"2045-2050"
732,7,"2050-2055"
732,7,"2055-2060"
732,7,"2060-2065"
732,7,"2065-2070"
732,7,"2070-2075"
732,7,"2075-2080"
732,7,"2080-2085"
732,7,"2085-2090"
732,7,"2090-2095"
732,7,"2095-2100"
732,8,"2015-2020"
732,8,"2020-2025"
732,8,"2025-2030"
732,8,"2030-2035"
732,8,"2035-2040"
732,8,"2040-2045"
732,8,"2045-2050"
732,8,"2050-2055"
732,8,"2055-2060"
732,8,"2060-2065"
732,8,"2065-2070"
732,8,"2070-2075"
732,8,"2075-2080"
732,8,"2080-2085"
732,8,"2085-2090"
732,8,"2090-2095"
732,8,"2095-2100"
732,9,"2015-2020"
732,9,"2020-2025"
732,9,"2025-2030"
732,9,"2030-2035"
732,9,"2035-2040"
732,9,"2040-2045"
732,9,"2045-2050"
732,9,"2050-2055"
732,9,"2055-2060"
732,9,"2060-2065"
732,9,"2065-2070"
732,9,"2070-2075"
732,9,"2075-2080"
732,9,"2080-2085"
732,9,"2085-2090"
732,9,"2090-2095"
732,9,"2095-2100"
732,202,"2015-2020"
732,202,"2020-2025"
732,202,"2025-2030"
732,202,"2030-2035"
732,202,"2035-2040"
732,202,"2040-2045"
732,202,"2045-2050"
732,202,"2050-2055"
732,202,"2055-2060"
732,202,"2060-2065"
732,202,"2065-2070"
732,202,"2070-2075"
732,202,"2075-2080"
732,202,"2080-2085"
732,202,"2085-2090"
732,202,"2090-2095"
732,202,"2095-2100"
900,3,"2015-2020"
900,3,"2020-2025"
900,3,"2025-2030"
900,3,"2030-2035"
900,3,"2035-2040"
900,3,"2040-2045"
900,3,"2045-2050"
900,3,"2050-2055"
900,3,"2055-2060"
900,3,"2060-2065"
900,3,"2065-2070"
900,3,"2070-2075"
900,3,"2075-2080"
900,3,"2080-2085"
900,3,"2085-2090"
900,3,"2090-2095"
900,3,"2095-2100"
900,4,"2015-2020"
900,4,"2020-2025"
900,4,"2025-2030"
900,4,"2030-2035"
900,4,"2035-2040"
900,4,"2040-2045"
900,4,"2045-2050"
900,4,"2050-2055"
900,4,"2055-2060"
900,4,"2060-2065"
900,4,"2065-2070"
900,4,"2070-2075"
900,4,"2075-2080"
900,4,"2080-2085"
900,4,"2085-2090"
900,4,"2090-2095"
900,4,"2095-2100"
900,5,"2015-2020"
900,5,"2020-2025"
900,5,"2025-2030"
900,5,"2030-2035"
900,5,"2035-2040"
900,5,"2040-2045"
900,5,"2045-2050"
900,5,"2050-2055"
900,5,"2055-2060"
900,5,"2060-2065"
900,5,"2065-2070"
900,5,"2070-2075"
900,5,"2075-2080"
900,5,"2080-2085"
900,5,"2085-2090"
900,5,"2090-2095"
900,5,"2095-2100"
900,6,"2015-2020"
900,6,"2020-2025"
900,6,"2025-2030"
900,6,"2030-2035"
900,6,"2035-2040"
900,6,"2040-2045"
900,6,"2045-2050"
900,6,"2050-2055"
900,6,"2055-2060"
900,6,"2060-2065"
900,6,"2065-2070"
900,6,"2070-2075"
900,6,"2075-2080"
900,6,"2080-2085"
900,6,"2085-2090"
900,6,"2090-2095"
900,6,"2095-2100"
900,7,"2015-2020"
900,7,"2020-2025"
900,7,"2025-2030"
900,7,"2030-2035"
900,7,"2035-2040"
900,7,"2040-2045"
900,7,"2045-2050"
900,7,"2050-2055"
900,7,"2055-2060"
900,7,"2060-2065"
900,7,"2065-2070"
900,7,"2070-2075"
900,7,"2075-2080"
900,7,"2080-2085"
900,7,"2085-2090"
900,7,"2090-2095"
900,7,"2095-2100"
900,8,"2015-2020"
900,8,"2020-2025"
900,8,"2025-2030"
900,8,"2030-2035"
900,8,"2035-2040"
900,8,"2040-2045"
900,8,"2045-2050"
900,8,"2050-2055"
900,8,"2055-2060"
900,8,"2060-2065"
900,8,"2065-2070"
900,8,"2070-2075"
900,8,"2075-2080"
900,8,"2080-2085"
900,8,"2085-2090"
900,8,"2090-2095"
900,8,"2095-2100"
900,9,"2015-2020"
900,9,"2020-2025"
900,9,"2025-2030"
900,9,"2030-2035"
900,9,"2035-2040"
900,9,"2040-2045"
900,9,"2045-2050"
900,9,"2050-2055"
900,9,"2055-2060"
900,9,"2060-2065"
900,9,"2065-2070"
900,9,"2070-2075"
900,9,"2075-2080"
900,9,"2080-2085"
900,9,"2085-2090"
900,9,"2090-2095"
900,9,"2095-2100"
887,3,"2015-2020"
887,3,"2020-2025"
887,3,"2025-2030"
887,3,"2030-2035"
887,3,"2035-2040"
887,3,"2040-2045"
887,3,"2045-2050"
887,3,"2050-2055"
887,3,"2055-2060"
887,3,"2060-2065"
887,3,"2065-2070"
887,3,"2070-2075"
887,3,"2075-2080"
887,3,"2080-2085"
887,3,"2085-2090"
887,3,"2090-2095"
887,3,"2095-2100"
887,4,"2015-2020"
887,4,"2020-2025"
887,4,"2025-2030"
887,4,"2030-2035"
887,4,"2035-2040"
887,4,"2040-2045"
887,4,"2045-2050"
887,4,"2050-2055"
887,4,"2055-2060"
887,4,"2060-2065"
887,4,"2065-2070"
887,4,"2070-2075"
887,4,"2075-2080"
887,4,"2080-2085"
887,4,"2085-2090"
887,4,"2090-2095"
887,4,"2095-2100"
887,5,"2015-2020"
887,5,"2020-2025"
887,5,"2025-2030"
887,5,"2030-2035"
887,5,"2035-2040"
887,5,"2040-2045"
887,5,"2045-2050"
887,5,"2050-2055"
887,5,"2055-2060"
887,5,"2060-2065"
887,5,"2065-2070"
887,5,"2070-2075"
887,5,"2075-2080"
887,5,"2080-2085"
887,5,"2085-2090"
887,5,"2090-2095"
887,5,"2095-2100"
887,6,"2015-2020"
887,6,"2020-2025"
887,6,"2025-2030"
887,6,"2030-2035"
887,6,"2035-2040"
887,6,"2040-2045"
887,6,"2045-2050"
887,6,"2050-2055"
887,6,"2055-2060"
887,6,"2060-2065"
887,6,"2065-2070"
887,6,"2070-2075"
887,6,"2075-2080"
887,6,"2080-2085"
887,6,"2085-2090"
887,6,"2090-2095"
887,6,"2095-2100"
887,7,"2015-2020"
887,7,"2020-2025"
887,7,"2025-2030"
887,7,"2030-2035"
887,7,"2035-2040"
887,7,"2040-2045"
887,7,"2045-2050"
887,7,"2050-2055"
887,7,"2055-2060"
887,7,"2060-2065"
887,7,"2065-2070"
887,7,"2070-2075"
887,7,"2075-2080"
887,7,"2080-2085"
887,7,"2085-2090"
887,7,"2090-2095"
887,7,"2095-2100"
887,8,"2015-2020"
887,8,"2020-2025"
887,8,"2025-2030"
887,8,"2030-2035"
887,8,"2035-2040"
887,8,"2040-2045"
887,8,"2045-2050"
887,8,"2050-2055"
887,8,"2055-2060"
887,8,"2060-2065"
887,8,"2065-2070"
887,8,"2070-2075"
887,8,"2075-2080"
887,8,"2080-2085"
887,8,"2085-2090"
887,8,"2090-2095"
887,8,"2095-2100"
887,9,"2015-2020"
887,9,"2020-2025"
887,9,"2025-2030"
887,9,"2030-2035"
887,9,"2035-2040"
887,9,"2040-2045"
887,9,"2045-2050"
887,9,"2050-2055"
887,9,"2055-2060"
887,9,"2060-2065"
887,9,"2065-2070"
887,9,"2070-2075"
887,9,"2075-2080"
887,9,"2080-2085"
887,9,"2085-2090"
887,9,"2090-2095"
887,9,"2095-2100"
887,202,"2015-2020"
887,202,"2020-2025"
887,202,"2025-2030"
887,202,"2030-2035"
887,202,"2035-2040"
887,202,"2040-2045"
887,202,"2045-2050"
887,202,"2050-2055"
887,202,"2055-2060"
887,202,"2060-2065"
887,202,"2065-2070"
887,202,"2070-2075"
887,202,"2075-2080"
887,202,"2080-2085"
887,202,"2085-2090"
887,202,"2090-2095"
887,202,"2095-2100"
894,3,"2015-2020"
894,3,"2020-2025"
894,3,"2025-2030"
894,3,"2030-2035"
894,3,"2035-2040"
894,3,"2040-2045"
894,3,"2045-2050"
894,3,"2050-2055"
894,3,"2055-2060"
894,3,"2060-2065"
894,3,"2065-2070"
894,3,"2070-2075"
894,3,"2075-2080"
894,3,"2080-2085"
894,3,"2085-2090"
894,3,"2090-2095"
894,3,"2095-2100"
894,4,"2015-2020"
894,4,"2020-2025"
894,4,"2025-2030"
894,4,"2030-2035"
894,4,"2035-2040"
894,4,"2040-2045"
894,4,"2045-2050"
894,4,"2050-2055"
894,4,"2055-2060"
894,4,"2060-2065"
894,4,"2065-2070"
894,4,"2070-2075"
894,4,"2075-2080"
894,4,"2080-2085"
894,4,"2085-2090"
894,4,"2090-2095"
894,4,"2095-2100"
894,5,"2015-2020"
894,5,"2020-2025"
894,5,"2025-2030"
894,5,"2030-2035"
894,5,"2035-2040"
894,5,"2040-2045"
894,5,"2045-2050"
894,5,"2050-2055"
894,5,"2055-2060"
894,5,"2060-2065"
894,5,"2065-2070"
894,5,"2070-2075"
894,5,"2075-2080"
894,5,"2080-2085"
894,5,"2085-2090"
894,5,"2090-2095"
894,5,"2095-2100"
894,6,"2015-2020"
894,6,"2020-2025"
894,6,"2025-2030"
894,6,"2030-2035"
894,6,"2035-2040"
894,6,"2040-2045"
894,6,"2045-2050"
894,6,"2050-2055"
894,6,"2055-2060"
894,6,"2060-2065"
894,6,"2065-2070"
894,6,"2070-2075"
894,6,"2075-2080"
894,6,"2080-2085"
894,6,"2085-2090"
894,6,"2090-2095"
894,6,"2095-2100"
894,7,"2015-2020"
894,7,"2020-2025"
894,7,"2025-2030"
894,7,"2030-2035"
894,7,"2035-2040"
894,7,"2040-2045"
894,7,"2045-2050"
894,7,"2050-2055"
894,7,"2055-2060"
894,7,"2060-2065"
894,7,"2065-2070"
894,7,"2070-2075"
894,7,"2075-2080"
894,7,"2080-2085"
894,7,"2085-2090"
894,7,"2090-2095"
894,7,"2095-2100"
894,8,"2015-2020"
894,8,"2020-2025"
894,8,"2025-2030"
894,8,"2030-2035"
894,8,"2035-2040"
894,8,"2040-2045"
894,8,"2045-2050"
894,8,"2050-2055"
894,8,"2055-2060"
894,8,"2060-2065"
894,8,"2065-2070"
894,8,"2070-2075"
894,8,"2075-2080"
894,8,"2080-2085"
894,8,"2085-2090"
894,8,"2090-2095"
894,8,"2095-2100"
894,9,"2015-2020"
894,9,"2020-2025"
894,9,"2025-2030"
894,9,"2030-2035"
894,9,"2035-2040"
894,9,"2040-2045"
894,9,"2045-2050"
894,9,"2050-2055"
894,9,"2055-2060"
894,9,"2060-2065"
894,9,"2065-2070"
894,9,"2070-2075"
894,9,"2075-2080"
894,9,"2080-2085"
894,9,"2085-2090"
894,9,"2090-2095"
894,9,"2095-2100"
894,202,"2015-2020"
894,202,"2020-2025"
894,202,"2025-2030"
894,202,"2030-2035"
894,202,"2035-2040"
894,202,"2040-2045"
894,202,"2045-2050"
894,202,"2050-2055"
894,202,"2055-2060"
894,202,"2060-2065"
894,202,"2065-2070"
894,202,"2070-2075"
894,202,"2075-2080"
894,202,"2080-2085"
894,202,"2085-2090"
894,202,"2090-2095"
894,202,"2095-2100"
716,3,"2015-2020"
716,3,"2020-2025"
716,3,"2025-2030"
716,3,"2030-2035"
716,3,"2035-2040"
716,3,"2040-2045"
716,3,"2045-2050"
716,3,"2050-2055"
716,3,"2055-2060"
716,3,"2060-2065"
716,3,"2065-2070"
716,3,"2070-2075"
716,3,"2075-2080"
716,3,"2080-2085"
716,3,"2085-2090"
716,3,"2090-2095"
716,3,"2095-2100"
716,4,"2015-2020"
716,4,"2020-2025"
716,4,"2025-2030"
716,4,"2030-2035"
716,4,"2035-2040"
716,4,"2040-2045"
716,4,"2045-2050"
716,4,"2050-2055"
716,4,"2055-2060"
716,4,"2060-2065"
716,4,"2065-2070"
716,4,"2070-2075"
716,4,"2075-2080"
716,4,"2080-2085"
716,4,"2085-2090"
716,4,"2090-2095"
716,4,"2095-2100"
716,5,"2015-2020"
716,5,"2020-2025"
716,5,"2025-2030"
716,5,"2030-2035"
716,5,"2035-2040"
716,5,"2040-2045"
716,5,"2045-2050"
716,5,"2050-2055"
716,5,"2055-2060"
716,5,"2060-2065"
716,5,"2065-2070"
716,5,"2070-2075"
716,5,"2075-2080"
716,5,"2080-2085"
716,5,"2085-2090"
716,5,"2090-2095"
716,5,"2095-2100"
716,6,"2015-2020"
716,6,"2020-2025"
716,6,"2025-2030"
716,6,"2030-2035"
716,6,"2035-2040"
716,6,"2040-2045"
716,6,"2045-2050"
716,6,"2050-2055"
716,6,"2055-2060"
716,6,"2060-2065"
716,6,"2065-2070"
716,6,"2070-2075"
716,6,"2075-2080"
716,6,"2080-2085"
716,6,"2085-2090"
716,6,"2090-2095"
716,6,"2095-2100"
716,7,"2015-2020"
716,7,"2020-2025"
716,7,"2025-2030"
716,7,"2030-2035"
716,7,"2035-2040"
716,7,"2040-2045"
716,7,"2045-2050"
716,7,"2050-2055"
716,7,"2055-2060"
716,7,"2060-2065"
716,7,"2065-2070"
716,7,"2070-2075"
716,7,"2075-2080"
716,7,"2080-2085"
716,7,"2085-2090"
716,7,"2090-2095"
716,7,"2095-2100"
716,8,"2015-2020"
716,8,"2020-2025"
716,8,"2025-2030"
716,8,"2030-2035"
716,8,"2035-2040"
716,8,"2040-2045"
716,8,"2045-2050"
716,8,"2050-2055"
716,8,"2055-2060"
716,8,"2060-2065"
716,8,"2065-2070"
716,8,"2070-2075"
716,8,"2075-2080"
716,8,"2080-2085"
716,8,"2085-2090"
716,8,"2090-2095"
716,8,"2095-2100"
716,9,"2015-2020"
716,9,"2020-2025"
716,9,"2025-2030"
716,9,"2030-2035"
716,9,"2035-2040"
716,9,"2040-2045"
716,9,"2045-2050"
716,9,"2050-2055"
716,9,"2055-2060"
716,9,"2060-2065"
716,9,"2065-2070"
716,9,"2070-2075"
716,9,"2075-2080"
716,9,"2080-2085"
716,9,"2085-2090"
716,9,"2090-2095"
716,9,"2095-2100"
716,202,"2015-2020"
716,202,"2020-2025"
716,202,"2025-2030"
716,202,"2030-2035"
716,202,"2035-2040"
716,202,"2040-2045"
716,202,"2045-2050"
716,202,"2050-2055"
716,202,"2055-2060"
716,202,"2060-2065"
716,202,"2065-2070"
716,202,"2070-2075"
716,202,"2075-2080"
716,202,"2080-2085"
716,202,"2085-2090"
716,202,"2090-2095"
716,202,"2095-2100"
